Sunspot positions and areas from observations by Christoph Scheiner and Fabio Colonna defined by Vokhmyanin, Arlt, and Zolotova (in Solar Physics 2020).

Method II: the proper orientation of the solar axis and the time of observation are defined by means of minimization of the day-to-day variability of sunspot latitudes.

Draw - Number of drawing;
Place - Location of the observer;
YYYY - Year;
MM - Month;
DD - Day;
HH - UT Hour (Time of observation defined by means of Method II);
MI- Minute (Time of observation defined by means of Method II);
G - Arbitrary number of sunspot group;
Sp - Arbitrary number of sunspot;
BBB.BB - Heliographic latitude. Southern latitudes are negative;
LLL.LL - Heliographic longitude in the Carrington rotation frame;
B0 - Heliographic latitude of apparent disk center;
L0 - Heliographic longitude of apparent disk center;
P - Position angle;
Rot - Rotation angle of solar image in x-y plane;
q - Parallactic angle;
Alt - Altitude;
Azm - Azimuth;
Area - Area of the sunspot in millionths of the solar hemisphere (msh);
alpha - Angular distance on the surface of the Sun from the center of the disk to the area-weighted position of the object.



Draw	Place		YYYY	MM	DD	HH	MI	G	Sp	BBB.BB	LLL.LL	B0	L0	P	Rot	q	Alt	Azm	Area	alpha	Comment1	Ingolstadt 	1613	8	1	13	55	1	1	-21.03	127.59	6.2	183.54	11.57	-25.01	36.59	46.15	239.31	348	61.25	This first drawing is the observation by Scheiner from the same archive which was sent by Marcus Welser to Galileo Galilei on 18 October 1613.1	Ingolstadt 	1613	8	1	13	55	1	2	-22.12	123.67	6.2	183.54	11.57	-25.01	36.59	46.15	239.31	390	65.06	1	Ingolstadt 	1613	8	1	13	55	2	3	-8.01	136.85	6.2	183.54	11.57	-25.01	36.59	46.15	239.31	465	48.67	1	Ingolstadt 	1613	8	1	13	55	2	4	-5.51	129.85	6.2	183.54	11.57	-25.01	36.59	46.15	239.31	239	54.85	1	Ingolstadt 	1613	8	1	13	55	2	5	-4.89	121.34	6.2	183.54	11.57	-25.01	36.59	46.15	239.31	256	63.08	1	Ingolstadt 	1613	8	1	13	55	3	6	-12.65	201.46	6.2	183.54	11.57	-25.01	36.59	46.15	239.31	98	25.93	1	Ingolstadt 	1613	8	1	13	55	3	7	-11.01	197.52	6.2	183.54	11.57	-25.01	36.59	46.15	239.31	99	22.14	1	Ingolstadt 	1613	8	1	13	55	4	8	17.74	220.42	6.2	183.54	11.57	-25.01	36.59	46.15	239.31	105	37.79	1	Ingolstadt 	1613	8	1	13	55	4	9	18.77	216.26	6.2	183.54	11.57	-25.01	36.59	46.15	239.31	88	34.25	1	Ingolstadt 	1613	8	1	13	55	5	10	2.58	224.4	6.2	183.54	11.57	-25.01	36.59	46.15	239.31	366	40.89	1	Ingolstadt 	1613	8	1	13	55	5	11	2.54	218.51	6.2	183.54	11.57	-25.01	36.59	46.15	239.31	164	35.05	1	Ingolstadt 	1613	8	1	13	55	5	12	-3.78	217.5	6.2	183.54	11.57	-25.01	36.59	46.15	239.31	203	35.35	1	Ingolstadt 	1613	8	1	13	55	5	13	-2.03	225.1	6.2	183.54	11.57	-25.01	36.59	46.15	239.31	314	42.3	1	Ingolstadt 	1613	8	1	13	55	6	14	12.07	244.63	6.2	183.54	11.57	-25.01	36.59	46.15	239.31	219	60.5	1	Ingolstadt 	1613	8	1	13	55	7	15	-5.71	260.01	6.2	183.54	11.57	-25.01	36.59	46.15	239.31	998	77.26																						2	Naples		1613	8	1	16	28	2	3	-5.94	133.66	6.2	182.13	11.62	-40.41	52.02	19.13	277.58	132	49.88	Further, the observations by Colonna are listed.2	Naples		1613	8	1	16	28	2	4	-5.14	127.98	6.2	182.13	11.62	-40.41	52.02	19.13	277.58	97	55.24	2	Naples		1613	8	1	16	28	2	5	-4.76	121.4	6.2	182.13	11.62	-40.41	52.02	19.13	277.58	204	61.62	2	Naples		1613	8	1	16	28	4	8	16.3	217.76	6.2	182.13	11.62	-40.41	52.02	19.13	277.58	139	36.31	2	Naples		1613	8	1	16	28	5	10	4.06	222.25	6.2	182.13	11.62	-40.41	52.02	19.13	277.58	283	40	2	Naples		1613	8	1	16	28	6	14	17.69	237.02	6.2	182.13	11.62	-40.41	52.02	19.13	277.58	184	54.72																						3	Naples		1613	8	2	13	36	2	7	-11.55	135.39	6.26	170.49	11.97	-34.05	46.02	50.83	244.97	243	39.19	3	Naples		1613	8	2	13	36	2	16	-11.26	132.56	6.26	170.49	11.97	-34.05	46.02	50.83	244.97	129	41.6	3	Naples		1613	8	2	13	36	2	17	-11.13	129.99	6.26	170.49	11.97	-34.05	46.02	50.83	244.97	95	43.89	3	Naples		1613	8	2	13	36	2	18	-10.9	126.95	6.26	170.49	11.97	-34.05	46.02	50.83	244.97	109	46.61	3	Naples		1613	8	2	13	36	2	19	-10.8	124.87	6.26	170.49	11.97	-34.05	46.02	50.83	244.97	30	48.51	3	Naples		1613	8	2	13	36	5	10	-10.53	205.02	6.26	170.49	11.97	-34.05	46.02	50.83	244.97	27	38.27	3	Naples		1613	8	2	13	36	5	11	-9.5	200.48	6.26	170.49	11.97	-34.05	46.02	50.83	244.97	71	33.78	3	Naples		1613	8	2	13	36	6	14	6.7	219.35	6.26	170.49	11.97	-34.05	46.02	50.83	244.97	197	48.54																						4	Naples		1613	8	5	15	45	2	7	-10	136.31	6.44	129.64	13.19	-39.06	52.25	26.54	269.91	313	17.73	4	Naples		1613	8	5	15	45	2	16	-9.53	132.75	6.44	129.64	13.19	-39.06	52.25	26.54	269.91	208	16.27	4	Naples		1613	8	5	15	45	2	17	-9.37	129.72	6.44	129.64	13.19	-39.06	52.25	26.54	269.91	61	15.81	4	Naples		1613	8	5	15	45	2	18	-8.77	128.06	6.44	129.64	13.19	-39.06	52.25	26.54	269.91	25	15.29	4	Naples		1613	8	5	15	45	2	19	-9.41	125.29	6.44	129.64	13.19	-39.06	52.25	26.54	269.91	60	16.43	4	Naples		1613	8	5	15	45	2	20	-9.7	121.79	6.44	129.64	13.19	-39.06	52.25	26.54	269.91	79	17.93	4	Naples		1613	8	5	15	45	2	21	-10.03	118.84	6.44	129.64	13.19	-39.06	52.25	26.54	269.91	65	19.67	4	Naples		1613	8	5	15	45	2	22	-10.84	115.46	6.44	129.64	13.19	-39.06	52.25	26.54	269.91	56	22.31																						5	Naples		1613	8	6	13	48	2	7	-13.39	136.4	6.49	117.49	13.54	-33.03	46.58	47.95	246.9	298	27.35	5	Naples		1613	8	6	13	48	2	16	-13.06	132.89	6.49	117.49	13.54	-33.03	46.58	47.95	246.9	218	24.83	5	Naples		1613	8	6	13	48	2	17	-12.32	129.61	6.49	117.49	13.54	-33.03	46.58	47.95	246.9	96	22.34	5	Naples		1613	8	6	13	48	2	18	-11.63	126.72	6.49	117.49	13.54	-33.03	46.58	47.95	246.9	132	20.31	5	Naples		1613	8	6	13	48	2	19	-11.18	124.01	6.49	117.49	13.54	-33.03	46.58	47.95	246.9	63	18.82	5	Naples		1613	8	6	13	48	2	20	-10.95	121.51	6.49	117.49	13.54	-33.03	46.58	47.95	246.9	54	17.89	5	Naples		1613	8	6	13	48	2	21	-11.31	118.83	6.49	117.49	13.54	-33.03	46.58	47.95	246.9	53	17.85	5	Naples		1613	8	6	13	48	8	23	-26.41	88.69	6.49	117.49	13.54	-33.03	46.58	47.95	246.9	73	43.15	5	Naples		1613	8	6	13	48	9	24	-23.31	57.42	6.49	117.49	13.54	-33.03	46.58	47.95	246.9	297	65.76																						6	Naples		1613	8	7	13	21	2	7	-9.4	137.6	6.54	104.52	13.92	-28.85	42.77	52.3	239.45	242	36.62	6	Naples		1613	8	7	13	21	2	16	-7.81	133.1	6.54	104.52	13.92	-28.85	42.77	52.3	239.45	146	31.92	6	Naples		1613	8	7	13	21	2	17	-7.62	128.93	6.54	104.52	13.92	-28.85	42.77	52.3	239.45	109	28.17	6	Naples		1613	8	7	13	21	2	18	-6.75	124.98	6.54	104.52	13.92	-28.85	42.77	52.3	239.45	153	24.36	6	Naples		1613	8	7	13	21	8	23	-17.88	95.36	6.54	104.52	13.92	-28.85	42.77	52.3	239.45	93	26.04	6	Naples		1613	8	7	13	21	9	24	-14.21	65.13	6.54	104.52	13.92	-28.85	42.77	52.3	239.45	346	44.25	6	Naples		1613	8	7	13	21	9	25	-14.59	60.79	6.54	104.52	13.92	-28.85	42.77	52.3	239.45	86	48.24	6	Naples		1613	8	7	13	21	10	26	7.94	161.38	6.54	104.52	13.92	-28.85	42.77	52.3	239.45	111	56.38																						7	Naples		1613	8	8	14	27	2	7	-12.36	137.31	6.6	90.7	14.31	-35.22	49.53	40.56	255.09	355	50.06	7	Naples		1613	8	8	14	27	2	16	-11.49	131.67	6.6	90.7	14.31	-35.22	49.53	40.56	255.09	230	44.6	7	Naples		1613	8	8	14	27	2	17	-10.77	125.59	6.6	90.7	14.31	-35.22	49.53	40.56	255.09	106	38.84	7	Naples		1613	8	8	14	27	2	18	-12.38	120.56	6.6	90.7	14.31	-35.22	49.53	40.56	255.09	81	35.23	7	Naples		1613	8	8	14	27	2	19	-13.72	117.75	6.6	90.7	14.31	-35.22	49.53	40.56	255.09	32	33.68	7	Naples		1613	8	8	14	27	2	23	-23.62	92.84	6.6	90.7	14.31	-35.22	49.53	40.56	255.09	141	30.28	7	Naples		1613	8	8	14	27	9	27	-19.94	64.27	6.6	90.7	14.31	-35.22	49.53	40.56	255.09	138	37.15	7	Naples		1613	8	8	14	27	9	28	-23.69	62.44	6.6	90.7	14.31	-35.22	49.53	40.56	255.09	185	40.96	7	Naples		1613	8	8	14	27	9	29	-23.1	57.05	6.6	90.7	14.31	-35.22	49.53	40.56	255.09	35	44.31	7	Naples		1613	8	8	14	27	9	30	-23.89	54.28	6.6	90.7	14.31	-35.22	49.53	40.56	255.09	61	46.81	7	Naples		1613	8	8	14	27	9	31	-24.37	51.01	6.6	90.7	14.31	-35.22	49.53	40.56	255.09	40	49.54	7	Naples		1613	8	8	14	27	11	32	-21.82	32.77	6.6	90.7	14.31	-35.22	49.53	40.56	255.09	238	63.45																						8	Naples		1613	8	9	14	36	2	7	-9.6	137.31	6.65	77.39	14.69	-35.21	49.9	38.7	256.64	499	28.58	8	Naples		1613	8	9	14	36	2	16	-8.71	130.72	6.65	77.39	14.69	-35.21	49.9	38.7	256.64	386	30.85	8	Naples		1613	8	9	14	36	2	17	-8.33	124.65	6.65	77.39	14.69	-35.21	49.9	38.7	256.64	137	33.14	8	Naples		1613	8	9	14	36	2	18	-9.38	119.04	6.65	77.39	14.69	-35.21	49.9	38.7	256.64	159	53.25	8	Naples		1613	8	9	14	36	8	23	-18.08	95.95	6.65	77.39	14.69	-35.21	49.9	38.7	256.64	100	30.77	8	Naples		1613	8	9	14	36	9	24	-17.26	65.79	6.65	77.39	14.69	-35.21	49.9	38.7	256.64	284	26.51	8	Naples		1613	8	9	14	36	9	29	-17.63	62.12	6.65	77.39	14.69	-35.21	49.9	38.7	256.64	102	28.58	8	Naples		1613	8	9	14	36	9	30	-18.49	59.26	6.65	77.39	14.69	-35.21	49.9	38.7	256.64	100	30.85	8	Naples		1613	8	9	14	36	9	31	-19.33	56.51	6.65	77.39	14.69	-35.21	49.9	38.7	256.64	140	33.14	8	Naples		1613	8	9	14	36	11	32	-20.35	30.69	6.65	77.39	14.69	-35.21	49.9	38.7	256.64	240	53.25																						9	Naples		1613	8	12	15	55	9	27	-17.61	63.94	6.79	37.02	15.8	-35.71	51.51	23.23	269.94	104	36.08	9	Naples		1613	8	12	15	55	9	28	-21.83	61.42	6.79	37.02	15.8	-35.71	51.51	23.23	269.94	104	37.3	9	Naples		1613	8	12	15	55	9	29	-23.19	55.51	6.79	37.02	15.8	-35.71	51.51	23.23	269.94	158	35	9	Naples		1613	8	12	15	55	11	32	-22.56	26.5	6.79	37.02	15.8	-35.71	51.51	23.23	269.94	96	31.1																						10	Naples		1613	8	13	17	4	9	27	-15.33	62.58	6.83	23.17	16.18	-34	50.18	10.02	280.68	93	44.9	10	Naples		1613	8	13	17	4	9	28	-19.05	60.03	6.83	23.17	16.18	-34	50.18	10.02	280.68	111	44.59	10	Naples		1613	8	13	17	4	9	29	-19.26	54.35	6.83	23.17	16.18	-34	50.18	10.02	280.68	117	40.3	10	Naples		1613	8	13	17	4	11	32	-14.37	29.23	6.83	23.17	16.18	-34	50.18	10.02	280.68	73	22.04	10	Naples		1613	8	13	17	4	11	33	-15.99	23.28	6.83	23.17	16.18	-34	50.18	10.02	280.68	108	22.82	10	Naples		1613	8	13	17	4	12	34	-9.59	57.06	6.83	23.17	16.18	-34	50.18	10.02	280.68	32	37.55	10	Naples		1613	8	13	17	4	12	35	-10.75	54.34	6.83	23.17	16.18	-34	50.18	10.02	280.68	40	35.66	10	Naples		1613	8	13	17	4	13	36	15.6	27.76	6.83	23.17	16.18	-34	50.18	10.02	280.68	23	9.85	10	Naples		1613	8	13	17	4	13	37	21.45	28.59	6.83	23.17	16.18	-34	50.18	10.02	280.68	12	15.53	10	Naples		1613	8	13	17	4	14	38	20.43	325.37	6.83	23.17	16.18	-34	50.18	10.02	280.68	97	57.5	10	Naples		1613	8	13	17	4	14	39	16.28	325.07	6.83	23.17	16.18	-34	50.18	10.02	280.68	84	57.52																						11	Naples		1613	8	14	14	1	9	27	-13.79	64.22	6.86	11.63	16.48	-29.81	46.29	43.86	247.82	74	56.13	11	Naples		1613	8	14	14	1	9	28	-17.07	60.08	6.86	11.63	16.48	-29.81	46.29	43.86	247.82	133	53.52	11	Naples		1613	8	14	14	1	9	29	-19.23	53.72	6.86	11.63	16.48	-29.81	46.29	43.86	247.82	73	48.98	11	Naples		1613	8	14	14	1	11	32	-15.08	32.94	6.86	11.63	16.48	-29.81	46.29	43.86	247.82	50	30.46	11	Naples		1613	8	14	14	1	11	33	-17.73	27.18	6.86	11.63	16.48	-29.81	46.29	43.86	247.82	55	28.99	11	Naples		1613	8	14	14	1	12	34	-8.6	58.77	6.86	11.63	16.48	-29.81	46.29	43.86	247.82	27	49.47	11	Naples		1613	8	14	14	1	12	35	-9.42	55.93	6.86	11.63	16.48	-29.81	46.29	43.86	247.82	25	47.05	11	Naples		1613	8	14	14	1	14	38	21.06	323.78	6.86	11.63	16.48	-29.81	46.29	43.86	247.82	114	48.34	11	Naples		1613	8	14	14	1	14	39	16.3	323.47	6.86	11.63	16.48	-29.81	46.29	43.86	247.82	101	48	11	Naples		1613	8	14	14	1	15	40	12.27	306.35	6.86	11.63	16.48	-29.81	46.29	43.86	247.82	105	64.47	11	Naples		1613	8	14	14	1	15	41	11.19	301.5	6.86	11.63	16.48	-29.81	46.29	43.86	247.82	125	69.26																						12	Naples		1613	8	16	13	47	11	43	-20.25	29.29	6.94	345.33	17.17	-27.2	44.37	45.77	243.92	136	51.06	12	Naples		1613	8	16	13	47	14	38	16.01	326.8	6.94	345.33	17.17	-27.2	44.37	45.77	243.92	53	20.28	12	Naples		1613	8	16	13	47	14	39	12.02	325.19	6.94	345.33	17.17	-27.2	44.37	45.77	243.92	135	20.5	12	Naples		1613	8	16	13	47	15	40	8.87	310.79	6.94	345.33	17.17	-27.2	44.37	45.77	243.92	126	34.25	12	Naples		1613	8	16	13	47	15	41	8.33	306.93	6.94	345.33	17.17	-27.2	44.37	45.77	243.92	72	38.08	12	Naples		1613	8	16	13	47	15	42	7.79	303.5	6.94	345.33	17.17	-27.2	44.37	45.77	243.92	33	41.48	12	Naples		1613	8	16	13	47	16	44	28.27	18.22	6.94	345.33	17.17	-27.2	44.37	45.77	243.92	38	37.68	12	Naples		1613	8	16	13	47	16	45	24.18	14.17	6.94	345.33	17.17	-27.2	44.37	45.77	243.92	29	32.57	12	Naples		1613	8	16	13	47	16	46	23.83	10.67	6.94	345.33	17.17	-27.2	44.37	45.77	243.92	78	29.6	12	Naples		1613	8	16	13	47	16	47	24.73	8.232	6.94	345.33	17.17	-27.2	44.37	45.77	243.92	58	28.22	12	Naples		1613	8	16	13	47	16	48	24.04	5.63	6.94	345.33	17.17	-27.2	44.37	45.77	243.92	58	25.91	12	Naples		1613	8	16	13	47	16	49	23.47	3.111	6.94	345.33	17.17	-27.2	44.37	45.77	243.92	40	23.77																						13	Naples		1613	8	17	13	50	14	38	19.82	326.2	6.97	332.09	17.5	-27.01	44.51	45	244.39	97	14.06	13	Naples		1613	8	17	13	50	14	39	15.84	325.29	6.97	332.09	17.5	-27.01	44.51	45	244.39	108	11.09	13	Naples		1613	8	17	13	50	15	40	10.76	308.92	6.97	332.09	17.5	-27.01	44.51	45	244.39	178	23.2	13	Naples		1613	8	17	13	50	15	41	10.42	304.91	6.97	332.09	17.5	-27.01	44.51	45	244.39	73	27.07	13	Naples		1613	8	17	13	50	16	44	27.26	19.25	6.97	332.09	17.5	-27.01	44.51	45	244.39	79	49.04	13	Naples		1613	8	17	13	50	16	45	24.81	11.58	6.97	332.09	17.5	-27.01	44.51	45	244.39	63	41.73	13	Naples		1613	8	17	13	50	16	46	24.44	8.52	6.97	332.09	17.5	-27.01	44.51	45	244.39	81	38.98	13	Naples		1613	8	17	13	50	16	47	25.23	6.7	6.97	332.09	17.5	-27.01	44.51	45	244.39	118	37.74	13	Naples		1613	8	17	13	50	16	48	23.52	3.19	6.97	332.09	17.5	-27.01	44.51	45	244.39	91	34.12	13	Naples		1613	8	17	13	50	16	49	24.33	1.681	6.97	332.09	17.5	-27.01	44.51	45	244.39	44	33.23	13	Naples		1613	8	17	13	50	16	50	24.24	358.88	6.97	332.09	17.5	-27.01	44.51	45	244.39	39	30.93	13	Naples		1613	8	17	13	50	17	51	6.02	266.74	6.97	332.09	17.5	-27.01	44.51	45	244.39	228	64.89																						14	Naples		1613	8	18	13	43	14	38	21.01	320.88	7.01	318.94	17.83	-25.63	43.47	45.91	242.38	58	14.13	14	Naples		1613	8	18	13	43	14	39	17.84	319.52	7.01	318.94	17.83	-25.63	43.47	45.91	242.38	164	10.85	14	Naples		1613	8	18	13	43	15	40	10.21	307.32	7.01	318.94	17.83	-25.63	43.47	45.91	242.38	204	11.93	14	Naples		1613	8	18	13	43	15	41	8.84	300.95	7.01	318.94	17.83	-25.63	43.47	45.91	242.38	130	17.91	14	Naples		1613	8	18	13	43	16	44	27.77	12.57	7.01	318.94	17.83	-25.63	43.47	45.91	242.38	129	54.71	14	Naples		1613	8	18	13	43	16	45	24.31	6.71	7.01	318.94	17.83	-25.63	43.47	45.91	242.38	148	48.84	14	Naples		1613	8	18	13	43	16	47	26.14	1.792	7.01	318.94	17.83	-25.63	43.47	45.91	242.38	145	45.01	14	Naples		1613	8	18	13	43	16	48	24.72	359.84	7.01	318.94	17.83	-25.63	43.47	45.91	242.38	123	42.91	14	Naples		1613	8	18	13	43	16	49	24.73	354.84	7.01	318.94	17.83	-25.63	43.47	45.91	242.38	93	38.62	14	Naples		1613	8	18	13	43	17	51	6.56	269.28	7.01	318.94	17.83	-25.63	43.47	45.91	242.38	379	49.29	14	Naples		1613	8	18	13	43	18	52	28.75	278.75	7.01	318.94	17.83	-25.63	43.47	45.91	242.38	110	43.66																						15	Naples		1613	8	19	16	5	14	38	15.64	319.64	7.04	304.43	18.19	-32.64	50.84	19.69	269.94	42	17.21	15	Naples		1613	8	19	16	5	14	39	10.26	319.5	7.04	304.43	18.19	-32.64	50.84	19.69	269.94	159	15.24	15	Naples		1613	8	19	16	5	15	40	5.82	306.25	7.04	304.43	18.19	-32.64	50.84	19.69	269.94	190	2.18	15	Naples		1613	8	19	16	5	15	41	6.32	300.13	7.04	304.43	18.19	-32.64	50.84	19.69	269.94	47	4.32	15	Naples		1613	8	19	16	5	16	44	19.2	11.32	7.04	304.43	18.19	-32.64	50.84	19.69	269.94	29	65.92	15	Naples		1613	8	19	16	5	16	45	17.85	7.46	7.04	304.43	18.19	-32.64	50.84	19.69	269.94	63	62.23	15	Naples		1613	8	19	16	5	16	47	17.8	3.611	7.04	304.43	18.19	-32.64	50.84	19.69	269.94	59	58.57	15	Naples		1613	8	19	16	5	16	48	16.75	0.88	7.04	304.43	18.19	-32.64	50.84	19.69	269.94	47	55.91	15	Naples		1613	8	19	16	5	16	49	17.75	357.52	7.04	304.43	18.19	-32.64	50.84	19.69	269.94	30	52.77	15	Naples		1613	8	19	16	5	16	54	22.14	358.72	7.04	304.43	18.19	-32.64	50.84	19.69	269.94	66	54.36	15	Naples		1613	8	19	16	5	17	51	4.41	265.52	7.04	304.43	18.19	-32.64	50.84	19.69	269.94	308	38.79	15	Naples		1613	8	19	16	5	18	52	24	274.37	7.04	304.43	18.19	-32.64	50.84	19.69	269.94	47	33.43	15	Naples		1613	8	19	16	5	18	53	25.31	267.23	7.04	304.43	18.19	-32.64	50.84	19.69	269.94	55	39.91																						16	Naples		1613	8	20	14	3	14	38	18.12	323.05	7.07	292.33	18.49	-26.84	45.33	41.95	246.68	56	31.88	16	Naples		1613	8	20	14	3	14	39	13.59	322.88	7.07	292.33	18.49	-26.84	45.33	41.95	246.68	55	30.72	16	Naples		1613	8	20	14	3	14	55	13.25	319.15	7.07	292.33	18.49	-26.84	45.33	41.95	246.68	33	27.09	16	Naples		1613	8	20	14	3	15	40	7.19	307.44	7.07	292.33	18.49	-26.84	45.33	41.95	246.68	186	14.99	16	Naples		1613	8	20	14	3	15	41	7.09	299.96	7.07	292.33	18.49	-26.84	45.33	41.95	246.68	45	7.56	16	Naples		1613	8	20	14	3	17	51	5.21	266.92	7.07	292.33	18.49	-26.84	45.33	41.95	246.68	379	25.34	16	Naples		1613	8	20	14	3	18	52	21.63	275.59	7.07	292.33	18.49	-26.84	45.33	41.95	246.68	72	21.76	16	Naples		1613	8	20	14	3	18	53	24.83	266.33	7.07	292.33	18.49	-26.84	45.33	41.95	246.68	39	30.55	16	Naples		1613	8	20	14	3	18	56	22.56	273.52	7.07	292.33	18.49	-26.84	45.33	41.95	246.68	72	23.84	16	Naples		1613	8	20	14	3	19	57	12.43	231.44	7.07	292.33	18.49	-26.84	45.33	41.95	246.68	269	60.14	16	Naples		1613	8	20	14	3	19	58	8.93	230.38	7.07	292.33	18.49	-26.84	45.33	41.95	246.68	124	61.31																						17	Naples		1613	8	22	13	42	14	38	17.85	320.81	7.12	266.1	19.11	-23.43	42.54	44.96	241.07	115	54.29	17	Naples		1613	8	22	13	42	15	40	9.85	307.77	7.12	266.1	19.11	-23.43	42.54	44.96	241.07	157	41.27	17	Naples		1613	8	22	13	42	15	59	6.34	294.24	7.12	266.1	19.11	-23.43	42.54	44.96	241.07	72	27.95	17	Naples		1613	8	22	13	42	15	60	7.43	289.64	7.12	266.1	19.11	-23.43	42.54	44.96	241.07	43	23.34	17	Naples		1613	8	22	13	42	17	51	3.76	266.27	7.12	266.1	19.11	-23.43	42.54	44.96	241.07	358	3.36	17	Naples		1613	8	22	13	42	18	52	23.79	271.68	7.12	266.1	19.11	-23.43	42.54	44.96	241.07	68	17.52	17	Naples		1613	8	22	13	42	18	53	23.6	261.98	7.12	266.1	19.11	-23.43	42.54	44.96	241.07	48	16.95	17	Naples		1613	8	22	13	42	18	56	23.93	268.08	7.12	266.1	19.11	-23.43	42.54	44.96	241.07	71	16.92	17	Naples		1613	8	22	13	42	19	61	10.02	224.74	7.12	266.1	19.11	-23.43	42.54	44.96	241.07	70	40.98	17	Naples		1613	8	22	13	42	19	62	6.92	225.22	7.12	266.1	19.11	-23.43	42.54	44.96	241.07	54	40.56	17	Naples		1613	8	22	13	42	19	63	8.17	227.63	7.12	266.1	19.11	-23.43	42.54	44.96	241.07	49	38.14	17	Naples		1613	8	22	13	42	19	64	8.66	229.46	7.12	266.1	19.11	-23.43	42.54	44.96	241.07	47	36.32	17	Naples		1613	8	22	13	42	19	65	7.62	230.77	7.12	266.1	19.11	-23.43	42.54	44.96	241.07	42	35.03	17	Naples		1613	8	22	13	42	19	66	6.62	229.19	7.12	266.1	19.11	-23.43	42.54	44.96	241.07	76	36.64	17	Naples		1613	8	22	13	42	19	67	6.74	227.23	7.12	266.1	19.11	-23.43	42.54	44.96	241.07	71	38.58	17	Naples		1613	8	22	13	42	19	68	5.57	229.87	7.12	266.1	19.11	-23.43	42.54	44.96	241.07	73	36.03	17	Naples		1613	8	22	13	42	19	69	3.32	228.81	7.12	266.1	19.11	-23.43	42.54	44.96	241.07	59	37.32	17	Naples		1613	8	22	13	42	19	70	1.82	227.2	7.12	266.1	19.11	-23.43	42.54	44.96	241.07	48	39.12	17	Naples		1613	8	22	13	42	19	71	1.21	225.55	7.12	266.1	19.11	-23.43	42.54	44.96	241.07	15	40.85	17	Naples		1613	8	22	13	42	19	72	4.63	222.09	7.12	266.1	19.11	-23.43	42.54	44.96	241.07	62	43.84	17	Naples		1613	8	22	13	42	19	73	6.08	218.74	7.12	266.1	19.11	-23.43	42.54	44.96	241.07	67	47.04																						18	Naples		1613	8	23	14	0	15	40	9.05	309.51	7.14	252.73	19.42	-25.04	44.46	41.63	245.2	111	56.19	18	Naples		1613	8	23	14	0	15	59	6.1	297.11	7.14	252.73	19.42	-25.04	44.46	41.63	245.2	103	44.09	18	Naples		1613	8	23	14	0	15	60	6.61	291.41	7.14	252.73	19.42	-25.04	44.46	41.63	245.2	49	38.4	18	Naples		1613	8	23	14	0	15	82	7.5	304.57	7.14	252.73	19.42	-25.04	44.46	41.63	245.2	82	51.39	18	Naples		1613	8	23	14	0	17	51	3.34	267.05	7.14	252.73	19.42	-25.04	44.46	41.63	245.2	378	14.75	18	Naples		1613	8	23	14	0	18	52	24.48	271.97	7.14	252.73	19.42	-25.04	44.46	41.63	245.2	92	25.3	18	Naples		1613	8	23	14	0	18	53	25.87	261.67	7.14	252.73	19.42	-25.04	44.46	41.63	245.2	111	20.58	18	Naples		1613	8	23	14	0	19	61	9.05	224.38	7.14	252.73	19.42	-25.04	44.46	41.63	245.2	40	28.12	18	Naples		1613	8	23	14	0	19	62	6.1	226.17	7.14	252.73	19.42	-25.04	44.46	41.63	245.2	39	26.39	18	Naples		1613	8	23	14	0	19	63	6.88	227.43	7.14	252.73	19.42	-25.04	44.46	41.63	245.2	41	25.11	18	Naples		1613	8	23	14	0	19	64	6.97	229.05	7.14	252.73	19.42	-25.04	44.46	41.63	245.2	20	23.5	18	Naples		1613	8	23	14	0	19	66	5.95	228.81	7.14	252.73	19.42	-25.04	44.46	41.63	245.2	41	23.79	18	Naples		1613	8	23	14	0	19	67	5.27	227.48	7.14	252.73	19.42	-25.04	44.46	41.63	245.2	36	25.17	18	Naples		1613	8	23	14	0	19	68	4.43	229.54	7.14	252.73	19.42	-25.04	44.46	41.63	245.2	39	23.22	18	Naples		1613	8	23	14	0	19	73	4.72	220.32	7.14	252.73	19.42	-25.04	44.46	41.63	245.2	58	32.32	18	Naples		1613	8	23	14	0	19	74	7.01	224.07	7.14	252.73	19.42	-25.04	44.46	41.63	245.2	20	28.43	18	Naples		1613	8	23	14	0	19	75	8.11	225.74	7.14	252.73	19.42	-25.04	44.46	41.63	245.2	29	26.77	18	Naples		1613	8	23	14	0	19	76	8.45	227.6	7.14	252.73	19.42	-25.04	44.46	41.63	245.2	37	24.92	18	Naples		1613	8	23	14	0	19	77	3.89	227.51	7.14	252.73	19.42	-25.04	44.46	41.63	245.2	21	25.31	18	Naples		1613	8	23	14	0	19	78	2.37	226.57	7.14	252.73	19.42	-25.04	44.46	41.63	245.2	55	26.49	18	Naples		1613	8	23	14	0	19	79	2.82	227.61	7.14	252.73	19.42	-25.04	44.46	41.63	245.2	11	25.38	18	Naples		1613	8	23	14	0	19	80	3.1	228.28	7.14	252.73	19.42	-25.04	44.46	41.63	245.2	22	24.68	18	Naples		1613	8	23	14	0	19	81	1.57	227.28	7.14	252.73	19.42	-25.04	44.46	41.63	245.2	13	25.97	18	Naples		1613	8	23	14	0	19	82	2.23	228.51	7.14	252.73	19.42	-25.04	44.46	41.63	245.2	8	24.62	18	Naples		1613	8	23	14	0	19	83	2.78	229.09	7.14	252.73	19.42	-25.04	44.46	41.63	245.2	6	23.94	18	Naples		1613	8	23	14	0	19	84	3.17	229.6	7.14	252.73	19.42	-25.04	44.46	41.63	245.2	4	23.37																						19	Naples		1613	8	24	14	13	15	86	8.8	311.54	7.16	239.4	19.72	-25.84	45.56	39.08	247.89	229	71.35	19	Naples		1613	8	24	14	13	17	51	5.97	266.98	7.16	239.4	19.72	-25.84	45.56	39.08	247.89	426	27.42	19	Naples		1613	8	24	14	13	18	52	26.09	273.18	7.16	239.4	19.72	-25.84	45.56	39.08	247.89	118	37.3	19	Naples		1613	8	24	14	13	19	87	12.91	219.65	7.16	239.4	19.72	-25.84	45.56	39.08	247.89	88	20.27	19	Naples		1613	8	24	14	13	19	88	13	221.34	7.16	239.4	19.72	-25.84	45.56	39.08	247.89	44	18.71	19	Naples		1613	8	24	14	13	19	89	13.66	222.69	7.16	239.4	19.72	-25.84	45.56	39.08	247.89	48	17.67	19	Naples		1613	8	24	14	13	19	90	13.36	224.1	7.16	239.4	19.72	-25.84	45.56	39.08	247.89	48	16.28	19	Naples		1613	8	24	14	13	19	91	11.8	221.47	7.16	239.4	19.72	-25.84	45.56	39.08	247.89	52	18.28	19	Naples		1613	8	24	14	13	19	92	11.25	222.6	7.16	239.4	19.72	-25.84	45.56	39.08	247.89	40	17.07	19	Naples		1613	8	24	14	13	19	93	12.06	223.53	7.16	239.4	19.72	-25.84	45.56	39.08	247.89	79	16.38	19	Naples		1613	8	24	14	13	19	94	12.11	225.09	7.16	239.4	19.72	-25.84	45.56	39.08	247.89	45	14.95	19	Naples		1613	8	24	14	13	19	95	9.9	223.67	7.16	239.4	19.72	-25.84	45.56	39.08	247.89	40	15.79	19	Naples		1613	8	24	14	13	19	96	10.43	224.99	7.16	239.4	19.72	-25.84	45.56	39.08	247.89	68	14.61	19	Naples		1613	8	24	14	13	19	97	10.96	226.01	7.16	239.4	19.72	-25.84	45.56	39.08	247.89	34	13.75	19	Naples		1613	8	24	14	13	19	98	9.52	225.52	7.16	239.4	19.72	-25.84	45.56	39.08	247.89	65	13.94	19	Naples		1613	8	24	14	13	19	99	8.52	225.45	7.16	239.4	19.72	-25.84	45.56	39.08	247.89	27	13.88	19	Naples		1613	8	24	14	13	19	100	7	224.24	7.16	239.4	19.72	-25.84	45.56	39.08	247.89	28	15.04	19	Naples		1613	8	24	14	13	19	101	10.86	223.51	7.16	239.4	19.72	-25.84	45.56	39.08	247.89	40	16.12	19	Naples		1613	8	24	14	13	19	102	11.33	224.65	7.16	239.4	19.72	-25.84	45.56	39.08	247.89	38	15.13																						20	Naples		1613	8	26	14	26	17	51	5.08	268.63	7.19	212.86	20.31	-26.02	46.33	36.21	250.18	359	55.46	20	Naples		1613	8	26	14	26	17	110	3.08	264.87	7.19	212.86	20.31	-26.02	46.33	36.21	250.18	66	51.94	20	Naples		1613	8	26	14	26	19	73	6.6	212.98	7.19	212.86	20.31	-26.02	46.33	36.21	250.18	44	0.6	20	Naples		1613	8	26	14	26	19	103	13.35	222.15	7.19	212.86	20.31	-26.02	46.33	36.21	250.18	106	11.02	20	Naples		1613	8	26	14	26	19	104	11.44	222.04	7.19	212.86	20.31	-26.02	46.33	36.21	250.18	117	10.01	20	Naples		1613	8	26	14	26	19	105	11.93	225.54	7.19	212.86	20.31	-26.02	46.33	36.21	250.18	125	13.37	20	Naples		1613	8	26	14	26	19	106	11.82	226.98	7.19	212.86	20.31	-26.02	46.33	36.21	250.18	135	14.67	20	Naples		1613	8	26	14	26	19	107	9.73	223.83	7.19	212.86	20.31	-26.02	46.33	36.21	250.18	82	11.15	20	Naples		1613	8	26	14	26	19	108	9.42	225.94	7.19	212.86	20.31	-26.02	46.33	36.21	250.18	42	13.14	20	Naples		1613	8	26	14	26	19	109	9.34	228.97	7.19	212.86	20.31	-26.02	46.33	36.21	250.18	54	16.08																						21	Naples		1613	8	27	13	55	17	51	4.88	264.45	7.21	199.94	20.59	-22.59	43.17	41.29	242.98	247	64.16	21	Naples		1613	8	27	13	55	19	111	10.02	223.91	7.21	199.94	20.59	-22.59	43.17	41.29	242.98	88	23.86	21	Naples		1613	8	27	13	55	19	112	10.55	227.14	7.21	199.94	20.59	-22.59	43.17	41.29	242.98	61	27.08	21	Naples		1613	8	27	13	55	19	113	8.14	225.7	7.21	199.94	20.59	-22.59	43.17	41.29	242.98	115	25.54	21	Naples		1613	8	27	13	55	19	114	8.58	229.65	7.21	199.94	20.59	-22.59	43.17	41.29	242.98	86	29.46	21	Naples		1613	8	27	13	55	19	115	8.86	233.12	7.21	199.94	20.59	-22.59	43.17	41.29	242.98	43	32.89																						22	Naples		1613	8	28	13	44	19	111	11.46	221.63	7.22	186.83	20.86	-20.8	41.66	42.82	240.04	91	34.57	22	Naples		1613	8	28	13	44	19	112	11.41	225.31	7.22	186.83	20.86	-20.8	41.66	42.82	240.04	104	38.17	22	Naples		1613	8	28	13	44	19	113	8.4	224.14	7.22	186.83	20.86	-20.8	41.66	42.82	240.04	167	36.98	22	Naples		1613	8	28	13	44	19	114	8.26	228.28	7.22	186.83	20.86	-20.8	41.66	42.82	240.04	190	41.07																						23	Naples		1613	8	29	13	30	19	111	12.47	220.12	7.23	173.75	21.13	-18.41	39.54	44.75	236.16	66	45.93	23	Naples		1613	8	29	13	30	19	112	10.3	227.49	7.23	173.75	21.13	-18.41	39.54	44.75	236.16	85	53.15	23	Naples		1613	8	29	13	30	19	113	9.93	218.93	7.23	173.75	21.13	-18.41	39.54	44.75	236.16	79	44.72	23	Naples		1613	8	29	13	30	19	114	7.48	227.01	7.23	173.75	21.13	-18.41	39.54	44.75	236.16	170	52.79	23	Naples		1613	8	29	13	30	19	115	6.88	232.01	7.23	173.75	21.13	-18.41	39.54	44.75	236.16	90	57.78																						24	Naples		1613	8	30	13	33	19	111	12.09	218.97	7.24	160.51	21.4	-18.4	39.8	43.95	236.72	185	57.74	24	Naples		1613	8	30	13	33	19	112	10.4	225.44	7.24	160.51	21.4	-18.4	39.8	43.95	236.72	117	64.14	24	Naples		1613	8	30	13	33	19	113	9.47	217.13	7.24	160.51	21.4	-18.4	39.8	43.95	236.72	101	56	24	Naples		1613	8	30	13	33	19	114	8.15	226.06	7.24	160.51	21.4	-18.4	39.8	43.95	236.72	266	64.89	24	Naples		1613	8	30	13	33	19	115	7.1	231.33	7.24	160.51	21.4	-18.4	39.8	43.95	236.72	168	70.19																						25	Naples		1613	8	31	13	42	19	111	11.54	206.35	7.24	147.22	21.66	-19.2	40.86	42.19	238.79	110	58.4	25	Naples		1613	8	31	13	42	19	112	10.69	213.14	7.24	147.22	21.66	-19.2	40.86	42.19	238.79	80	65.09	25	Naples		1613	8	31	13	42	19	113	9.65	203.96	7.24	147.22	21.66	-19.2	40.86	42.19	238.79	120	56.12	25	Naples		1613	8	31	13	42	19	114	8.26	213.74	7.24	147.22	21.66	-19.2	40.86	42.19	238.79	123	65.84	25	Naples		1613	8	31	13	42	19	115	6.85	219.64	7.24	147.22	21.66	-19.2	40.86	42.19	238.79	179	71.78	25	Naples		1613	8	31	13	42	20	116	16.8	216.52	7.24	147.22	21.66	-19.2	40.86	42.19	238.79	269	68.15	25	Naples		1613	8	31	13	42	21	117	-18.91	111.62	7.24	147.22	21.66	-19.2	40.86	42.19	238.79	98	43.76	25	Naples		1613	8	31	13	42	22	118	-2.89	84.04	7.24	147.22	21.66	-19.2	40.86	42.19	238.79	161	63.86																						26	Naples		1613	9	1	9	1	21	117	-18.01	112.22	7.25	136.59	21.87	56.49	-34.61	47.75	132	84	34.89	26	Naples		1613	9	1	9	1	22	119	-3.02	81.71	7.25	136.59	21.87	56.49	-34.61	47.75	132	95	55.72	26	Naples		1613	9	1	9	1	22	120	-3.65	74.17	7.25	136.59	21.87	56.49	-34.61	47.75	132	190	63.24																						27	Naples		1613	9	2	14	12	21	117	-15.08	110.94	7.25	120.54	22.18	-21.78	43.96	36.53	245.39	54	24.27	27	Naples		1613	9	2	14	12	22	119	-1.43	80.2	7.25	120.54	22.18	-21.78	43.96	36.53	245.39	66	41.17	27	Naples		1613	9	2	14	12	22	120	-4.77	74.48	7.25	120.54	22.18	-21.78	43.96	36.53	245.39	67	47.5	27	Naples		1613	9	2	14	12	23	121	-5.62	122.5	7.25	120.54	22.18	-21.78	43.96	36.53	245.39	68	13.02	27	Naples		1613	9	2	14	12	24	122	-23.83	59.78	7.25	120.54	22.18	-21.78	43.96	36.53	245.39	207	66.9																						28	Naples		1613	9	3	12	40	21	117	-21.19	114.2	7.25	108.17	22.4	-6.98	29.38	50.1	220.02	61	29.05	28	Naples		1613	9	3	12	40	22	119	-2.21	81.5	7.25	108.17	22.4	-6.98	29.38	50.1	220.02	60	28.25	28	Naples		1613	9	3	12	40	22	120	-5.4	75.85	7.25	108.17	22.4	-6.98	29.38	50.1	220.02	53	34.64	28	Naples		1613	9	3	12	40	22	126	-5.27	73.38	7.25	108.17	22.4	-6.98	29.38	50.1	220.02	53	36.91	28	Naples		1613	9	3	12	40	23	121	-8.19	127.02	7.25	108.17	22.4	-6.98	29.38	50.1	220.02	53	24.32	28	Naples		1613	9	3	12	40	24	122	-24.17	64.29	7.25	108.17	22.4	-6.98	29.38	50.1	220.02	246	53.09	28	Naples		1613	9	3	12	40	24	123	-24.53	58.4	7.25	108.17	22.4	-6.98	29.38	50.1	220.02	112	57.97	28	Naples		1613	9	3	12	40	24	124	-24.97	53.97	7.25	108.17	22.4	-6.98	29.38	50.1	220.02	90	61.79	28	Naples		1613	9	3	12	40	24	125	-25.9	48.78	7.25	108.17	22.4	-6.98	29.38	50.1	220.02	76	66.47																						29	Naples		1613	9	4	15	30	22	119	-1.11	81.07	7.25	93.41	22.67	-26	48.67	21.82	260.16	91	14.88	29	Naples		1613	9	4	15	30	22	120	-3.53	75.21	7.25	93.41	22.67	-26	48.67	21.82	260.16	46	21.12	29	Naples		1613	9	4	15	30	22	126	-3.84	73.64	7.25	93.41	22.67	-26	48.67	21.82	260.16	22	22.64	29	Naples		1613	9	4	15	30	24	122	-24.8	62.01	7.25	93.41	22.67	-26	48.67	21.82	260.16	360	44.3	29	Naples		1613	9	4	15	30	24	123	-24.98	55.8	7.25	93.41	22.67	-26	48.67	21.82	260.16	108	48.77	29	Naples		1613	9	4	15	30	24	124	-25.13	52.14	7.25	93.41	22.67	-26	48.67	21.82	260.16	85	51.57	29	Naples		1613	9	4	15	30	24	125	-26.3	48.31	7.25	93.41	22.67	-26	48.67	21.82	260.16	101	55.13	29	Naples		1613	9	4	15	30	24	127	-26.61	44.08	7.25	93.41	22.67	-26	48.67	21.82	260.16	91	58.56	29	Naples		1613	9	4	15	30	25	128	32.77	102.89	7.25	93.41	22.67	-26	48.67	21.82	260.16	70	28.09	29	Naples		1613	9	4	15	30	25	129	32.49	100.48	7.25	93.41	22.67	-26	48.67	21.82	260.16	29	26.13	29	Naples		1613	9	4	15	30	26	130	-0.84	124.67	7.25	93.41	22.67	-26	48.67	21.82	260.16	60	33.21	29	Naples		1613	9	4	15	30	26	131	-0.26	119.47	7.25	93.41	22.67	-26	48.67	21.82	260.16	83	28.01																						30	Naples		1613	9	5	13	31	22	119	-2.52	81.14	7.24	81.3	22.88	-15.59	38.48	42.27	234.78	61	9.76	30	Naples		1613	9	5	13	31	22	120	-5.18	73.59	7.24	81.3	22.88	-15.59	38.48	42.27	234.78	60	14.61	30	Naples		1613	9	5	13	31	22	126	-4.24	71.53	7.24	81.3	22.88	-15.59	38.48	42.27	234.78	26	15.06	30	Naples		1613	9	5	13	31	24	122	-25.42	64.04	7.24	81.3	22.88	-15.59	38.48	42.27	234.78	189	36.72	30	Naples		1613	9	5	13	31	24	123	-25.82	59.47	7.24	81.3	22.88	-15.59	38.48	42.27	234.78	130	39.28	30	Naples		1613	9	5	13	31	24	124	-26.06	55.76	7.24	81.3	22.88	-15.59	38.48	42.27	234.78	97	41.52	30	Naples		1613	9	5	13	31	24	125	-26.67	51.82	7.24	81.3	22.88	-15.59	38.48	42.27	234.78	73	44.35	30	Naples		1613	9	5	13	31	25	128	28.17	101.05	7.24	81.3	22.88	-15.59	38.48	42.27	234.78	127	28.05	30	Naples		1613	9	5	13	31	25	129	29.86	94.71	7.24	81.3	22.88	-15.59	38.48	42.27	234.78	41	25.89	30	Naples		1613	9	5	13	31	26	131	1.28	118.72	7.24	81.3	22.88	-15.59	38.48	42.27	234.78	96	37.77	30	Naples		1613	9	5	13	31	27	132	28.37	145.21	7.24	81.3	22.88	-15.59	38.48	42.27	234.78	235	63.65																						31	Naples		1613	9	6	14	34	22	119	-1.81	86.6	7.24	67.52	23.12	-22.19	45.31	31.41	249.08	159	21.08	31	Naples		1613	9	6	14	34	24	122	-24.64	67.41	7.24	67.52	23.12	-22.19	45.31	31.41	249.08	347	31.88	31	Naples		1613	9	6	14	34	24	123	-25.31	62.53	7.24	67.52	23.12	-22.19	45.31	31.41	249.08	99	32.91	31	Naples		1613	9	6	14	34	24	133	-24.74	57.57	7.24	67.52	23.12	-22.19	45.31	31.41	249.08	24	33.41	31	Naples		1613	9	6	14	34	24	134	-26.03	56.14	7.24	67.52	23.12	-22.19	45.31	31.41	249.08	18	35.06	31	Naples		1613	9	6	14	34	24	135	-25.88	58.83	7.24	67.52	23.12	-22.19	45.31	31.41	249.08	43	34.17	31	Naples		1613	9	6	14	34	25	128	28.66	108.61	7.24	67.52	23.12	-22.19	45.31	31.41	249.08	151	44.23	31	Naples		1613	9	6	14	34	25	129	30.03	102.09	7.24	67.52	23.12	-22.19	45.31	31.41	249.08	94	39.63	31	Naples		1613	9	6	14	34	28	136	7.18	80.83	7.24	67.52	23.12	-22.19	45.31	31.41	249.08	62	13.21	31	Naples		1613	9	6	14	34	29	137	4.69	47.24	7.24	67.52	23.12	-22.19	45.31	31.41	249.08	56	20.32	31	Naples		1613	9	6	14	34	30	138	6.14	24.45	7.24	67.52	23.12	-22.19	45.31	31.41	249.08	50	42.78	31	Naples		1613	9	6	14	34	30	139	5.32	20.67	7.24	67.52	23.12	-22.19	45.31	31.41	249.08	124	46.58																						32	Naples		1613	9	7	13	9	22	119	1.85	84.86	7.23	55.09	23.33	-11.26	34.59	44.83	228.29	123	30.14	32	Naples		1613	9	7	13	9	24	122	-19.66	64.54	7.23	55.09	23.33	-11.26	34.59	44.83	228.29	316	28.45	32	Naples		1613	9	7	13	9	24	133	-17.88	56.83	7.23	55.09	23.33	-11.26	34.59	44.83	228.29	21	25.16	32	Naples		1613	9	7	13	9	24	134	-19.07	53.8	7.23	55.09	23.33	-11.26	34.59	44.83	228.29	47	26.33	32	Naples		1613	9	7	13	9	24	135	-19.66	57.13	7.23	55.09	23.33	-11.26	34.59	44.83	228.29	65	26.96	32	Naples		1613	9	7	13	9	25	128	28.08	105.33	7.23	55.09	23.33	-11.26	34.59	44.83	228.29	108	51.75	32	Naples		1613	9	7	13	9	25	129	32.06	97.2	7.23	55.09	23.33	-11.26	34.59	44.83	228.29	86	46.33	32	Naples		1613	9	7	13	9	25	140	35.72	97.65	7.23	55.09	23.33	-11.26	34.59	44.83	228.29	77	48.19	32	Naples		1613	9	7	13	9	28	136	9.53	82.69	7.23	55.09	23.33	-11.26	34.59	44.83	228.29	51	27.39	32	Naples		1613	9	7	13	9	28	141	11.57	77.15	7.23	55.09	23.33	-11.26	34.59	44.83	228.29	59	22.18	32	Naples		1613	9	7	13	9	29	137	3.84	44.59	7.23	55.09	23.33	-11.26	34.59	44.83	228.29	63	10.99	32	Naples		1613	9	7	13	9	30	138	7.24	23.97	7.23	55.09	23.33	-11.26	34.59	44.83	228.29	67	30.87	32	Naples		1613	9	7	13	9	30	139	6.7	17.75	7.23	55.09	23.33	-11.26	34.59	44.83	228.29	43	37.06	32	Naples		1613	9	7	13	9	30	142	8.43	19.56	7.23	55.09	23.33	-11.26	34.59	44.83	228.29	60	35.21	32	Naples		1613	9	7	13	9	31	143	24.42	3.56	7.23	55.09	23.33	-11.26	34.59	44.83	228.29	156	52.12																						33	Naples		1613	9	8	12	3	24	122	-18.5	72.64	7.22	42.5	23.53	4.04	19.49	52.05	206.05	156	39.31	33	Naples		1613	9	8	12	3	24	149	-17.86	69.67	7.22	42.5	23.53	4.04	19.49	52.05	206.05	56	36.73	33	Naples		1613	9	8	12	3	24	150	-19.37	68.28	7.22	42.5	23.53	4.04	19.49	52.05	206.05	31	36.77	33	Naples		1613	9	8	12	3	24	151	-20.86	67.62	7.22	42.5	23.53	4.04	19.49	52.05	206.05	36	37.39	33	Naples		1613	9	8	12	3	24	152	-21.06	66.09	7.22	42.5	23.53	4.04	19.49	52.05	206.05	53	36.56	33	Naples		1613	9	8	12	3	24	153	-20.24	69.92	7.22	42.5	23.53	4.04	19.49	52.05	206.05	20	38.49	33	Naples		1613	9	8	12	3	24	154	-19.9	71.15	7.22	42.5	23.53	4.04	19.49	52.05	206.05	27	39.12	33	Naples		1613	9	8	12	3	25	128	30.89	106.09	7.22	42.5	23.53	4.04	19.49	52.05	206.05	93	63.7	33	Naples		1613	9	8	12	3	25	140	35.46	101.38	7.22	42.5	23.53	4.04	19.49	52.05	206.05	173	60.63	33	Naples		1613	9	8	12	3	28	136	5.03	89.38	7.22	42.5	23.53	4.04	19.49	52.05	206.05	65	46.65	33	Naples		1613	9	8	12	3	28	141	7.48	82.87	7.22	42.5	23.53	4.04	19.49	52.05	206.05	56	40.03	33	Naples		1613	9	8	12	3	28	144	7.08	76.92	7.22	42.5	23.53	4.04	19.49	52.05	206.05	55	34.15	33	Naples		1613	9	8	12	3	30	138	14.6	25.82	7.22	42.5	23.53	4.04	19.49	52.05	206.05	58	17.95	33	Naples		1613	9	8	12	3	30	145	13.18	22.83	7.22	42.5	23.53	4.04	19.49	52.05	206.05	80	20.24	33	Naples		1613	9	8	12	3	30	146	14.49	19.05	7.22	42.5	23.53	4.04	19.49	52.05	206.05	82	24.12	33	Naples		1613	9	8	12	3	30	147	16.09	19.58	7.22	42.5	23.53	4.04	19.49	52.05	206.05	23	24.11	33	Naples		1613	9	8	12	3	30	148	15.3	21.25	7.22	42.5	23.53	4.04	19.49	52.05	206.05	14	22.33	33	Naples		1613	9	8	12	3	31	143	28.77	7.18	7.22	42.5	23.53	4.04	19.49	52.05	206.05	86	39.65																						34	Naples		1613	9	9	13	32	24	122	-17.07	62.18	7.2	28.48	23.75	-14.24	37.99	40.72	234.14	167	41.21	34	Naples		1613	9	9	13	32	24	149	-16.45	58.69	7.2	28.48	23.75	-14.24	37.99	40.72	234.14	32	38.12	34	Naples		1613	9	9	13	32	24	150	-18.66	56.07	7.2	28.48	23.75	-14.24	37.99	40.72	234.14	14	37.54	34	Naples		1613	9	9	13	32	24	151	-20.01	57	7.2	28.48	23.75	-14.24	37.99	40.72	234.14	30	39.09	34	Naples		1613	9	9	13	32	24	152	-20.67	55.19	7.2	28.48	23.75	-14.24	37.99	40.72	234.14	58	38.29	34	Naples		1613	9	9	13	32	24	153	-18.92	58.78	7.2	28.48	23.75	-14.24	37.99	40.72	234.14	72	39.68	34	Naples		1613	9	9	13	32	25	140	23.61	99.6	7.2	28.48	23.75	-14.24	37.99	40.72	234.14	202	69.86	34	Naples		1613	9	9	13	32	28	141	10.71	71.21	7.2	28.48	23.75	-14.24	37.99	40.72	234.14	38	42.33	34	Naples		1613	9	9	13	32	28	144	9.2	68.53	7.2	28.48	23.75	-14.24	37.99	40.72	234.14	43	39.67	34	Naples		1613	9	9	13	32	30	138	13.63	23.66	7.2	28.48	23.75	-14.24	37.99	40.72	234.14	82	7.98	34	Naples		1613	9	9	13	32	30	145	11.71	19.77	7.2	28.48	23.75	-14.24	37.99	40.72	234.14	46	9.7	34	Naples		1613	9	9	13	32	30	146	14.27	16.84	7.2	28.48	23.75	-14.24	37.99	40.72	234.14	73	13.44	34	Naples		1613	9	9	13	32	30	155	14.01	15.14	7.2	28.48	23.75	-14.24	37.99	40.72	234.14	19	14.77	34	Naples		1613	9	9	13	32	31	143	25.02	4.96	7.2	28.48	23.75	-14.24	37.99	40.72	234.14	29	28.68	34	Naples		1613	9	9	13	32	32	156	13.14	326.13	7.2	28.48	23.75	-14.24	37.99	40.72	234.14	89	61.52	34	Naples		1613	9	9	13	32	32	157	13.46	321.5	7.2	28.48	23.75	-14.24	37.99	40.72	234.14	50	66.01																						35	Naples		1613	9	10	13	13	24	122	-22.8	65.72	7.19	15.45	23.95	-10.88	34.84	43.18	228.81	212	57.58	35	Naples		1613	9	10	13	13	24	149	-24.44	63.25	7.19	15.45	23.95	-10.88	34.84	43.18	228.81	57	56.29	35	Naples		1613	9	10	13	13	24	150	-25.63	63.45	7.19	15.45	23.95	-10.88	34.84	43.18	228.81	18	57.01	35	Naples		1613	9	10	13	13	24	151	-26.25	64.97	7.19	15.45	23.95	-10.88	34.84	43.18	228.81	24	58.51	35	Naples		1613	9	10	13	13	24	153	-25.49	66.09	7.19	15.45	23.95	-10.88	34.84	43.18	228.81	56	59.06	35	Naples		1613	9	10	13	13	24	158	-26.15	63.46	7.19	15.45	23.95	-10.88	34.84	43.18	228.81	7	57.27	35	Naples		1613	9	10	13	13	24	159	-26.82	63.46	7.19	15.45	23.95	-10.88	34.84	43.18	228.81	34	57.6	35	Naples		1613	9	10	13	13	24	160	-27.55	63.39	7.19	15.45	23.95	-10.88	34.84	43.18	228.81	15	57.9	35	Naples		1613	9	10	13	13	24	161	-27.08	64.86	7.19	15.45	23.95	-10.88	34.84	43.18	228.81	13	58.82	35	Naples		1613	9	10	13	13	28	141	10.71	66.27	7.19	15.45	23.95	-10.88	34.84	43.18	228.81	84	50.27	35	Naples		1613	9	10	13	13	30	138	6.95	26.07	7.19	15.45	23.95	-10.88	34.84	43.18	228.81	77	10.54	35	Naples		1613	9	10	13	13	30	146	8.28	19.8	7.19	15.45	23.95	-10.88	34.84	43.18	228.81	56	4.44	35	Naples		1613	9	10	13	13	31	143	18.55	6.44	7.19	15.45	23.95	-10.88	34.84	43.18	228.81	36	14.35	35	Naples		1613	9	10	13	13	32	156	8.96	326.34	7.19	15.45	23.95	-10.88	34.84	43.18	228.81	59	48.62	35	Naples		1613	9	10	13	13	32	157	8.94	321.17	7.19	15.45	23.95	-10.88	34.84	43.18	228.81	81	53.73																						36	Naples		1613	9	11	12	49	24	122	-22.72	64.78	7.17	2.47	24.15	-6.06	30.21	46.04	221.54	430	67.85	36	Naples		1613	9	11	12	49	24	163	-24.97	62.07	7.17	2.47	24.15	-6.06	30.21	46.04	221.54	97	66.27	36	Naples		1613	9	11	12	49	24	164	-25.59	61.91	7.17	2.47	24.15	-6.06	30.21	46.04	221.54	39	66.36	36	Naples		1613	9	11	12	49	24	165	-25.17	59.75	7.17	2.47	24.15	-6.06	30.21	46.04	221.54	24	64.39	36	Naples		1613	9	11	12	49	24	166	-25.6	58.95	7.17	2.47	24.15	-6.06	30.21	46.04	221.54	27	63.89	36	Naples		1613	9	11	12	49	24	167	-27.09	60.27	7.17	2.47	24.15	-6.06	30.21	46.04	221.54	24	65.56	36	Naples		1613	9	11	12	49	24	168	-26.94	58.41	7.17	2.47	24.15	-6.06	30.21	46.04	221.54	22	63.97	36	Naples		1613	9	11	12	49	24	169	-28.12	59.41	7.17	2.47	24.15	-6.06	30.21	46.04	221.54	20	65.26	36	Naples		1613	9	11	12	49	24	170	-28.2	60.89	7.17	2.47	24.15	-6.06	30.21	46.04	221.54	26	66.49	36	Naples		1613	9	11	12	49	24	171	-27.27	61.91	7.17	2.47	24.15	-6.06	30.21	46.04	221.54	32	66.97	36	Naples		1613	9	11	12	49	24	172	-26.47	61.23	7.17	2.47	24.15	-6.06	30.21	46.04	221.54	21	66.11	36	Naples		1613	9	11	12	49	30	138	8.59	24.1	7.17	2.47	24.15	-6.06	30.21	46.04	221.54	83	21.47	36	Naples		1613	9	11	12	49	30	146	9.85	16.87	7.17	2.47	24.15	-6.06	30.21	46.04	221.54	72	14.49	36	Naples		1613	9	11	12	49	31	143	21.79	4.44	7.17	2.47	24.15	-6.06	30.21	46.04	221.54	73	14.74	36	Naples		1613	9	11	12	49	32	156	10.38	325.96	7.17	2.47	24.15	-6.06	30.21	46.04	221.54	94	36.21	36	Naples		1613	9	11	12	49	32	157	10.63	321.95	7.17	2.47	24.15	-6.06	30.21	46.04	221.54	44	40.15	36	Naples		1613	9	11	12	49	32	162	10.61	318.21	7.17	2.47	24.15	-6.06	30.21	46.04	221.54	133	43.83																						37	Naples		1613	9	12	11	54	30	138	3.09	26.42	7.15	349.77	24.33	7.56	16.77	51.2	202.36	96	36.71	37	Naples		1613	9	12	11	54	30	146	5.34	19.06	7.15	349.77	24.33	7.56	16.77	51.2	202.36	114	29.16	37	Naples		1613	9	12	11	54	31	143	20.05	5.12	7.15	349.77	24.33	7.56	16.77	51.2	202.36	81	19.67	37	Naples		1613	9	12	11	54	32	156	9.24	325.04	7.15	349.77	24.33	7.56	16.77	51.2	202.36	75	24.62	37	Naples		1613	9	12	11	54	32	157	10.39	318.91	7.15	349.77	24.33	7.56	16.77	51.2	202.36	47	30.6	37	Naples		1613	9	12	11	54	32	162	6.65	314.85	7.15	349.77	24.33	7.56	16.77	51.2	202.36	93	34.66																						38	Naples		1613	9	13	12	48	30	138	8.56	29.67	7.13	336.08	24.52	-5.23	29.75	45.42	220.89	101	53.07	38	Naples		1613	9	13	12	48	30	146	10.12	21.02	7.13	336.08	24.52	-5.23	29.75	45.42	220.89	77	44.5	38	Naples		1613	9	13	12	48	31	143	21.46	9.27	7.13	336.08	24.52	-5.23	29.75	45.42	220.89	88	31.71	38	Naples		1613	9	13	12	48	31	173	22.79	15.43	7.13	336.08	24.52	-5.23	29.75	45.42	220.89	91	40.93	38	Naples		1613	9	13	12	48	31	174	18.27	10.31	7.13	336.08	24.52	-5.23	29.75	45.42	220.89	74	35.12	38	Naples		1613	9	13	12	48	31	175	23.48	6.96	7.13	336.08	24.52	-5.23	29.75	45.42	220.89	7	33.85	38	Naples		1613	9	13	12	48	31	176	21.89	7.352	7.13	336.08	24.52	-5.23	29.75	45.42	220.89	7	33.56	38	Naples		1613	9	13	12	48	32	156	9.24	329.93	7.13	336.08	24.52	-5.23	29.75	45.42	220.89	75	6.44	38	Naples		1613	9	13	12	48	32	157	10.39	323.99	7.13	336.08	24.52	-5.23	29.75	45.42	220.89	47	12.39	38	Naples		1613	9	13	12	48	32	162	8.79	319.8	7.13	336.08	24.52	-5.23	29.75	45.42	220.89	77	16.21	38	Naples		1613	9	13	12	48	33	177	-12.48	20.23	7.13	336.08	24.52	-5.23	29.75	45.42	220.89	74	48.06	38	Naples		1613	9	13	12	48	33	178	-14.06	19.77	7.13	336.08	24.52	-5.23	29.75	45.42	220.89	25	48.26	38	Naples		1613	9	13	12	48	33	179	-13.15	13.05	7.13	336.08	24.52	-5.23	29.75	45.42	220.89	84	41.95	38	Naples		1613	9	13	12	48	33	180	-14.07	11.63	7.13	336.08	24.52	-5.23	29.75	45.42	220.89	34	41.16	38	Naples		1613	9	13	12	48	34	181	3.53	317.41	7.13	336.08	24.52	-5.23	29.75	45.42	220.89	40	18.94	38	Naples		1613	9	13	12	48	34	182	3.54	311.92	7.13	336.08	24.52	-5.23	29.75	45.42	220.89	55	24.31	38	Naples		1613	9	13	12	48	35	183	8.33	277.44	7.13	336.08	24.52	-5.23	29.75	45.42	220.89	67	58.07	38	Naples		1613	9	13	12	48	35	184	4.77	276.5	7.13	336.08	24.52	-5.23	29.75	45.42	220.89	64	59.27	38	Naples		1613	9	13	12	48	35	185	6.64	270.47	7.13	336.08	24.52	-5.23	29.75	45.42	220.89	77	65.08																						39	Naples		1613	9	14	12	11	30	138	6.24	23.5	7.11	323.22	24.69	3.51	21.18	49.03	208.48	71	59.83	39	Naples		1613	9	14	12	11	30	146	7.93	15.27	7.11	323.22	24.69	3.51	21.18	49.03	208.48	64	51.57	39	Naples		1613	9	14	12	11	31	143	18.37	3.042	7.11	323.22	24.69	3.51	21.18	49.03	208.48	44	38.86	39	Naples		1613	9	14	12	11	31	173	16.87	7.31	7.11	323.22	24.69	3.51	21.18	49.03	208.48	39	44.1	39	Naples		1613	9	14	12	11	31	174	17.92	2.65	7.11	323.22	24.69	3.51	21.18	49.03	208.48	79	39.88	39	Naples		1613	9	14	12	11	32	156	8.52	331.23	7.11	323.22	24.69	3.51	21.18	49.03	208.48	71	8.06	39	Naples		1613	9	14	12	11	32	157	9.54	323.68	7.11	323.22	24.69	3.51	21.18	49.03	208.48	30	2.47	39	Naples		1613	9	14	12	11	32	162	8.24	319.33	7.11	323.22	24.69	3.51	21.18	49.03	208.48	43	4.02	39	Naples		1613	9	14	12	11	32	186	8.34	330.02	7.11	323.22	24.69	3.51	21.18	49.03	208.48	14	6.85	39	Naples		1613	9	14	12	11	33	177	-14.55	12.39	7.11	323.22	24.69	3.51	21.18	49.03	208.48	136	53.35	39	Naples		1613	9	14	12	11	33	178	-15.29	9.473	7.11	323.22	24.69	3.51	21.18	49.03	208.48	62	51	39	Naples		1613	9	14	12	11	33	179	-13.22	5.07	7.11	323.22	24.69	3.51	21.18	49.03	208.48	82	46.27	39	Naples		1613	9	14	12	11	33	180	-14.3	2.94	7.11	323.22	24.69	3.51	21.18	49.03	208.48	60	44.84	39	Naples		1613	9	14	12	11	34	181	2.68	317.58	7.11	323.22	24.69	3.51	21.18	49.03	208.48	44	7.15	39	Naples		1613	9	14	12	11	34	182	2.42	310.33	7.11	323.22	24.69	3.51	21.18	49.03	208.48	54	13.67	39	Naples		1613	9	14	12	11	34	187	1.76	309.33	7.11	323.22	24.69	3.51	21.18	49.03	208.48	24	14.84	39	Naples		1613	9	14	12	11	35	184	-0.34	270.76	7.11	323.22	24.69	3.51	21.18	49.03	208.48	136	52.85	39	Naples		1613	9	14	12	11	35	188	2.65	272.6	7.11	323.22	24.69	3.51	21.18	49.03	208.48	66	50.61	39	Naples		1613	9	14	12	11	35	189	2.23	269.83	7.11	323.22	24.69	3.51	21.18	49.03	208.48	39	53.41	39	Naples		1613	9	14	12	11	35	190	1.85	262.49	7.11	323.22	24.69	3.51	21.18	49.03	208.48	111	60.74	39	Naples		1613	9	14	12	11	35	191	3.56	251.04	7.11	323.22	24.69	3.51	21.18	49.03	208.48	163	71.9	39	Naples		1613	9	14	12	11	35	192	6.93	252.34	7.11	323.22	24.69	3.51	21.18	49.03	208.48	127	70.27	39	Naples		1613	9	14	12	11	36	193	-8.91	277.85	7.11	323.22	24.69	3.51	21.18	49.03	208.48	107	47.97	39	Naples		1613	9	14	12	11	36	194	-14.9	262.5	7.11	323.22	24.69	3.51	21.18	49.03	208.48	173	64.07																						40	Naples		1613	9	15	13	49	30	146	10.74	15.16	7.08	309.12	24.88	-14.57	39.45	35.95	237.02	165	65.24	40	Naples		1613	9	15	13	49	31	143	22.07	2.9	7.08	309.12	24.88	-14.57	39.45	35.95	237.02	81	52.73	40	Naples		1613	9	15	13	49	31	174	22.03	4.473	7.08	309.12	24.88	-14.57	39.45	35.95	237.02	63	55.29	40	Naples		1613	9	15	13	49	32	156	14.51	327.88	7.08	309.12	24.88	-14.57	39.45	35.95	237.02	30	19.85	40	Naples		1613	9	15	13	49	32	157	14.72	322.18	7.08	309.12	24.88	-14.57	39.45	35.95	237.02	46	14.91	40	Naples		1613	9	15	13	49	32	162	12.39	319.66	7.08	309.12	24.88	-14.57	39.45	35.95	237.02	96	11.66	40	Naples		1613	9	15	13	49	32	186	14.78	326.29	7.08	309.12	24.88	-14.57	39.45	35.95	237.02	72	18.52	40	Naples		1613	9	15	13	49	33	178	-12.16	16.1	7.08	309.12	24.88	-14.57	39.45	35.95	237.02	90	69.3	40	Naples		1613	9	15	13	49	33	179	-10.22	11.75	7.08	309.12	24.88	-14.57	39.45	35.95	237.02	118	64.71	40	Naples		1613	9	15	13	49	33	180	-10.31	5.13	7.08	309.12	24.88	-14.57	39.45	35.95	237.02	143	58.41	40	Naples		1613	9	15	13	49	34	181	8.72	318.39	7.08	309.12	24.88	-14.57	39.45	35.95	237.02	103	9.33	40	Naples		1613	9	15	13	49	34	182	7.07	311.51	7.08	309.12	24.88	-14.57	39.45	35.95	237.02	38	2.37	40	Naples		1613	9	15	13	49	34	187	6.13	310.74	7.08	309.12	24.88	-14.57	39.45	35.95	237.02	17	1.86	40	Naples		1613	9	15	13	49	35	184	4.48	273.56	7.08	309.12	24.88	-14.57	39.45	35.95	237.02	101	35.47	40	Naples		1613	9	15	13	49	35	188	7.47	276.26	7.08	309.12	24.88	-14.57	39.45	35.95	237.02	99	32.59	40	Naples		1613	9	15	13	49	35	189	6.78	273.33	7.08	309.12	24.88	-14.57	39.45	35.95	237.02	48	35.52	40	Naples		1613	9	15	13	49	35	190	6.54	265.71	7.08	309.12	24.88	-14.57	39.45	35.95	237.02	171	43.1	40	Naples		1613	9	15	13	49	35	191	7.89	255.85	7.08	309.12	24.88	-14.57	39.45	35.95	237.02	154	52.79	40	Naples		1613	9	15	13	49	35	192	9.51	259.42	7.08	309.12	24.88	-14.57	39.45	35.95	237.02	88	49.2	40	Naples		1613	9	15	13	49	35	195	10.87	256.47	7.08	309.12	24.88	-14.57	39.45	35.95	237.02	58	52.08	40	Naples		1613	9	15	13	49	35	196	8.7	255.46	7.08	309.12	24.88	-14.57	39.45	35.95	237.02	240	53.14	40	Naples		1613	9	15	13	49	36	193	-6.22	280.49	7.08	309.12	24.88	-14.57	39.45	35.95	237.02	104	31.51	40	Naples		1613	9	15	13	49	36	194	-12.04	261.71	7.08	309.12	24.88	-14.57	39.45	35.95	237.02	142	50.87																						41	Naples		1613	9	17	14	32	32	157	10.85	316.99	7.02	282.33	25.2	-18.56	43.76	28.1	246.03	36	34.43	41	Naples		1613	9	17	14	32	32	162	9.16	312.9	7.02	282.33	25.2	-18.56	43.76	28.1	246.03	56	30.33	41	Naples		1613	9	17	14	32	32	186	9.85	322.65	7.02	282.33	25.2	-18.56	43.76	28.1	246.03	77	39.96	41	Naples		1613	9	17	14	32	34	181	5.63	312.48	7.02	282.33	25.2	-18.56	43.76	28.1	246.03	72	29.99	41	Naples		1613	9	17	14	32	34	182	2.63	303.51	7.02	282.33	25.2	-18.56	43.76	28.1	246.03	88	21.55	41	Naples		1613	9	17	14	32	34	187	1.33	302.75	7.02	282.33	25.2	-18.56	43.76	28.1	246.03	46	21.13	41	Naples		1613	9	17	14	32	35	184	4	266.79	7.02	282.33	25.2	-18.56	43.76	28.1	246.03	82	15.76	41	Naples		1613	9	17	14	32	35	188	6.39	268.62	7.02	282.33	25.2	-18.56	43.76	28.1	246.03	122	13.63	41	Naples		1613	9	17	14	32	35	190	4.05	259.25	7.02	282.33	25.2	-18.56	43.76	28.1	246.03	82	23.16	41	Naples		1613	9	17	14	32	35	191	5.3	247.56	7.02	282.33	25.2	-18.56	43.76	28.1	246.03	193	34.61	41	Naples		1613	9	17	14	32	35	192	6.58	251.82	7.02	282.33	25.2	-18.56	43.76	28.1	246.03	146	30.29	41	Naples		1613	9	17	14	32	35	196	6.34	243.89	7.02	282.33	25.2	-18.56	43.76	28.1	246.03	168	38.18	41	Naples		1613	9	17	14	32	35	197	4.42	268.83	7.02	282.33	25.2	-18.56	43.76	28.1	246.03	56	13.69	41	Naples		1613	9	17	14	32	35	198	5.27	269.65	7.02	282.33	25.2	-18.56	43.76	28.1	246.03	8	12.73	41	Naples		1613	9	17	14	32	35	199	4.3	269.95	7.02	282.33	25.2	-18.56	43.76	28.1	246.03	4	12.61	41	Naples		1613	9	17	14	32	35	200	3.63	269.62	7.02	282.33	25.2	-18.56	43.76	28.1	246.03	6	13.1	41	Naples		1613	9	17	14	32	35	201	3.43	268.59	7.02	282.33	25.2	-18.56	43.76	28.1	246.03	31	14.14	41	Naples		1613	9	17	14	32	35	202	4.19	258.25	7.02	282.33	25.2	-18.56	43.76	28.1	246.03	22	24.13	41	Naples		1613	9	17	14	32	36	193	-7.37	278.97	7.02	282.33	25.2	-18.56	43.76	28.1	246.03	107	14.78	41	Naples		1613	9	17	14	32	36	194	-14.28	259.33	7.02	282.33	25.2	-18.56	43.76	28.1	246.03	243	31.22	41	Naples		1613	9	17	14	32	37	203	6.31	211.83	7.02	282.33	25.2	-18.56	43.76	28.1	246.03	526	69.95																						42	Naples		1613	9	18	14	31	32	157	14.1	321.79	6.99	269.14	25.35	-18.21	43.56	27.93	245.59	49	52.14	42	Naples		1613	9	18	14	31	32	162	10.26	314.87	6.99	269.14	25.35	-18.21	43.56	27.93	245.59	53	45.3	42	Naples		1613	9	18	14	31	34	181	7.37	315.22	6.99	269.14	25.35	-18.21	43.56	27.93	245.59	36	45.69	42	Naples		1613	9	18	14	31	34	182	3.79	307.35	6.99	269.14	25.35	-18.21	43.56	27.93	245.59	26	38.16	42	Naples		1613	9	18	14	31	35	184	4.32	268.53	6.99	269.14	25.35	-18.21	43.56	27.93	245.59	78	2.74	42	Naples		1613	9	18	14	31	35	188	5.94	270.44	6.99	269.14	25.35	-18.21	43.56	27.93	245.59	68	1.66	42	Naples		1613	9	18	14	31	35	190	4.95	259.04	6.99	269.14	25.35	-18.21	43.56	27.93	245.59	54	10.26	42	Naples		1613	9	18	14	31	35	191	7.2	248.96	6.99	269.14	25.35	-18.21	43.56	27.93	245.59	136	20.03	42	Naples		1613	9	18	14	31	35	192	9.02	252.84	6.99	269.14	25.35	-18.21	43.56	27.93	245.59	105	16.27	42	Naples		1613	9	18	14	31	35	196	8.52	244.6	6.99	269.14	25.35	-18.21	43.56	27.93	245.59	147	24.37	42	Naples		1613	9	18	14	31	35	197	4.34	270.88	6.99	269.14	25.35	-18.21	43.56	27.93	245.59	38	3.16	42	Naples		1613	9	18	14	31	36	193	-5.4	277.03	6.99	269.14	25.35	-18.21	43.56	27.93	245.59	59	14.68	42	Naples		1613	9	18	14	31	36	194	-12.45	258.11	6.99	269.14	25.35	-18.21	43.56	27.93	245.59	183	22.33	42	Naples		1613	9	18	14	31	37	203	9.47	211.86	6.99	269.14	25.35	-18.21	43.56	27.93	245.59	215	56.69	42	Naples		1613	9	18	14	31	37	204	8.61	213.79	6.99	269.14	25.35	-18.21	43.56	27.93	245.59	55	54.82	42	Naples		1613	9	18	14	31	37	205	8.43	208.56	6.99	269.14	25.35	-18.21	43.56	27.93	245.59	73	59.99	42	Naples		1613	9	18	14	31	38	206	-13.05	230.06	6.99	269.14	25.35	-18.21	43.56	27.93	245.59	49	43.7	42	Naples		1613	9	18	14	31	38	207	-11.65	227.54	6.99	269.14	25.35	-18.21	43.56	27.93	245.59	80	45.39																						43	Naples		1613	9	20	14	25	32	157	13.49	308.3	6.92	242.8	25.63	-17.16	42.79	28.27	243.89	137	64.63	43	Naples		1613	9	20	14	25	32	162	10.16	300.88	6.92	242.8	25.63	-17.16	42.79	28.27	243.89	87	57.45	43	Naples		1613	9	20	14	25	35	184	5.24	252.86	6.92	242.8	25.63	-17.16	42.79	28.27	243.89	69	10.14	43	Naples		1613	9	20	14	25	35	188	6.61	254.89	6.92	242.8	25.63	-17.16	42.79	28.27	243.89	88	12.01	43	Naples		1613	9	20	14	25	35	190	5.72	246.71	6.92	242.8	25.63	-17.16	42.79	28.27	243.89	44	4.06	43	Naples		1613	9	20	14	25	35	191	5.89	235.06	6.92	242.8	25.63	-17.16	42.79	28.27	243.89	129	7.77	43	Naples		1613	9	20	14	25	35	192	8.3	238.68	6.92	242.8	25.63	-17.16	42.79	28.27	243.89	171	4.32	43	Naples		1613	9	20	14	25	35	196	7.92	231.95	6.92	242.8	25.63	-17.16	42.79	28.27	243.89	140	10.81	43	Naples		1613	9	20	14	25	35	197	4.8	254.76	6.92	242.8	25.63	-17.16	42.79	28.27	243.89	40	12.08	43	Naples		1613	9	20	14	25	35	209	8.49	256.55	6.92	242.8	25.63	-17.16	42.79	28.27	243.89	29	13.71	43	Naples		1613	9	20	14	25	35	210	9.03	233.24	6.92	242.8	25.63	-17.16	42.79	28.27	243.89	13	9.7	43	Naples		1613	9	20	14	25	35	211	7.86	227.87	6.92	242.8	25.63	-17.16	42.79	28.27	243.89	41	14.84	43	Naples		1613	9	20	14	25	35	212	10	227.72	6.92	242.8	25.63	-17.16	42.79	28.27	243.89	20	15.23	43	Naples		1613	9	20	14	25	35	213	9.33	225.46	6.92	242.8	25.63	-17.16	42.79	28.27	243.89	17	17.34	43	Naples		1613	9	20	14	25	36	193	-6.1	263.14	6.92	242.8	25.63	-17.16	42.79	28.27	243.89	64	24.11	43	Naples		1613	9	20	14	25	36	194	-13.09	242.68	6.92	242.8	25.63	-17.16	42.79	28.27	243.89	178	20.01	43	Naples		1613	9	20	14	25	36	208	-10.45	244.17	6.92	242.8	25.63	-17.16	42.79	28.27	243.89	27	17.43	43	Naples		1613	9	20	14	25	37	203	10.19	196.68	6.92	242.8	25.63	-17.16	42.79	28.27	243.89	178	45.69	43	Naples		1613	9	20	14	25	37	204	9.27	198.72	6.92	242.8	25.63	-17.16	42.79	28.27	243.89	59	43.69	43	Naples		1613	9	20	14	25	37	205	9.3	194.09	6.92	242.8	25.63	-17.16	42.79	28.27	243.89	40	48.25	43	Naples		1613	9	20	14	25	37	214	7.83	195.79	6.92	242.8	25.63	-17.16	42.79	28.27	243.89	49	46.61	43	Naples		1613	9	20	14	25	37	215	8.79	193.21	6.92	242.8	25.63	-17.16	42.79	28.27	243.89	25	49.13	43	Naples		1613	9	20	14	25	38	206	-12.59	213.38	6.92	242.8	25.63	-17.16	42.79	28.27	243.89	102	35.16	43	Naples		1613	9	20	14	25	39	216	19.54	198.48	6.92	242.8	25.63	-17.16	42.79	28.27	243.89	84	44.8																						44	Naples		1613	9	21	14	18	35	184	7.74	266.5	6.88	229.67	25.76	-16.23	41.99	29.11	242.19	50	36.52	44	Naples		1613	9	21	14	18	35	188	9.08	269.4	6.88	229.67	25.76	-16.23	41.99	29.11	242.19	89	39.38	44	Naples		1613	9	21	14	18	35	191	7.9	246.85	6.88	229.67	25.76	-16.23	41.99	29.11	242.19	97	17.06	44	Naples		1613	9	21	14	18	35	192	9.49	250.36	6.88	229.67	25.76	-16.23	41.99	29.11	242.19	105	20.64	44	Naples		1613	9	21	14	18	35	196	8.6	242.92	6.88	229.67	25.76	-16.23	41.99	29.11	242.19	93	13.24	44	Naples		1613	9	21	14	18	35	197	7.57	268.76	6.88	229.67	25.76	-16.23	41.99	29.11	242.19	40	38.77	44	Naples		1613	9	21	14	18	35	209	8.69	271.58	6.88	229.67	25.76	-16.23	41.99	29.11	242.19	15	41.54	44	Naples		1613	9	21	14	18	36	193	-9.29	255.33	6.88	229.67	25.76	-16.23	41.99	29.11	242.19	171	30.25	44	Naples		1613	9	21	14	18	36	194	-10.71	229.95	6.88	229.67	25.76	-16.23	41.99	29.11	242.19	122	17.6	44	Naples		1613	9	21	14	18	37	203	11.35	213.19	6.88	229.67	25.76	-16.23	41.99	29.11	242.19	153	16.87	44	Naples		1613	9	21	14	18	37	204	9.64	215.18	6.88	229.67	25.76	-16.23	41.99	29.11	242.19	34	14.6	44	Naples		1613	9	21	14	18	37	220	10.46	211.23	6.88	229.67	25.76	-16.23	41.99	29.11	242.19	13	18.58	44	Naples		1613	9	21	14	18	37	221	9.53	212.22	6.88	229.67	25.76	-16.23	41.99	29.11	242.19	13	17.48	44	Naples		1613	9	21	14	18	37	222	9.49	210.88	6.88	229.67	25.76	-16.23	41.99	29.11	242.19	32	18.78	44	Naples		1613	9	21	14	18	37	223	8.43	211.8	6.88	229.67	25.76	-16.23	41.99	29.11	242.19	26	17.78	44	Naples		1613	9	21	14	18	37	224	9.5	209.72	6.88	229.67	25.76	-16.23	41.99	29.11	242.19	25	19.91	44	Naples		1613	9	21	14	18	37	225	8.77	210.31	6.88	229.67	25.76	-16.23	41.99	29.11	242.19	19	19.27	44	Naples		1613	9	21	14	18	37	226	8.16	210.88	6.88	229.67	25.76	-16.23	41.99	29.11	242.19	4	18.68	44	Naples		1613	9	21	14	18	37	227	7.78	210.38	6.88	229.67	25.76	-16.23	41.99	29.11	242.19	8	19.15	44	Naples		1613	9	21	14	18	37	228	8.19	209.51	6.88	229.67	25.76	-16.23	41.99	29.11	242.19	21	20.02	44	Naples		1613	9	21	14	18	39	216	19.14	215.14	6.88	229.67	25.76	-16.23	41.99	29.11	242.19	52	18.7	44	Naples		1613	9	21	14	18	40	217	-2.94	276.25	6.88	229.67	25.76	-16.23	41.99	29.11	242.19	37	47.51	44	Naples		1613	9	21	14	18	40	218	-4.73	275.38	6.88	229.67	25.76	-16.23	41.99	29.11	242.19	41	47.07	44	Naples		1613	9	21	14	18	40	219	-3.97	271.98	6.88	229.67	25.76	-16.23	41.99	29.11	242.19	31	43.6	44	Naples		1613	9	21	14	18	41	229	12.29	201.56	6.88	229.67	25.76	-16.23	41.99	29.11	242.19	124	28.22	44	Naples		1613	9	21	14	18	41	230	12.5	199.6	6.88	229.67	25.76	-16.23	41.99	29.11	242.19	26	30.15	44	Naples		1613	9	21	14	18	41	231	14.52	197.58	6.88	229.67	25.76	-16.23	41.99	29.11	242.19	211	32.41																						45	Naples		1613	9	22	14	20	35	191	7.77	248.04	6.84	216.46	25.89	-16.2	42.08	28.42	242.38	136	31.34	45	Naples		1613	9	22	14	20	35	192	8.2	253.73	6.84	216.46	25.89	-16.2	42.08	28.42	242.38	138	36.97	45	Naples		1613	9	22	14	20	35	196	8.83	243.65	6.84	216.46	25.89	-16.2	42.08	28.42	242.38	73	27	45	Naples		1613	9	22	14	20	35	238	8.11	244.65	6.84	216.46	25.89	-16.2	42.08	28.42	242.38	25	27.98	45	Naples		1613	9	22	14	20	35	239	11.25	241.5	6.84	216.46	25.89	-16.2	42.08	28.42	242.38	22	25.11	45	Naples		1613	9	22	14	20	35	240	9.97	240.6	6.84	216.46	25.89	-16.2	42.08	28.42	242.38	25	24.08	45	Naples		1613	9	22	14	20	35	241	11.78	236.72	6.84	216.46	25.89	-16.2	42.08	28.42	242.38	19	20.59	45	Naples		1613	9	22	14	20	36	193	-9.9	253.94	6.84	216.46	25.89	-16.2	42.08	28.42	242.38	193	40.92	45	Naples		1613	9	22	14	20	36	194	-8.5	225.83	6.84	216.46	25.89	-16.2	42.08	28.42	242.38	197	17.96	45	Naples		1613	9	22	14	20	37	203	12.39	212.25	6.84	216.46	25.89	-16.2	42.08	28.42	242.38	142	6.93	45	Naples		1613	9	22	14	20	37	204	9.59	217.23	6.84	216.46	25.89	-16.2	42.08	28.42	242.38	25	2.85	45	Naples		1613	9	22	14	20	37	232	11.94	213.99	6.84	216.46	25.89	-16.2	42.08	28.42	242.38	23	5.64	45	Naples		1613	9	22	14	20	37	233	11.53	210.08	6.84	216.46	25.89	-16.2	42.08	28.42	242.38	40	7.85	45	Naples		1613	9	22	14	20	37	234	9.53	210.64	6.84	216.46	25.89	-16.2	42.08	28.42	242.38	15	6.35	45	Naples		1613	9	22	14	20	37	235	9.85	209.16	6.84	216.46	25.89	-16.2	42.08	28.42	242.38	20	7.82	45	Naples		1613	9	22	14	20	37	236	9.48	207.95	6.84	216.46	25.89	-16.2	42.08	28.42	242.38	17	8.82	45	Naples		1613	9	22	14	20	37	237	7.86	209.28	6.84	216.46	25.89	-16.2	42.08	28.42	242.38	43	7.2	45	Naples		1613	9	22	14	20	39	216	21.78	21.78	6.84	216.46	25.89	-16.2	42.08	28.42	242.38	46	15.13	45	Naples		1613	9	22	14	20	41	229	13.52	199.21	6.84	216.46	25.89	-16.2	42.08	28.42	242.38	143	18.23	45	Naples		1613	9	22	14	20	41	230	11.87	195.77	6.84	216.46	25.89	-16.2	42.08	28.42	242.38	24	21.01	45	Naples		1613	9	22	14	20	41	231	15.83	194.48	6.84	216.46	25.89	-16.2	42.08	28.42	242.38	275	23.32	45	Naples		1613	9	22	14	20	42	242	-14.38	177.24	6.84	216.46	25.89	-16.2	42.08	28.42	242.38	79	44.31																						46	Naples		1613	9	25	13	36	35	191	4.4	247.69	6.71	177.27	26.21	-10.25	36.46	34.35	231.78	153	70.07	46	Naples		1613	9	25	13	36	35	192	2.58	254.54	6.71	177.27	26.21	-10.25	36.46	34.35	231.78	161	77.06	46	Naples		1613	9	25	13	36	35	243	7.92	238.93	6.71	177.27	26.21	-10.25	36.46	34.35	231.78	115	61.11	46	Naples		1613	9	25	13	36	35	244	9.88	229.45	6.71	177.27	26.21	-10.25	36.46	34.35	231.78	139	51.68	46	Naples		1613	9	25	13	36	36	194	-12.58	221.5	6.71	177.27	26.21	-10.25	36.46	34.35	231.78	142	48	46	Naples		1613	9	25	13	36	37	204	10.44	220.92	6.71	177.27	26.21	-10.25	36.46	34.35	231.78	111	43.29	46	Naples		1613	9	25	13	36	37	245	12.26	216.21	6.71	177.27	26.21	-10.25	36.46	34.35	231.78	46	38.76	46	Naples		1613	9	25	13	36	37	246	12.15	213.97	6.71	177.27	26.21	-10.25	36.46	34.35	231.78	105	36.57	46	Naples		1613	9	25	13	36	37	247	10.64	215.3	6.71	177.27	26.21	-10.25	36.46	34.35	231.78	54	37.77	46	Naples		1613	9	25	13	36	37	248	11.04	206.61	6.71	177.27	26.21	-10.25	36.46	34.35	231.78	144	29.29	46	Naples		1613	9	25	13	36	41	229	11.32	197.44	6.71	177.27	26.21	-10.25	36.46	34.35	231.78	187	20.43	46	Naples		1613	9	25	13	36	41	231	15.16	191.1	6.71	177.27	26.21	-10.25	36.46	34.35	231.78	221	15.98	46	Naples		1613	9	25	13	36	41	249	17.41	190.61	6.71	177.27	26.21	-10.25	36.46	34.35	231.78	31	16.85	46	Naples		1613	9	25	13	36	41	250	17.29	188.93	6.71	177.27	26.21	-10.25	36.46	34.35	231.78	30	15.54	46	Naples		1613	9	25	13	36	41	251	15.88	188.63	6.71	177.27	26.21	-10.25	36.46	34.35	231.78	31	14.42	46	Naples		1613	9	25	13	36	42	242	-9.64	173.94	6.71	177.27	26.21	-10.25	36.46	34.35	231.78	46	16.68	46	Naples		1613	9	25	13	36	42	252	-11.24	168.98	6.71	177.27	26.21	-10.25	36.46	34.35	231.78	38	19.76	46	Naples		1613	9	25	13	36	42	253	-14.9	165.54	6.71	177.27	26.21	-10.25	36.46	34.35	231.78	52	24.54	46	Naples		1613	9	25	13	36	43	254	-9.32	133.68	6.71	177.27	26.21	-10.25	36.46	34.35	231.78	101	46.3	46	Naples		1613	9	25	13	36	43	255	-9.29	127.88	6.71	177.27	26.21	-10.25	36.46	34.35	231.78	43	51.76	46	Naples		1613	9	25	13	36	44	256	29.11	134.98	6.71	177.27	26.21	-10.25	36.46	34.35	231.78	85	45.68	46	Naples		1613	9	25	13	36	44	257	31.99	130.07	6.71	177.27	26.21	-10.25	36.46	34.35	231.78	46	50.64																						47	Naples		1613	9	26	13	37	35	243	6.76	237.72	6.67	164.07	26.31	-10.18	36.49	33.84	231.82	206	73.07	47	Naples		1613	9	26	13	37	35	244	8.19	229.94	6.67	164.07	26.31	-10.18	36.49	33.84	231.82	166	65.27	47	Naples		1613	9	26	13	37	36	194	-14.64	227.85	6.67	164.07	26.31	-10.18	36.49	33.84	231.82	135	66.72	47	Naples		1613	9	26	13	37	37	203	9.66	214.49	6.67	164.07	26.31	-10.18	36.49	33.84	231.82	154	49.96	47	Naples		1613	9	26	13	37	37	204	8.16	219.47	6.67	164.07	26.31	-10.18	36.49	33.84	231.82	208	54.91	47	Naples		1613	9	26	13	37	37	248	8.47	208.68	6.67	164.07	26.31	-10.18	36.49	33.84	231.82	183	44.23	47	Naples		1613	9	26	13	37	37	258	9.43	206.63	6.67	164.07	26.31	-10.18	36.49	33.84	231.82	39	42.21	47	Naples		1613	9	26	13	37	41	229	9.51	198.53	6.67	164.07	26.31	-10.18	36.49	33.84	231.82	183	34.22	47	Naples		1613	9	26	13	37	41	231	12.51	191.42	6.67	164.07	26.31	-10.18	36.49	33.84	231.82	134	27.57	47	Naples		1613	9	26	13	37	42	242	-13.69	174.9	6.67	164.07	26.31	-10.18	36.49	33.84	231.82	38	23.02	47	Naples		1613	9	26	13	37	42	252	-13.42	169.77	6.67	164.07	26.31	-10.18	36.49	33.84	231.82	48	20.87	47	Naples		1613	9	26	13	37	42	253	-17.16	165.58	6.67	164.07	26.31	-10.18	36.49	33.84	231.82	59	23.87	47	Naples		1613	9	26	13	37	43	254	-10.45	133.01	6.67	164.07	26.31	-10.18	36.49	33.84	231.82	125	35.35	47	Naples		1613	9	26	13	37	43	255	-11.65	126.31	6.67	164.07	26.31	-10.18	36.49	33.84	231.82	72	41.79	47	Naples		1613	9	26	13	37	44	256	27.6	135.42	6.67	164.07	26.31	-10.18	36.49	33.84	231.82	94	34.29	47	Naples		1613	9	26	13	37	44	257	29.87	130.82	6.67	164.07	26.31	-10.18	36.49	33.84	231.82	33	38.91	47	Naples		1613	9	26	13	37	45	259	7.42	164.73	6.67	164.07	26.31	-10.18	36.49	33.84	231.82	59	1	47	Naples		1613	9	26	13	37	46	260	22.81	132.91	6.67	164.07	26.31	-10.18	36.49	33.84	231.82	37	34.06	47	Naples		1613	9	26	13	37	47	261	30.21	97	6.67	164.07	26.31	-10.18	36.49	33.84	231.82	173	66.87																						48	Naples		1613	9	27	13	41	37	203	7.04	219.34	6.62	150.84	26.4	-10.54	36.94	32.88	232.58	81	67.95	48	Naples		1613	9	27	13	41	37	204	7.19	226.1	6.62	150.84	26.4	-10.54	36.94	32.88	232.58	146	74.62	48	Naples		1613	9	27	13	41	37	248	7.6	211.79	6.62	150.84	26.4	-10.54	36.94	32.88	232.58	65	60.45	48	Naples		1613	9	27	13	41	41	229	8.63	202.46	6.62	150.84	26.4	-10.54	36.94	32.88	232.58	113	51.16	48	Naples		1613	9	27	13	41	41	231	11.27	194.76	6.62	150.84	26.4	-10.54	36.94	32.88	232.58	112	43.59	48	Naples		1613	9	27	13	41	42	242	-14.14	178.23	6.62	150.84	26.4	-10.54	36.94	32.88	232.58	37	34.2	48	Naples		1613	9	27	13	41	42	252	-16.37	173.9	6.62	150.84	26.4	-10.54	36.94	32.88	232.58	37	32.39	48	Naples		1613	9	27	13	41	42	253	-21.33	172.82	6.62	150.84	26.4	-10.54	36.94	32.88	232.58	40	35.3	48	Naples		1613	9	27	13	41	43	254	-12.55	134.16	6.62	150.84	26.4	-10.54	36.94	32.88	232.58	165	25.35	48	Naples		1613	9	27	13	41	43	268	-10.8	131.33	6.62	150.84	26.4	-10.54	36.94	32.88	232.58	41	26.09	48	Naples		1613	9	27	13	41	43	269	-12.25	126.59	6.62	150.84	26.4	-10.54	36.94	32.88	232.58	22	30.61	48	Naples		1613	9	27	13	41	43	270	-10.83	125.8	6.62	150.84	26.4	-10.54	36.94	32.88	232.58	16	30.42	48	Naples		1613	9	27	13	41	43	271	-13.3	124.33	6.62	150.84	26.4	-10.54	36.94	32.88	232.58	32	33.01	48	Naples		1613	9	27	13	41	43	272	-13.99	127.25	6.62	150.84	26.4	-10.54	36.94	32.88	232.58	23	31.18	48	Naples		1613	9	27	13	41	44	256	25.71	132.87	6.62	150.84	26.4	-10.54	36.94	32.88	232.58	63	25.67	48	Naples		1613	9	27	13	41	45	259	8.66	168.47	6.62	150.84	26.4	-10.54	36.94	32.88	232.58	27	17.6	48	Naples		1613	9	27	13	41	45	262	9.72	166.3	6.62	150.84	26.4	-10.54	36.94	32.88	232.58	36	15.62	48	Naples		1613	9	27	13	41	45	263	9.11	163.39	6.62	150.84	26.4	-10.54	36.94	32.88	232.58	39	12.68	48	Naples		1613	9	27	13	41	46	264	17.39	140.37	6.62	150.84	26.4	-10.54	36.94	32.88	232.58	21	14.85	48	Naples		1613	9	27	13	41	46	265	17.31	138.56	6.62	150.84	26.4	-10.54	36.94	32.88	232.58	38	16.07	48	Naples		1613	9	27	13	41	46	266	16.93	136.41	6.62	150.84	26.4	-10.54	36.94	32.88	232.58	46	17.47	48	Naples		1613	9	27	13	41	46	267	16.8	134.03	6.62	150.84	26.4	-10.54	36.94	32.88	232.58	83	19.33	48	Naples		1613	9	27	13	41	47	261	27	95	6.62	150.84	26.4	-10.54	36.94	32.88	232.58	65	56.68																						49	Naples		1613	9	28	12	56	37	203	8.06	212.73	6.57	138.06	26.48	-3.17	29.65	38.71	220.81	109	73.98	49	Naples		1613	9	28	12	56	37	248	7.52	207.86	6.57	138.06	26.48	-3.17	29.65	38.71	220.81	95	69.2	49	Naples		1613	9	28	12	56	41	229	8.39	200.24	6.57	138.06	26.48	-3.17	29.65	38.71	220.81	157	61.62	49	Naples		1613	9	28	12	56	41	231	10.76	192.6	6.57	138.06	26.48	-3.17	29.65	38.71	220.81	164	54.02	49	Naples		1613	9	28	12	56	42	242	-13.44	178.36	6.57	138.06	26.48	-3.17	29.65	38.71	220.81	33	44.74	49	Naples		1613	9	28	12	56	42	252	-13.31	173.58	6.57	138.06	26.48	-3.17	29.65	38.71	220.81	27	40.49	49	Naples		1613	9	28	12	56	42	253	-16.2	172.23	6.57	138.06	26.48	-3.17	29.65	38.71	220.81	37	40.77	49	Naples		1613	9	28	12	56	43	254	-11.27	131.85	6.57	138.06	26.48	-3.17	29.65	38.71	220.81	91	18.88	49	Naples		1613	9	28	12	56	43	275	-16.4	132.92	6.57	138.06	26.48	-3.17	29.65	38.71	220.81	48	23.52	49	Naples		1613	9	28	12	56	44	256	25.47	132.49	6.57	138.06	26.48	-3.17	29.65	38.71	220.81	69	19.64	49	Naples		1613	9	28	12	56	45	259	5.61	164.81	6.57	138.06	26.48	-3.17	29.65	38.71	220.81	50	26.61	49	Naples		1613	9	28	12	56	45	263	6.79	159.04	6.57	138.06	26.48	-3.17	29.65	38.71	220.81	72	20.84	49	Naples		1613	9	28	12	56	45	273	6.95	160.52	6.57	138.06	26.48	-3.17	29.65	38.71	220.81	27	22.31	49	Naples		1613	9	28	12	56	46	264	6.79	159.04	6.57	138.06	26.48	-3.17	29.65	38.71	220.81	21	10.67	49	Naples		1613	9	28	12	56	46	265	17.23	138.41	6.57	138.06	26.48	-3.17	29.65	38.71	220.81	27	10.33	49	Naples		1613	9	28	12	56	46	274	18.4	134.19	6.57	138.06	26.48	-3.17	29.65	38.71	220.81	25	12.42	49	Naples		1613	9	28	12	56	47	261	29.61	93.03	6.57	138.06	26.48	-3.17	29.65	38.71	220.81	86	48.17	49	Naples		1613	9	28	12	56	49	276	-22.98	103.55	6.57	138.06	26.48	-3.17	29.65	38.71	220.81	45	44.84	49	Naples		1613	9	28	12	56	49	277	-24.97	96.35	6.57	138.06	26.48	-3.17	29.65	38.71	220.81	71	51.38	49	Naples		1613	9	28	12	56	50	278	-19.63	68.92	6.57	138.06	26.48	-3.17	29.65	38.71	220.81	139	72.85																						50	Naples		1613	9	29	11	37	41	231	10.05	193.48	6.51	125.59	26.55	14.66	11.89	45.47	195.79	201	67.17	50	Naples		1613	9	29	11	37	42	242	-13.87	182.35	6.51	125.59	26.55	14.66	11.89	45.47	195.79	106	59.9	50	Naples		1613	9	29	11	37	42	252	-12.21	174.92	6.51	125.59	26.55	14.66	11.89	45.47	195.79	72	52.49	50	Naples		1613	9	29	11	37	43	254	-9.76	130.13	6.51	125.59	26.55	14.66	11.89	45.47	195.79	111	16.89	50	Naples		1613	9	29	11	37	44	256	27.45	130.77	6.51	125.59	26.55	14.66	11.89	45.47	195.79	56	21.51	50	Naples		1613	9	29	11	37	45	259	8.07	164.24	6.51	125.59	26.55	14.66	11.89	45.47	195.79	89	38.36	50	Naples		1613	9	29	11	37	45	263	8.54	157.28	6.51	125.59	26.55	14.66	11.89	45.47	195.79	84	31.48	50	Naples		1613	9	29	11	37	46	264	19.1	138.94	6.51	125.59	26.55	14.66	11.89	45.47	195.79	21	18.09	50	Naples		1613	9	29	11	37	46	274	20.13	133.62	6.51	125.59	26.55	14.66	11.89	45.47	195.79	19	15.69	50	Naples		1613	9	29	11	37	47	261	29.14	89.16	6.51	125.59	26.55	14.66	11.89	45.47	195.79	112	41.11	50	Naples		1613	9	29	11	37	49	276	-21.49	102.48	6.51	125.59	26.55	14.66	11.89	45.47	195.79	81	36.03	50	Naples		1613	9	29	11	37	49	277	-21.36	93.48	6.51	125.59	26.55	14.66	11.89	45.47	195.79	167	42.06	50	Naples		1613	9	29	11	37	50	278	-19.82	61.7	6.51	125.59	26.55	14.66	11.89	45.47	195.79	145	68.1																						51	Naples		1613	9	30	11	22	43	254	-11.05	133.22	6.46	112.53	26.62	18.66	7.96	45.73	190.53	59	27.03	51	Naples		1613	9	30	11	22	44	256	25.9	127.85	6.46	112.53	26.62	18.66	7.96	45.73	190.53	66	24.33	51	Naples		1613	9	30	11	22	45	259	5.79	167.78	6.46	112.53	26.62	18.66	7.96	45.73	190.53	78	54.91	51	Naples		1613	9	30	11	22	45	263	5.73	159.18	6.46	112.53	26.62	18.66	7.96	45.73	190.53	88	46.38	51	Naples		1613	9	30	11	22	45	279	6.12	160.18	6.46	112.53	26.62	18.66	7.96	45.73	190.53	38	47.35	51	Naples		1613	9	30	11	22	47	261	28.16	86.19	6.46	112.53	26.62	18.66	7.96	45.73	190.53	120	33.05	51	Naples		1613	9	30	11	22	49	276	-22.12	106.86	6.46	112.53	26.62	18.66	7.96	45.73	190.53	71	29.11	51	Naples		1613	9	30	11	22	49	277	-23.61	97.84	6.46	112.53	26.62	18.66	7.96	45.73	190.53	58	33.32	51	Naples		1613	9	30	11	22	49	280	-24.82	95.72	6.46	112.53	26.62	18.66	7.96	45.73	190.53	25	35.3	51	Naples		1613	9	30	11	22	50	278	-24.41	63.32	6.46	112.53	26.62	18.66	7.96	45.73	190.53	215	57																						52	Naples		1614	10	3	11	43	53	287	18.08	257.16	6.29	295.2	26.77	13.38	13.39	43.65	197.79	459	459	52	Naples		1614	10	3	11	43	54	288	18.9	239.81	6.29	295.2	26.77	13.38	13.39	43.65	197.79	694	55.28	52	Naples		1614	10	3	11	43	54	289	17.6	227.16	6.29	295.2	26.77	13.38	13.39	43.65	197.79	395	67.21																						53	Naples		1614	10	3	11	30	54	288	18.23	250.59	6.3	295.32	26.77	16.67	10.1	44.31	193.37	496	45.17	53	Naples		1614	10	3	11	30	54	289	18.58	237.49	6.3	295.32	26.77	16.67	10.1	44.31	193.37	183	57.55																						54	Naples		1614	10	3	11	19	51	281	24.65	0.812	6.3	295.42	26.77	19.53	7.24	44.73	189.57	619	65.03	54	Naples		1614	10	3	11	19	54	288	27.44	258.13	6.3	295.42	26.77	19.53	7.24	44.73	189.57	492	41.2	54	Naples		1614	10	3	11	19	54	289	29.75	245.37	6.3	295.42	26.77	19.53	7.24	44.73	189.57	245	52.52																						55	Naples		1614	10	3	12	30	51	281	27.8	352.52	6.29	294.77	26.77	2.61	24.16	39.84	212.67	532	58.65	55	Naples		1614	10	3	12	30	52	282	19.81	315.43	6.29	294.77	26.77	2.61	24.16	39.84	212.67	1665	24.2	55	Naples		1614	10	3	12	30	56	292	-26.37	346.54	6.29	294.77	26.77	2.61	24.16	39.84	212.67	492	59.84	55	Naples		1614	10	3	12	30	56	293	-24.79	340.72	6.29	294.77	26.77	2.61	24.16	39.84	212.67	246	54.44																						56	Naples		1614	10	3	13	26	51	281	23.69	355.04	6.29	294.26	26.78	-7.41	34.19	32.97	227.82	279	60.77	56	Naples		1614	10	3	13	26	52	282	18.5	318.01	6.29	294.26	26.78	-7.41	34.19	32.97	227.82	527	26.16	56	Naples		1614	10	3	13	26	52	283	18.43	304.75	6.29	294.26	26.78	-7.41	34.19	32.97	227.82	160	15.88	56	Naples		1614	10	3	13	26	56	292	-22.69	353.66	6.29	294.26	26.78	-7.41	34.19	32.97	227.82	450	64.88	56	Naples		1614	10	3	13	26	56	293	-22.43	345.65	6.29	294.26	26.78	-7.41	34.19	32.97	227.82	311	57.89																						57	Naples		1614	10	3	12	47	51	281	24.21	359.36	6.29	294.62	26.78	-0.77	27.54	37.98	217.58	658	64.43	57	Naples		1614	10	3	12	47	52	282	23.08	320.97	6.29	294.62	26.78	-0.77	27.54	37.98	217.58	405	30.42	57	Naples		1614	10	3	12	47	52	283	27.36	305.97	6.29	294.62	26.78	-0.77	27.54	37.98	217.58	123	23.67	57	Naples		1614	10	3	12	47	53	284	11.47	278.38	6.29	294.62	26.78	-0.77	27.54	37.98	217.58	191	16.85	57	Naples		1614	10	3	12	47	53	285	7.23	275.6	6.29	294.62	26.78	-0.77	27.54	37.98	217.58	402	18.9	57	Naples		1614	10	3	12	47	53	286	4.53	273.59	6.29	294.62	26.78	-0.77	27.54	37.98	217.58	196	21.01	57	Naples		1614	10	3	12	47	53	287	14.64	265.49	6.29	294.62	26.78	-0.77	27.54	37.98	217.58	358	29.8	57	Naples		1614	10	3	12	47	54	288	17.49	250.64	6.29	294.62	26.78	-0.77	27.54	37.98	217.58	347	44.34	57	Naples		1614	10	3	12	47	54	289	17.78	236.72	6.29	294.62	26.78	-0.77	27.54	37.98	217.58	210	57.55	57	Naples		1614	10	3	12	47	55	290	-10.26	282.13	6.29	294.62	26.78	-0.77	27.54	37.98	217.58	202	20.7	57	Naples		1614	10	3	12	47	55	291	-13.37	279.97	6.29	294.62	26.78	-0.77	27.54	37.98	217.58	174	24.46	57	Naples		1614	10	3	12	47	56	292	-27.35	352.39	6.29	294.62	26.78	-0.77	27.54	37.98	217.58	518	65.13	57	Naples		1614	10	3	12	47	56	293	-25.59	344.46	6.29	294.62	26.78	-0.77	27.54	37.98	217.58	298	57.94	