Sunspot positions and areas from observations by Sigismondo di Cologna defined by Vokhmyanin, Arlt, and Zolotova (in Solar Physics 2020).

Method I: sunspot positions are defined according to the time of observation reported by the observer (Hore).

Draw - Number of drawing;
Place - Location of the observer;
YYYY - Year;
MM - Month;
DD - Day;
HH - UT Hour (Time of observation defined by means of Method I);
MI- Minute (Time of observation defined by means of Method I);
G_Har - Number of sunspot group according to numeration assigned by us in the Harriot’s observations (Sunspot positions and areas from observations by Thomas Harriot defined by Vokhmyanin, Arlt, and Zolotova, Solar Physics 2020, v. 295:39; https://doi.org/10.1007/s11207-020-01604-4);
G - Arbitrary number of sunspot group;
Sp - Arbitrary number of sunspot;
BBB.BB - Heliographic latitude. Southern latitudes are negative;
LLL.LL - Heliographic longitude in the Carrington rotation frame;
B0 - Heliographic latitude of apparent disk center;
L0 - Heliographic longitude of apparent disk center;
P - Position angle;
Rot - Rotation angle of solar image in x-y plane;
q - Parallactic angle;
Alt - Altitude;
Azm - Azimuth;
Area - Area of the sunspot in millionths of the solar hemisphere (msh);
alpha - Angular distance on the surface of the Sun from the center of the disk to the area-weighted position of the object;
Hore - Time of observation noted by the observer in hours after sunset;
HH_set and MI_set - Time of sunset in UT Hour and Minute.




Draw	Place	YYYY	MM	DD	HH	MI	G_Har	G	Sp	BBB.BB	LLL.LL	B0	L0	P	Rot	q	Alt	Azm	Area	alpha	Hore	HH_set	MI_set	Comment1	Monreale	1612	9	6	9	56	175	1	1	49.85	235.43	7.24	207.63	23.13	46.81	-23.68	54.62	149.53	667	48.52	17	17	21	1	Monreale	1612	9	6	9	56	172	2	2	27.81	250.49	7.24	207.63	23.13	46.81	-23.68	54.62	149.53	417	45.37	17	17	21	1	Monreale	1612	9	6	9	56	176	3	3	22.69	214.36	7.24	207.63	23.13	46.81	-23.68	54.62	149.53	1078	16.74	17	17	21	1	Monreale	1612	9	6	9	56	176	3	4	21.25	208.95	7.24	207.63	23.13	46.81	-23.68	54.62	149.53	416	14.04	17	17	21	1	Monreale	1612	9	6	9	56	173	4	5	18.11	269.47	7.24	207.63	23.13	46.81	-23.68	54.62	149.53	536	61.05	17	17	21	1	Monreale	1612	9	6	9	56	174	5	6	-7.23	243.89	7.24	207.63	23.13	46.81	-23.68	54.62	149.53	801	39.04	17	17	21	1	Monreale	1612	9	6	9	56	174	5	7	-9.41	238.53	7.24	207.63	23.13	46.81	-23.68	54.62	149.53	276	35.01	17	17	21	1	Monreale	1612	9	6	9	56	174	5	8	-11.95	232.78	7.24	207.63	23.13	46.81	-23.68	54.62	149.53	392	31.54	17	17	21																									2	Monreale	1612	9	7	10	44	175	1	1	33.81	240.78	7.23	193.99	23.36	30.84	-7.48	57.51	170.53	273	50.64	17	17	20	2	Monreale	1612	9	7	10	44	176	3	3	20.02	209.19	7.23	193.99	23.36	30.84	-7.48	57.51	170.53	749	19.51	17	17	20	2	Monreale	1612	9	7	10	44	176	3	4	20.35	201.31	7.23	193.99	23.36	30.84	-7.48	57.51	170.53	162	14.92	17	17	20	2	Monreale	1612	9	7	10	44	174	5	6	-20.94	239.56	7.23	193.99	23.36	30.84	-7.48	57.51	170.53	1568	52.88	17	17	20	2	Monreale	1612	9	7	10	44	174	5	7	-23.46	232.28	7.23	193.99	23.36	30.84	-7.48	57.51	170.53	209	48.35	17	17	20	2	Monreale	1612	9	7	10	44	174	5	8	-26.78	226.59	7.23	193.99	23.36	30.84	-7.48	57.51	170.53	267	46.41	17	17	20																									3	Monreale	1612	9	8	6	53	175	1	1	5.77	242.74	7.22	182.9	23.54	73.96	-50.42	24.75	102.97	275	59.43	13	17	18	This sunspot was probably drawn with a large uncertainty.3	Monreale	1612	9	8	6	53	176	3	3	18.04	207.47	7.22	182.9	23.54	73.96	-50.42	24.75	102.97	461	26.28	13	17	18	3	Monreale	1612	9	8	6	53	176	3	4	18.71	200.16	7.22	182.9	23.54	73.96	-50.42	24.75	102.97	89	20.33	13	17	18	3	Monreale	1612	9	8	6	53	174	5	6	-24.54	227.92	7.22	182.9	23.54	73.96	-50.42	24.75	102.97	459	54.17	13	17	18	3	Monreale	1612	9	8	6	53	174	5	7	-27.49	222.65	7.22	182.9	23.54	73.96	-50.42	24.75	102.97	121	51.77	13	17	18	3	Monreale	1612	9	8	6	53	174	5	8	-33.92	219.05	7.22	182.9	23.54	73.96	-50.42	24.75	102.97	203	53.59	13	17	18	3	Monreale	1612	9	8	6	53	177	6	9	-2.73	134.87	7.22	182.9	23.54	73.96	-50.42	24.75	102.97	262	48.94	13	17	18																									4	Monreale	1612	9	10	6	50	175	1	1	33.11	221.79	7.19	156.53	23.95	74.22	-50.27	23.82	103.21	393	65.41	13	17	15	This sunspot was probably drawn with a large uncertainty.4	Monreale	1612	9	10	6	50	176	3	3	1.61	212.43	7.19	156.53	23.95	74.22	-50.27	23.82	103.21	732	56.02	13	17	15	4	Monreale	1612	9	10	6	50	176	3	4	5.78	200.72	7.19	156.53	23.95	74.22	-50.27	23.82	103.21	151	43.96	13	17	15	4	Monreale	1612	9	10	6	50	177	6	9	-0.21	127.47	7.19	156.53	23.95	74.22	-50.27	23.82	103.21	416	29.93	13	17	15	4	Monreale	1612	9	10	6	50	177	6	10	-3.68	124.2	7.19	156.53	23.95	74.22	-50.27	23.82	103.21	246	34.04	13	17	15	4	Monreale	1612	9	10	6	50	177	6	11	-3.07	119.17	7.19	156.53	23.95	74.22	-50.27	23.82	103.21	269	38.66	13	17	15	4	Monreale	1612	9	10	6	50	177	6	12	-6.65	114.13	7.19	156.53	23.95	74.22	-50.27	23.82	103.21	342	44.5	13	17	15	4	Monreale	1612	9	10	6	50	179	7	13	27.11	85.88	7.19	156.53	23.95	74.22	-50.27	23.82	103.21	674	69.54	13	17	15																									5	Monreale	1612	9	10	11	50	176	3	3	53.89	180.89	7.19	153.77	23.99	7.88	16.12	55.04	200.57	271	51.58	19	17	15	This image was rotated 90 degrees.5	Monreale	1612	9	10	11	50	176	3	4	54.4	168.04	7.19	153.77	23.99	7.88	16.12	55.04	200.57	237	48.57	19	17	15	This sunspot group was probably drawn with a large uncertainty. Comparing with Harriot this group might be the group 175 or 176.5	Monreale	1612	9	10	11	50	177	6	9	-9.79	146.57	7.19	153.77	23.99	7.88	16.12	55.04	200.57	209	18.45	19	17	15	5	Monreale	1612	9	10	11	50	177	6	10	-15.02	144.3	7.19	153.77	23.99	7.88	16.12	55.04	200.57	153	24.06	19	17	15	5	Monreale	1612	9	10	11	50	177	6	11	-20.66	145.45	7.19	153.77	23.99	7.88	16.12	55.04	200.57	214	29.04	19	17	15	5	Monreale	1612	9	10	11	50	177	6	12	-25.2	142.37	7.19	153.77	23.99	7.88	16.12	55.04	200.57	467	34.29	19	17	15	5	Monreale	1612	9	10	11	50	179	7	13	3.62	92.47	7.19	153.77	23.99	7.88	16.12	55.04	200.57	331	61.07	19	17	15	This sunspot was probably drawn with a large uncertainty.5	Monreale	1612	9	10	11	50	179	7	14	-1.89	85.3	7.19	153.77	23.99	7.88	16.12	55.04	200.57	858	68.97	19	17	15	This sunspot was probably drawn with a large uncertainty.																								6	Monreale	1612	9	11	6	48	177	6	9	-3.42	126.78	7.17	143.34	24.15	74.37	-50.22	23.26	103.24	336	19.63	13	17	13	6	Monreale	1612	9	11	6	48	177	6	10	-5.52	121.77	7.17	143.34	24.15	74.37	-50.22	23.26	103.24	140	24.99	13	17	13	6	Monreale	1612	9	11	6	48	179	7	13	41.62	96.71	7.17	143.34	24.15	74.37	-50.22	23.26	103.24	606	53.68	13	17	13	6	Monreale	1612	9	11	6	48	179	7	14	40.94	86.66	7.17	143.34	24.15	74.37	-50.22	23.26	103.24	270	60.43	13	17	13	6	Monreale	1612	9	11	6	48	180	8	15	13.91	98.58	7.17	143.34	24.15	74.37	-50.22	23.26	103.24	302	44.45	13	17	13	6	Monreale	1612	9	11	6	48	180	8	16	13.02	91.98	7.17	143.34	24.15	74.37	-50.22	23.26	103.24	451	50.82	13	17	13																									7	Monreale	1612	9	12	6	46	177	6	9	-17.64	127.27	7.15	130.16	24.34	74.52	-50.18	22.69	103.27	235	24.96	13	17	12	7	Monreale	1612	9	12	6	46	177	6	10	-16.28	122.88	7.15	130.16	24.34	74.52	-50.18	22.69	103.27	172	24.51	13	17	12	7	Monreale	1612	9	12	6	46	179	7	13	35.22	98.35	7.15	130.16	24.34	74.52	-50.18	22.69	103.27	633	40.48	13	17	12	7	Monreale	1612	9	12	6	46	179	7	14	33.45	92.8	7.15	130.16	24.34	74.52	-50.18	22.69	103.27	214	43.39	13	17	12	7	Monreale	1612	9	12	6	46	179	7	17	34.18	95.31	7.15	130.16	24.34	74.52	-50.18	22.69	103.27	275	41.96	13	17	12	7	Monreale	1612	9	12	6	46	179	7	18	36.1	93.14	7.15	130.16	24.34	74.52	-50.18	22.69	103.27	214	44.48	13	17	12	7	Monreale	1612	9	12	6	46	179	7	19	38.25	93.28	7.15	130.16	24.34	74.52	-50.18	22.69	103.27	241	45.55	13	17	12	7	Monreale	1612	9	12	6	46	179	7	20	36.83	97.35	7.15	130.16	24.34	74.52	-50.18	22.69	103.27	452	42.08	13	17	12	7	Monreale	1612	9	12	6	46	180	8	15	1.08	102.45	7.15	130.16	24.34	74.52	-50.18	22.69	103.27	262	28.28	13	17	12	7	Monreale	1612	9	12	6	46	180	8	16	3.18	94.85	7.15	130.16	24.34	74.52	-50.18	22.69	103.27	382	35.38	13	17	12																									8	Monreale	1612	9	14	5	43	177	6	10	-32.5	126.91	7.11	104.34	24.69	76.58	-51.89	10.1	93.7	383	45.08	13	17	9	8	Monreale	1612	9	14	5	43	179	7	13	18.64	88.2	7.11	104.34	24.69	76.58	-51.89	10.1	93.7	495	19.47	13	17	9	8	Monreale	1612	9	14	5	43	179	7	14	12.17	82.11	7.11	104.34	24.69	76.58	-51.89	10.1	93.7	118	22.48	13	17	9	8	Monreale	1612	9	14	5	43	179	7	17	16.93	84.94	7.11	104.34	24.69	76.58	-51.89	10.1	93.7	162	21.35	13	17	9	8	Monreale	1612	9	14	5	43	179	7	19	20.94	81.6	7.11	104.34	24.69	76.58	-51.89	10.1	93.7	192	25.97	13	17	9	8	Monreale	1612	9	14	5	43	180	8	15	-16.44	105.62	7.11	104.34	24.69	76.58	-51.89	10.1	93.7	277	23.59	13	17	9	8	Monreale	1612	9	14	5	43	180	8	16	-14.82	98.64	7.11	104.34	24.69	76.58	-51.89	10.1	93.7	574	22.63	13	17	9	8	Monreale	1612	9	14	5	43	180	8	21	-20.05	109.17	7.11	104.34	24.69	76.58	-51.89	10.1	93.7	167	27.52	13	17	9	8	Monreale	1612	9	14	5	43	180	8	22	-13.82	103.1	7.11	104.34	24.69	76.58	-51.89	10.1	93.7	284	20.95	13	17	9	8	Monreale	1612	9	14	5	43	NaN	9	23	31.01	33.89	7.11	104.34	24.69	76.58	-51.89	10.1	93.7	598	69.64	13	17	9																									9	Monreale	1612	9	19	7	36	183	7	13	8.49	79.71	6.96	37.31	25.49	70.85	-45.36	30.6	115.36	406	42.02	14	17	1	9	Monreale	1612	9	19	7	36	181	10	24	-13.83	19.43	6.96	37.31	25.49	70.85	-45.36	30.6	115.36	311	27.35	14	17	1	9	Monreale	1612	9	19	7	36	182	11	25	-3.52	13.48	6.96	37.31	25.49	70.85	-45.36	30.6	115.36	138	26	14	17	1																									10	Monreale	1612	9	20	7	34	183	7	13	14.44	83.03	6.92	24.13	25.63	70.98	-45.36	30.03	115.34	224	58.23	14.5	16	59	For Method I, this image was rotated 50 degrees. Sunspot were probably drawn with a large uncertainty.10	Monreale	1612	9	20	7	34	181	10	24	-27.55	28.87	6.92	24.13	25.63	70.98	-45.36	30.03	115.34	296	34.62	14.5	16	59	Time indicated by Cologna is 14 and 1/2 (that is 14:30).10	Monreale	1612	9	20	7	34	182	11	25	-12.11	26.47	6.92	24.13	25.63	70.98	-45.36	30.03	115.34	171	19.09	14.5	16	59	10	Monreale	1612	9	20	7	34	NaN	12	26	22.26	46.43	6.92	24.13	25.63	70.98	-45.36	30.03	115.34	128	26.45	14.5	16	59	10	Monreale	1612	9	20	7	34	NaN	12	27	16.31	48.1	6.92	24.13	25.63	70.98	-45.36	30.03	115.34	163	25.34	14.5	16	59																									11	Monreale	1612	9	21	8	33	183	7	13	15.16	72.8	6.88	10.39	25.76	63.35	-37.59	39.6	129.21	311	61.75	15	16	58	For Method I, this image was rotated 50 degrees.  Sunspot were probably drawn with a large uncertainty.11	Monreale	1612	9	21	8	33	183	7	28	16.16	63.35	6.88	10.39	25.76	63.35	-37.59	39.6	129.21	165	52.65	15	16	58	There are other black spots on the solar disk, but we consider them as paper defects.11	Monreale	1612	9	21	8	33	181	10	24	-20.35	39.35	6.88	10.39	25.76	63.35	-37.59	39.6	129.21	579	38.84	15	16	58	11	Monreale	1612	9	21	8	33	182	11	25	-7.66	31.62	6.88	10.39	25.76	63.35	-37.59	39.6	129.21	321	25.75	15	16	58	11	Monreale	1612	9	21	8	33	NaN	13	29	-13.37	4.29	6.88	10.39	25.76	63.35	-37.59	39.6	129.21	95	21.08	15	16	58	11	Monreale	1612	9	21	8	33	NaN	13	30	-16.9	2.18	6.88	10.39	25.76	63.35	-37.59	39.6	129.21	184	25.16	15	16	58	11	Monreale	1612	9	21	8	33	184	14	31	10.83	301.03	6.88	10.39	25.76	63.35	-37.59	39.6	129.21	891	68.29	15	16	58																									12	Monreale	1612	9	23	7	29	181	10	24	-23.25	39.54	6.8	344.59	26	71.27	-45.27	28.49	115.5	235	61.46	14	16	55	12	Monreale	1612	9	23	7	29	181	10	32	-20.91	31.67	6.8	344.59	26	71.27	-45.27	28.49	115.5	284	53.89	14	16	55	12	Monreale	1612	9	23	7	29	182	11	25	-7.31	35.98	6.8	344.59	26	71.27	-45.27	28.49	115.5	350	53.16	14	16	55	12	Monreale	1612	9	23	7	29	186	13	29	-19.13	359.43	6.8	344.59	26	71.27	-45.27	28.49	115.5	257	29.81	14	16	55	12	Monreale	1612	9	23	7	29	186	13	30	-19.96	351.94	6.8	344.59	26	71.27	-45.27	28.49	115.5	227	27.74	14	16	55	12	Monreale	1612	9	23	7	29	186	13	33	-17.02	354.79	6.8	344.59	26	71.27	-45.27	28.49	115.5	106	25.88	14	16	55	12	Monreale	1612	9	23	7	29	186	13	34	-18.27	348	6.8	344.59	26	71.27	-45.27	28.49	115.5	136	25.3	14	16	55	12	Monreale	1612	9	23	7	29	185	14	31	15.56	301.94	6.8	344.59	26	71.27	-45.27	28.49	115.5	620	42.66	14	16	55																									13	Monreale	1612	9	25	10	55	185	14	31	3.65	293.53	6.71	316.31	26.23	27.24	-1.02	50.87	178.71	559	22.89	18	16	52	This image was rotated 90 degrees.13	Monreale	1612	9	25	10	55	187	15	35	16.4	272.49	6.71	316.31	26.23	27.24	-1.02	50.87	178.71	294	43.92	18	16	52	13	Monreale	1612	9	25	10	55	188	16	36	-18.4	277.64	6.71	316.31	26.23	27.24	-1.02	50.87	178.71	431	45.66	18	16	52	13	Monreale	1612	9	25	10	55	189	17	37	-7.08	259.06	6.71	316.31	26.23	27.24	-1.02	50.87	178.71	717	58.75	18	16	52																									14	Monreale	1612	9	26	11	17	185	14	31	25.68	299.09	6.66	302.91	26.33	20.45	5.87	50.23	187.47	686	19.37	18	16	50	This image was rotated 90 degrees.14	Monreale	1612	9	26	11	17	185	14	38	21.12	295.63	6.66	302.91	26.33	20.45	5.87	50.23	187.47	178	16.09	18	16	50	14	Monreale	1612	9	26	11	17	191	15	35	16.9	255.72	6.66	302.91	26.33	20.45	5.87	50.23	187.47	821	47.2	18	16	50	14	Monreale	1612	9	26	11	17	188	16	36	-17.31	258.99	6.66	302.91	26.33	20.45	5.87	50.23	187.47	335	49.57	18	16	50	14	Monreale	1612	9	26	11	17	189	17	37	-13.73	243.66	6.66	302.91	26.33	20.45	5.87	50.23	187.47	1113	62.24	18	16	50	14	Monreale	1612	9	26	11	17	192	18	39	28.9	234.29	6.66	302.91	26.33	20.45	5.87	50.23	187.47	927	68.1	18	16	50																									15	Monreale	1612	9	27	5	23	185	14	31	6.73	305.9	6.62	292.96	26.39	78.04	-51.64	3.9	95.28	357	12.85	13	16	48	This image was rotated 180 degrees.15	Monreale	1612	9	27	5	23	185	14	40	9.48	304.89	6.62	292.96	26.39	78.04	-51.64	3.9	95.28	102	12.14	13	16	48	15	Monreale	1612	9	27	5	23	191	15	35	17.82	256.66	6.62	292.96	26.39	78.04	-51.64	3.9	95.28	286	37.12	13	16	48	15	Monreale	1612	9	27	5	23	188	16	36	-21.96	277.08	6.62	292.96	26.39	78.04	-51.64	3.9	95.28	531	32.55	13	16	48	15	Monreale	1612	9	27	5	23	189	17	37	-15.72	254.54	6.62	292.96	26.39	78.04	-51.64	3.9	95.28	765	44.12	13	16	48	15	Monreale	1612	9	27	5	23	189	17	41	-17.99	257.22	6.62	292.96	26.39	78.04	-51.64	3.9	95.28	297	43.01	13	16	48	15	Monreale	1612	9	27	5	23	192	18	39	31.06	235.72	6.62	292.96	26.39	78.04	-51.64	3.9	95.28	363	58.68	13	16	48																									16	Monreale	1612	9	28	7	22	185	14	31	1.91	300.08	6.56	278.68	26.48	71.56	-45.07	26.16	116	795	21.84	14	16	47	16	Monreale	1612	9	28	7	22	191	15	35	11.51	261.07	6.56	278.68	26.48	71.56	-45.07	26.16	116	598	18.08	14	16	47	16	Monreale	1612	9	28	7	22	188	16	36	-17.78	253.14	6.56	278.68	26.48	71.56	-45.07	26.16	116	222	35.05	14	16	47	16	Monreale	1612	9	28	7	22	188	16	45	-12.06	254.96	6.56	278.68	26.48	71.56	-45.07	26.16	116	167	30.05	14	16	47	16	Monreale	1612	9	28	7	22	189	17	37	-5.45	241.39	6.56	278.68	26.48	71.56	-45.07	26.16	116	460	39.11	14	16	47	16	Monreale	1612	9	28	7	22	189	17	41	-8.75	241.75	6.56	278.68	26.48	71.56	-45.07	26.16	116	110	39.87	14	16	47	16	Monreale	1612	9	28	7	22	189	17	42	-8.7	239.08	6.56	278.68	26.48	71.56	-45.07	26.16	116	200	42.32	14	16	47	16	Monreale	1612	9	28	7	22	192	18	39	39.27	241.23	6.56	278.68	26.48	71.56	-45.07	26.16	116	701	46.93	14	16	47	16	Monreale	1612	9	28	7	22	192	18	49	44.06	231.52	6.56	278.68	26.48	71.56	-45.07	26.16	116	681	55.6	14	16	47	16	Monreale	1612	9	28	7	22	195	19	43	-22.63	292.92	6.56	278.68	26.48	71.56	-45.07	26.16	116	323	32.35	14	16	47	16	Monreale	1612	9	28	7	22	195	19	44	-22.82	287.23	6.56	278.68	26.48	71.56	-45.07	26.16	116	158	30.55	14	16	47	16	Monreale	1612	9	28	7	22	193	20	46	17.77	244	6.56	278.68	26.48	71.56	-45.07	26.16	116	322	35.62	14	16	47	16	Monreale	1612	9	28	7	22	193	20	47	19.01	240.12	6.56	278.68	26.48	71.56	-45.07	26.16	116	79	39.5	14	16	47	16	Monreale	1612	9	28	7	22	193	20	48	20.51	235.7	6.56	278.68	26.48	71.56	-45.07	26.16	116	250	43.88	14	16	47																									17	Monreale	1612	9	29	13	26	185	14	31	6.95	304.82	6.5	262.15	26.58	-9.88	36.46	36.67	228.95	394	42.36	21	16	45	17	Monreale	1612	9	29	13	26	188	16	45	-6.58	257.17	6.5	262.15	26.58	-9.88	36.46	36.67	228.95	122	13.99	21	16	45	17	Monreale	1612	9	29	13	26	189	17	37	-4.63	242.8	6.5	262.15	26.58	-9.88	36.46	36.67	228.95	842	22.29	21	16	45	17	Monreale	1612	9	29	13	26	189	17	41	-8.28	245.25	6.5	262.15	26.58	-9.88	36.46	36.67	228.95	239	22.42	21	16	45	17	Monreale	1612	9	29	13	26	192	18	39	20.6	231.6	6.5	262.15	26.58	-9.88	36.46	36.67	228.95	477	32.79	21	16	45	17	Monreale	1612	9	29	13	26	195	19	44	-6.15	304.37	6.5	262.15	26.58	-9.88	36.46	36.67	228.95	394	43.99	21	16	45	17	Monreale	1612	9	29	13	26	193	20	46	7.17	243.67	6.5	262.15	26.58	-9.88	36.46	36.67	228.95	148	18.36	21	16	45	17	Monreale	1612	9	29	13	26	193	20	47	7.99	237.73	6.5	262.15	26.58	-9.88	36.46	36.67	228.95	457	24.27	21	16	45	17	Monreale	1612	9	29	13	26	193	20	48	6.67	232.05	6.5	262.15	26.58	-9.88	36.46	36.67	228.95	133	29.9	21	16	45	17	Monreale	1612	9	29	13	26	193	20	50	8.98	232.97	6.5	262.15	26.58	-9.88	36.46	36.67	228.95	78	29.02	21	16	45	17	Monreale	1612	9	29	13	26	193	20	51	5.64	235.14	6.5	262.15	26.58	-9.88	36.46	36.67	228.95	225	26.88	21	16	45	17	Monreale	1612	9	29	13	26	NaN	21	55	-15.54	264.66	6.5	262.15	26.58	-9.88	36.46	36.67	228.95	298	22.18	21	16	45	17	Monreale	1612	9	29	13	26	196	22	56	-23.65	248.82	6.5	262.15	26.58	-9.88	36.46	36.67	228.95	242	32.83	21	16	45	17	Monreale	1612	9	29	13	26	194	23	52	2.92	204.57	6.5	262.15	26.58	-9.88	36.46	36.67	228.95	674	57.47	21	16	45	17	Monreale	1612	9	29	13	26	194	23	53	-5.93	203.19	6.5	262.15	26.58	-9.88	36.46	36.67	228.95	614	60.14	21	16	45	17	Monreale	1612	9	29	13	26	194	23	54	-5.24	213.02	6.5	262.15	26.58	-9.88	36.46	36.67	228.95	273	50.42	21	16	45																									18	Monreale	1612	10	2	15	15	188	16	45	-17.92	263.36	6.32	221.58	26.76	-21.38	48.14	17.07	250.74	331	47.83	22	16	41	18	Monreale	1612	10	2	15	15	189	17	37	-14.31	246.85	6.32	221.58	26.76	-21.38	48.14	17.07	250.74	425	32.46	22	16	41	18	Monreale	1612	10	2	15	15	189	17	41	-15.03	249.46	6.32	221.58	26.76	-21.38	48.14	17.07	250.74	89	34.92	22	16	41	18	Monreale	1612	10	2	15	15	189	17	42	-17.15	248.17	6.32	221.58	26.76	-21.38	48.14	17.07	250.74	187	35.23	22	16	41	18	Monreale	1612	10	2	15	15	189	17	61	-12.64	248.64	6.32	221.58	26.76	-21.38	48.14	17.07	250.74	265	32.91	22	16	41	18	Monreale	1612	10	2	15	15	192	18	39	32.87	229.28	6.32	221.58	26.76	-21.38	48.14	17.07	250.74	473	27.51	22	16	41	18	Monreale	1612	10	2	15	15	192	18	49	30.23	218.38	6.32	221.58	26.76	-21.38	48.14	17.07	250.74	229	24.11	22	16	41	18	Monreale	1612	10	2	15	15	193	20	46	12.28	238.42	6.32	221.58	26.76	-21.38	48.14	17.07	250.74	350	17.66	22	16	41	18	Monreale	1612	10	2	15	15	193	20	47	9.32	232.86	6.32	221.58	26.76	-21.38	48.14	17.07	250.74	136	11.57	22	16	41	18	Monreale	1612	10	2	15	15	193	20	48	10.08	230.86	6.32	221.58	26.76	-21.38	48.14	17.07	250.74	241	9.93	22	16	41	18	Monreale	1612	10	2	15	15	196	22	56	-25.89	248.12	6.32	221.58	26.76	-21.38	48.14	17.07	250.74	242	41.25	22	16	41	18	Monreale	1612	10	2	15	15	194	23	52	13.11	205.88	6.32	221.58	26.76	-21.38	48.14	17.07	250.74	383	16.89	22	16	41	18	Monreale	1612	10	2	15	15	191	24	57	17.64	256.41	6.32	221.58	26.76	-21.38	48.14	17.07	250.74	188	35.83	22	16	41	18	Monreale	1612	10	2	15	15	NaN	25	58	24.73	204.8	6.32	221.58	26.76	-21.38	48.14	17.07	250.74	197	24.44	22	16	41	18	Monreale	1612	10	2	15	15	197	26	59	-11.7	211.88	6.32	221.58	26.76	-21.38	48.14	17.07	250.74	359	20.44	22	16	41	18	Monreale	1612	10	2	15	15	197	26	60	-11.98	199.98	6.32	221.58	26.76	-21.38	48.14	17.07	250.74	344	28.21	22	16	41																									19	Monreale	1612	10	6	8	9	189	17	37	-20.76	239.34	6.07	172.71	26.89	64.84	-37.95	32.04	128.93	285	70.65	15	16	35	19	Monreale	1612	10	6	8	9	192	18	39	14.05	233.16	6.07	172.71	26.89	64.84	-37.95	32.04	128.93	541	59.91	15	16	35	19	Monreale	1612	10	6	8	9	193	20	46	-0.65	238.56	6.07	172.71	26.89	64.84	-37.95	32.04	128.93	308	66.07	15	16	35	19	Monreale	1612	10	6	8	9	194	23	52	-0.7	213.55	6.07	172.71	26.89	64.84	-37.95	32.04	128.93	491	41.33	15	16	35	19	Monreale	1612	10	6	8	9	197	26	59	-22.03	214.27	6.07	172.71	26.89	64.84	-37.95	32.04	128.93	222	49.45	15	16	35	19	Monreale	1612	10	6	8	9	197	26	60	-19.92	209.73	6.07	172.71	26.89	64.84	-37.95	32.04	128.93	149	44.74	15	16	35	19	Monreale	1612	10	6	8	9	198	27	62	-20.85	225.24	6.07	172.71	26.89	64.84	-37.95	32.04	128.93	670	58.15	15	16	35	19	Monreale	1612	10	6	8	9	199	28	63	2.84	135.43	6.07	172.71	26.89	64.84	-37.95	32.04	128.93	271	37.3	15	16	35	19	Monreale	1612	10	6	8	9	199	28	64	2.52	131.28	6.07	172.71	26.89	64.84	-37.95	32.04	128.93	246	41.46	15	16	35	19	Monreale	1612	10	6	8	9	200	29	65	12.01	123.59	6.07	172.71	26.89	64.84	-37.95	32.04	128.93	165	48.81	15	16	35																									20	Monreale	1612	10	8	8	6	197	26	60	-18.94	207.7	5.93	146.36	26.91	64.93	-38.01	31.05	128.92	449	65.32	16	16	32	20	Monreale	1612	10	8	8	6	199	28	63	-3.83	124.39	5.93	146.36	26.91	64.93	-38.01	31.05	128.92	123	24.01	16	16	32	20	Monreale	1612	10	8	8	6	199	28	64	-5.16	117.43	5.93	146.36	26.91	64.93	-38.01	31.05	128.92	433	30.93	16	16	32	20	Monreale	1612	10	8	8	6	199	28	66	-3.92	120.6	5.93	146.36	26.91	64.93	-38.01	31.05	128.92	166	27.54	16	16	32	20	Monreale	1612	10	8	8	6	199	28	67	-7.73	117.72	5.93	146.36	26.91	64.93	-38.01	31.05	128.92	131	31.66	16	16	32	20	Monreale	1612	10	8	8	6	200	29	65	2.19	113.51	5.93	146.36	26.91	64.93	-38.01	31.05	128.92	179	32.97	16	16	32	20	Monreale	1612	10	8	8	6	202	30	68	-6.5	81.45	5.93	146.36	26.91	64.93	-38.01	31.05	128.92	827	65.95	16	16	32																									21	Monreale	1612	10	9	9	5	199	28	63	-4.26	139.68	5.86	132.62	26.91	54.46	-27.55	38.75	144.28	155	12.33	16	16	30	21	Monreale	1612	10	9	9	5	199	28	64	-6.82	134.46	5.86	132.62	26.91	54.46	-27.55	38.75	144.28	382	12.81	16	16	30	21	Monreale	1612	10	9	9	5	199	28	66	-5.16	136.6	5.86	132.62	26.91	54.46	-27.55	38.75	144.28	213	11.71	16	16	30	21	Monreale	1612	10	9	9	5	199	28	67	-9.37	135.49	5.86	132.62	26.91	54.46	-27.55	38.75	144.28	163	15.5	16	16	30	21	Monreale	1612	10	9	9	5	200	29	65	2.3	129.8	5.86	132.62	26.91	54.46	-27.55	38.75	144.28	246	4.54	16	16	30	21	Monreale	1612	10	9	9	5	202	30	68	-1.37	90.53	5.86	132.62	26.91	54.46	-27.55	38.75	144.28	679	42.65	16	16	30	