Sunspot positions and areas from observations by Christoph Scheiner and Fabio Colonna defined by Vokhmyanin, Arlt, and Zolotova (in Solar Physics 2020).

Method I: sunspot positions are defined according to the time of observation reported by the observer (Hor).

Draw - Number of drawing;
Place - Location of the observer;
YYYY - Year;
MM - Month;
DD - Day;
HH - UT Hour (Time of observation defined by means of Method I);
MI- Minute (Time of observation defined by means of Method I);
G - Arbitrary number of sunspot group;
Sp - Arbitrary number of sunspot;
BBB.BB - Heliographic latitude. Southern latitudes are negative;
LLL.LL - Heliographic longitude in the Carrington rotation frame;
B0 - Heliographic latitude of apparent disk center;
L0 - Heliographic longitude of apparent disk center;
P - Position angle;
Rot - Rotation angle of solar image in x-y plane;
q - Parallactic angle;
Alt - Altitude;
Azm - Azimuth;
Area - Area of the sunspot in millionths of the solar hemisphere (msh);
alpha - Angular distance on the surface of the Sun from the center of the disk to the area-weighted position of the object;
Hor - Time of observation noted by the observer in hours after sunset;
HH_set and MI_set - Time of sunset in UT Hour and Minute.



Draw	Place		YYYY	MM	DD	HH	MI	G	Sp	BBB.BB	LLL.LL	B0	L0	P	Rot	q	Alt	Azm	Area	alpha	Hor	HH_set	MI_set	Comment1	Ingolstadt 	1613	8	1	15	34	1	1	-26.52	129.13	6.2	182.63	11.6	-31.78	43.38	30.77	262.3	348	61.25	NaN	18	43	This first drawing is the observation by Scheiner from the same archive which was sent by Marcus Welser to Galileo Galilei on 18 October 1613.1	Ingolstadt 	1613	8	1	15	34	1	2	-27.87	125.12	6.2	182.63	11.6	-31.78	43.38	30.77	262.3	390	65.06	NaN	18	43	1	Ingolstadt 	1613	8	1	15	34	2	3	-12.84	137.54	6.2	182.63	11.6	-31.78	43.38	30.77	262.3	465	48.67	NaN	18	43	1	Ingolstadt 	1613	8	1	15	34	2	4	-10.88	130.26	6.2	182.63	11.6	-31.78	43.38	30.77	262.3	239	54.85	NaN	18	43	1	Ingolstadt 	1613	8	1	15	34	2	5	-10.8	121.6	6.2	182.63	11.6	-31.78	43.38	30.77	262.3	256	63.08	NaN	18	43	1	Ingolstadt 	1613	8	1	15	34	3	6	-10.46	202.58	6.2	182.63	11.6	-31.78	43.38	30.77	262.3	98	25.93	NaN	18	43	1	Ingolstadt 	1613	8	1	15	34	3	7	-9.27	198.51	6.2	182.63	11.6	-31.78	43.38	30.77	262.3	99	22.14	NaN	18	43	1	Ingolstadt 	1613	8	1	15	34	4	8	21.73	218.3	6.2	182.63	11.6	-31.78	43.38	30.77	262.3	105	37.79	NaN	18	43	1	Ingolstadt 	1613	8	1	15	34	4	9	22.34	213.94	6.2	182.63	11.6	-31.78	43.38	30.77	262.3	88	34.25	NaN	18	43	1	Ingolstadt 	1613	8	1	15	34	5	10	7	223.79	6.2	182.63	11.6	-31.78	43.38	30.77	262.3	366	40.89	NaN	18	43	1	Ingolstadt 	1613	8	1	15	34	5	11	6.41	217.9	6.2	182.63	11.6	-31.78	43.38	30.77	262.3	164	35.05	NaN	18	43	1	Ingolstadt 	1613	8	1	15	34	5	12	0.03	217.5	6.2	182.63	11.6	-31.78	43.38	30.77	262.3	203	35.35	NaN	18	43	1	Ingolstadt 	1613	8	1	15	34	5	13	2.47	224.9	6.2	182.63	11.6	-31.78	43.38	30.77	262.3	314	42.3	NaN	18	43	1	Ingolstadt 	1613	8	1	15	34	6	14	17.96	243.58	6.2	182.63	11.6	-31.78	43.38	30.77	262.3	219	60.5	NaN	18	43	1	Ingolstadt 	1613	8	1	15	34	7	15	0.84	259.9	6.2	182.63	11.6	-31.78	43.38	30.7	262.3	998	77.26	NaN	18	43																									2	Naples		1613	8	1	14	44	2	3	-5.65	134.54	6.2	183.09	11.59	-40.01	51.6	38.73	260.21	132	49.88	20	18	10	Further, the observations by Colonna are listed.2	Naples		1613	8	1	14	44	2	4	-4.82	128.87	6.2	183.09	11.59	-40.01	51.6	38.73	260.21	97	55.24	20	18	10	2	Naples		1613	8	1	14	44	2	5	-4.42	122.29	6.2	183.09	11.59	-40.01	51.6	38.73	260.21	204	61.62	20	18	10	2	Naples		1613	8	1	14	44	4	8	16.07	218.77	6.2	183.09	11.59	-40.01	51.6	38.73	260.21	139	36.31	20	18	10	2	Naples		1613	8	1	14	44	5	10	3.8	223.18	6.2	183.09	11.59	-40.01	51.6	38.73	260.21	283	40	20	18	10	2	Naples		1613	8	1	14	44	6	14	17.37	238	6.2	183.09	11.59	-40.01	51.6	38.73	260.21	184	54.72	20	18	10																									3	Naples		1613	8	2	13	43	2	7	-12.03	135.56	6.26	170.42	11.97	-34.89	46.87	49.62	246.76	243	39.19	20	18	9	3	Naples		1613	8	2	13	43	2	16	-11.77	132.73	6.26	170.42	11.97	-34.89	46.87	49.62	246.76	129	41.6	20	18	9	3	Naples		1613	8	2	13	43	2	17	-11.67	130.15	6.26	170.42	11.97	-34.89	46.87	49.62	246.76	95	43.89	20	18	9	3	Naples		1613	8	2	13	43	2	18	-11.47	127.09	6.26	170.42	11.97	-34.89	46.87	49.62	246.76	109	46.61	20	18	9	3	Naples		1613	8	2	13	43	2	19	-11.39	125.01	6.26	170.42	11.97	-34.89	46.87	49.62	246.76	30	48.51	20	18	9	3	Naples		1613	8	2	13	43	5	10	-10.06	205.17	6.26	170.42	11.97	-34.89	46.87	49.62	246.76	27	38.27	20	18	9	3	Naples		1613	8	2	13	43	5	11	-9.07	200.62	6.26	170.42	11.97	-34.89	46.87	49.62	246.76	71	33.78	20	18	9	3	Naples		1613	8	2	13	43	6	14	7.33	219.31	6.26	170.42	11.97	-34.89	46.87	49.62	246.76	197	48.54	20	18	9																									4	Naples		1613	8	5	14	40	2	7	-10.16	136.48	6.44	130.24	13.17	-37.61	50.78	38.76	258.45	313	17.73	20	18	6	4	Naples		1613	8	5	14	40	2	16	-9.6	132.94	6.44	130.24	13.17	-37.61	50.78	38.76	258.45	208	16.27	20	18	6	4	Naples		1613	8	5	14	40	2	17	-9.37	129.91	6.44	130.24	13.17	-37.61	50.78	38.76	258.45	61	15.81	20	18	6	4	Naples		1613	8	5	14	40	2	18	-8.73	128.27	6.44	130.24	13.17	-37.61	50.78	38.76	258.45	25	15.29	20	18	6	4	Naples		1613	8	5	14	40	2	19	-9.29	125.49	6.44	130.24	13.17	-37.61	50.78	38.76	258.45	60	16.43	20	18	6	4	Naples		1613	8	5	14	40	2	20	-9.5	121.98	6.44	130.24	13.17	-37.61	50.78	38.76	258.45	79	17.93	20	18	6	4	Naples		1613	8	5	14	40	2	21	-9.75	119.03	6.44	130.24	13.17	-37.61	50.78	38.76	258.45	65	19.67	20	18	6	4	Naples		1613	8	5	14	40	2	22	-10.48	115.64	6.44	130.24	13.17	-37.61	50.78	38.76	258.45	56	22.31	20	18	6																									5	Naples		1613	8	6	13	41	2	7	-13.65	136.19	6.49	117.56	13.54	-32.22	45.77	49.16	245.15	298	27.35	20	18	4	5	Naples		1613	8	6	13	41	2	16	-13.27	132.68	6.49	117.56	13.54	-32.22	45.77	49.16	245.15	218	24.83	20	18	4	5	Naples		1613	8	6	13	41	2	17	-12.49	129.41	6.49	117.56	13.54	-32.22	45.77	49.16	245.15	96	22.34	20	18	4	5	Naples		1613	8	6	13	41	2	18	-11.75	126.52	6.49	117.56	13.54	-32.22	45.77	49.16	245.15	132	20.31	20	18	4	5	Naples		1613	8	6	13	41	2	19	-11.27	123.83	6.49	117.56	13.54	-32.22	45.77	49.16	245.15	63	18.82	20	18	4	5	Naples		1613	8	6	13	41	2	20	-11.01	121.32	6.49	117.56	13.54	-32.22	45.77	49.16	245.15	54	17.89	20	18	4	5	Naples		1613	8	6	13	41	2	21	-11.33	118.65	6.49	117.56	13.54	-32.22	45.77	49.16	245.15	53	17.85	20	18	4	5	Naples		1613	8	6	13	41	8	23	-26.02	88.32	6.49	117.56	13.54	-32.22	45.77	49.16	245.15	73	43.15	20	18	4	5	Naples		1613	8	6	13	41	9	24	-22.61	57.22	6.49	117.56	13.54	-32.22	45.77	49.16	245.15	297	65.76	20	18	4																									6	Naples		1613	8	7	13	37	2	7	-8.16	138.01	6.54	104.37	13.92	-31.12	45.05	49.63	243.84	242	36.62	NaN	18	3	6	Naples		1613	8	7	13	37	2	16	-6.73	133.47	6.54	104.37	13.92	-31.12	45.05	49.63	243.84	146	31.92	NaN	18	3	6	Naples		1613	8	7	13	37	2	17	-6.68	129.3	6.54	104.37	13.92	-31.12	45.05	49.63	243.84	109	28.17	NaN	18	3	6	Naples		1613	8	7	13	37	2	18	-5.95	125.33	6.54	104.37	13.92	-31.12	45.05	49.63	243.84	153	24.36	NaN	18	3	6	Naples		1613	8	7	13	37	8	23	-18.22	96.2	6.54	104.37	13.92	-31.12	45.05	49.63	243.84	93	26.04	NaN	18	3	6	Naples		1613	8	7	13	37	9	24	-15.64	65.71	6.54	104.37	13.92	-31.12	45.05	49.63	243.84	346	44.25	NaN	18	3	6	Naples		1613	8	7	13	37	9	25	-16.15	61.35	6.54	104.37	13.92	-31.12	45.05	49.63	243.84	86	48.24	NaN	18	3	6	Naples		1613	8	7	13	37	10	26	9.83	161.3	6.54	104.37	13.92	-31.12	45.05	49.63	243.84	111	56.38	NaN	18	3																									7	Naples		1613	8	8	14	24	2	7	-12.5	137.29	6.6	90.72	14.31	-35.02	49.34	41.1	254.47	355	50.06	NaN	18	2	7	Naples		1613	8	8	14	24	2	16	-11.62	131.65	6.6	90.72	14.31	-35.02	49.34	41.1	254.47	230	44.6	NaN	18	2	7	Naples		1613	8	8	14	24	2	17	-10.88	125.57	6.6	90.72	14.31	-35.02	49.34	41.1	254.47	106	38.84	NaN	18	2	7	Naples		1613	8	8	14	24	2	18	-12.47	120.52	6.6	90.72	14.31	-35.02	49.34	41.1	254.47	81	35.23	NaN	18	2	7	Naples		1613	8	8	14	24	2	19	-13.8	117.72	6.6	90.72	14.31	-35.02	49.34	41.1	254.47	32	33.68	NaN	18	2	7	Naples		1613	8	8	14	24	2	23	-23.62	92.76	6.6	90.72	14.31	-35.02	49.34	41.1	254.47	141	30.28	NaN	18	2	7	Naples		1613	8	8	14	24	9	27	-19.85	64.21	6.6	90.72	14.31	-35.02	49.34	41.1	254.47	138	37.15	NaN	18	2	7	Naples		1613	8	8	14	24	9	28	-23.59	62.37	6.6	90.72	14.31	-35.02	49.34	41.1	254.47	185	40.96	NaN	18	2	7	Naples		1613	8	8	14	24	9	29	-22.99	56.98	6.6	90.72	14.31	-35.02	49.34	41.1	254.47	35	44.31	NaN	18	2	7	Naples		1613	8	8	14	24	9	30	-23.77	54.22	6.6	90.72	14.31	-35.02	49.34	41.1	254.47	61	46.81	NaN	18	2	7	Naples		1613	8	8	14	24	9	31	-24.24	50.95	6.6	90.72	14.31	-35.02	49.34	41.1	254.47	40	49.54	NaN	18	2	7	Naples		1613	8	8	14	24	11	32	-21.65	32.74	6.6	90.72	14.31	-35.02	49.34	41.1	254.47	238	63.45	NaN	18	2																									8	Naples		1613	8	9	14	35	2	7	-9.65	137.31	6.65	77.4	14.69	-35.15	49.84	38.88	256.45	499	28.58	21	18	1	8	Naples		1613	8	9	14	35	2	16	-8.75	130.72	6.65	77.4	14.69	-35.15	49.84	38.88	256.45	386	30.85	21	18	1	8	Naples		1613	8	9	14	35	2	17	-8.36	124.65	6.65	77.4	14.69	-35.15	49.84	38.88	256.45	137	33.14	21	18	1	8	Naples		1613	8	9	14	35	2	18	-9.41	119.04	6.65	77.4	14.69	-35.15	49.84	38.88	256.45	159	53.25	21	18	1	8	Naples		1613	8	9	14	35	8	23	-18.1	95.94	6.65	77.4	14.69	-35.15	49.84	38.88	256.45	100	30.77	21	18	1	8	Naples		1613	8	9	14	35	9	24	-17.24	65.78	6.65	77.4	14.69	-35.15	49.84	38.88	256.45	284	26.51	21	18	1	8	Naples		1613	8	9	14	35	9	29	-17.61	62.11	6.65	77.4	14.69	-35.15	49.84	38.88	256.45	102	28.58	21	18	1	8	Naples		1613	8	9	14	35	9	30	-18.46	59.24	6.65	77.4	14.69	-35.15	49.84	38.88	256.45	100	30.85	21	18	1	8	Naples		1613	8	9	14	35	9	31	-19.31	56.5	6.65	77.4	14.69	-35.15	49.84	38.88	256.45	140	33.14	21	18	1	8	Naples		1613	8	9	14	35	11	32	-20.31	30.68	6.65	77.4	14.69	-35.15	49.84	38.88	256.45	240	53.25	21	18	1																									9	Naples		1613	8	12	14	31	9	27	-18.68	63.72	6.78	37.79	15.78	-33.3	49.08	38.95	254.86	104	36.08	20	17	57	9	Naples		1613	8	12	14	31	9	28	-22.8	61.01	6.78	37.79	15.78	-33.3	49.08	38.95	254.86	104	37.3	20	17	57	9	Naples		1613	8	12	14	31	9	29	-23.93	55	6.78	37.79	15.78	-33.3	49.08	38.95	254.86	158	35	20	17	57	9	Naples		1613	8	12	14	31	11	32	-22.1	26.02	6.78	37.79	15.78	-33.3	49.08	38.95	254.86	96	31.1	20	17	57																									10	Naples		1613	8	13	14	21	9	27	-16.55	63.43	6.82	24.66	16.14	-32.08	48.21	40.54	252.52	93	44.9	NaN	17	56	10	Naples		1613	8	13	14	21	9	28	-20.2	60.75	6.82	24.66	16.14	-32.08	48.21	40.54	252.52	111	44.59	NaN	17	56	10	Naples		1613	8	13	14	21	9	29	-20.25	55.03	6.82	24.66	16.14	-32.08	48.21	40.54	252.52	117	40.3	NaN	17	56	10	Naples		1613	8	13	14	21	11	32	-14.57	30.01	6.82	24.66	16.14	-32.08	48.21	40.54	252.52	73	22.04	NaN	17	56	10	Naples		1613	8	13	14	21	11	33	-15.99	23.99	6.82	24.66	16.14	-32.08	48.21	40.54	252.52	108	22.82	NaN	17	56	10	Naples		1613	8	13	14	21	12	34	-10.66	58.05	6.82	24.66	16.14	-32.08	48.21	40.54	252.52	32	37.55	NaN	17	56	10	Naples		1613	8	13	14	21	12	35	-11.74	55.28	6.82	24.66	16.14	-32.08	48.21	40.54	252.52	40	35.66	NaN	17	56	10	Naples		1613	8	13	14	21	13	36	15.43	29.56	6.82	24.66	16.14	-32.08	48.21	40.54	252.52	23	9.85	NaN	17	56	10	Naples		1613	8	13	14	21	13	37	21.25	30.6	6.82	24.66	16.14	-32.08	48.21	40.54	252.52	12	15.53	NaN	17	56	10	Naples		1613	8	13	14	21	14	38	22.04	327.03	6.82	24.66	16.14	-32.08	48.21	40.54	252.52	97	57.5	NaN	17	56	10	Naples		1613	8	13	14	21	14	39	17.89	326.65	6.82	24.66	16.14	-32.08	48.21	40.54	252.52	84	57.52	NaN	17	56																									11	Naples		1613	8	14	13	48	9	27	-14.89	63.96	6.86	11.75	16.48	-28.42	44.9	46.11	244.71	74	56.13	20	17	54	11	Naples		1613	8	14	13	48	9	28	-18.11	59.74	6.86	11.75	16.48	-28.42	44.9	46.11	244.71	133	53.52	20	17	54	11	Naples		1613	8	14	13	48	9	29	-20.16	53.31	6.86	11.75	16.48	-28.42	44.9	46.11	244.71	73	48.98	20	17	54	11	Naples		1613	8	14	13	48	11	32	-15.58	32.54	6.86	11.75	16.48	-28.42	44.9	46.11	244.71	50	30.46	20	17	54	11	Naples		1613	8	14	13	48	11	33	-18.1	26.71	6.86	11.75	16.48	-28.42	44.9	46.11	244.71	55	28.99	20	17	54	11	Naples		1613	8	14	13	48	12	34	-9.62	58.57	6.86	11.75	16.48	-28.42	44.9	46.11	244.71	27	49.47	20	17	54	11	Naples		1613	8	14	13	48	12	35	-10.39	55.71	6.86	11.75	16.48	-28.42	44.9	46.11	244.71	25	47.05	20	17	54	11	Naples		1613	8	14	13	48	14	38	22.08	324.11	6.86	11.75	16.48	-28.42	44.9	46.11	244.71	114	48.34	20	17	54	11	Naples		1613	8	14	13	48	14	39	17.33	323.7	6.86	11.75	16.48	-28.42	44.9	46.11	244.71	101	48	20	17	54	11	Naples		1613	8	14	13	48	15	40	13.53	306.43	6.86	11.75	16.48	-28.42	44.9	46.11	244.71	105	64.47	20	17	54	11	Naples		1613	8	14	13	48	15	41	12.49	301.55	6.86	11.75	16.48	-28.42	44.9	46.11	244.71	125	69.26	20	17	54																									12	Naples		1613	8	16	13	35	11	43	-21.3	28.8	6.94	345.44	17.16	-25.67	42.83	47.78	240.84	136	51.06	NaN	17	52	12	Naples		1613	8	16	13	35	14	38	16.49	327.15	6.94	345.44	17.16	-25.67	42.83	47.78	240.84	53	20.28	NaN	17	52	12	Naples		1613	8	16	13	35	14	39	12.54	325.43	6.94	345.44	17.16	-25.67	42.83	47.78	240.84	135	20.5	NaN	17	52	12	Naples		1613	8	16	13	35	15	40	9.74	310.92	6.94	345.44	17.16	-25.67	42.83	47.78	240.84	126	34.25	NaN	17	52	12	Naples		1613	8	16	13	35	15	41	9.28	307.04	6.94	345.44	17.16	-25.67	42.83	47.78	240.84	72	38.08	NaN	17	52	12	Naples		1613	8	16	13	35	15	42	8.81	303.59	6.94	345.44	17.16	-25.67	42.83	47.78	240.84	33	41.48	NaN	17	52	12	Naples		1613	8	16	13	35	16	44	27.44	18.82	6.94	345.44	17.16	-25.67	42.83	47.78	240.84	38	37.68	NaN	17	52	12	Naples		1613	8	16	13	35	16	45	23.44	14.68	6.94	345.44	17.16	-25.67	42.83	47.78	240.84	29	32.57	NaN	17	52	12	Naples		1613	8	16	13	35	16	46	23.18	11.19	6.94	345.44	17.16	-25.67	42.83	47.78	240.84	78	29.6	NaN	17	52	12	Naples		1613	8	16	13	35	16	47	24.14	8.792	6.94	345.44	17.16	-25.67	42.83	47.78	240.84	58	28.22	NaN	17	52	12	Naples		1613	8	16	13	35	16	48	23.51	6.181	6.94	345.44	17.16	-25.67	42.83	47.78	240.84	58	25.91	NaN	17	52	12	Naples		1613	8	16	13	35	16	49	23	3.663	6.94	345.44	17.16	-25.67	42.83	47.78	240.84	40	23.77	NaN	17	52																									13	Naples		1613	8	17	13	24	14	38	20.15	327.27	6.97	332.33	17.5	-23.51	41.01	49.3	237.57	97	14.06	19	17	50	13	Naples		1613	8	17	13	24	14	39	16.23	326.1	6.97	332.33	17.5	-23.51	41.01	49.3	237.57	108	11.09	19	17	50	13	Naples		1613	8	17	13	24	15	40	12.12	309.38	6.97	332.33	17.5	-23.51	41.01	49.3	237.57	178	23.2	19	17	50	13	Naples		1613	8	17	13	24	15	41	12	305.34	6.97	332.33	17.5	-23.51	41.01	49.3	237.57	73	27.07	19	17	50	13	Naples		1613	8	17	13	24	16	44	24.7	20.21	6.97	332.33	17.5	-23.51	41.01	49.3	237.57	79	49.04	19	17	50	13	Naples		1613	8	17	13	24	16	45	22.59	12.56	6.97	332.33	17.5	-23.51	41.01	49.3	237.57	63	41.73	19	17	50	13	Naples		1613	8	17	13	24	16	46	22.36	9.542	6.97	332.33	17.5	-23.51	41.01	49.3	237.57	81	38.98	19	17	50	13	Naples		1613	8	17	13	24	16	47	23.23	7.81	6.97	332.33	17.5	-23.51	41.01	49.3	237.57	118	37.74	19	17	50	13	Naples		1613	8	17	13	24	16	48	21.7	4.232	6.97	332.33	17.5	-23.51	41.01	49.3	237.57	91	34.12	19	17	50	13	Naples		1613	8	17	13	24	16	49	22.59	2.81	6.97	332.33	17.5	-23.51	41.01	49.3	237.57	44	33.23	19	17	50	13	Naples		1613	8	17	13	24	16	50	22.65	0.03	6.97	332.33	17.5	-23.51	41.01	49.3	237.57	39	30.93	19	17	50	13	Naples		1613	8	17	13	24	17	51	9.18	266.74	6.97	332.33	17.5	-23.51	41.01	49.3	237.57	228	64.89	19	17	50																									14	Naples		1613	8	18	13	40	14	38	21	321	7.01	318.97	17.83	-25.25	43.08	46.41	241.61	58	14.13	20	17	49	14	Naples		1613	8	18	13	40	14	39	17.84	319.62	7.01	318.97	17.83	-25.25	43.08	46.41	241.61	164	10.85	20	17	49	14	Naples		1613	8	18	13	40	15	40	10.29	307.37	7.01	318.97	17.83	-25.25	43.08	46.41	241.61	204	11.93	20	17	49	14	Naples		1613	8	18	13	40	15	41	8.96	300.99	7.01	318.97	17.83	-25.25	43.08	46.41	241.61	130	17.91	20	17	49	14	Naples		1613	8	18	13	40	16	44	27.47	12.67	7.01	318.97	17.83	-25.25	43.08	46.41	241.61	129	54.71	20	17	49	14	Naples		1613	8	18	13	40	16	45	24.03	6.81	7.01	318.97	17.83	-25.25	43.08	46.41	241.61	148	48.84	20	17	49	14	Naples		1613	8	18	13	40	16	47	25.89	1.913	7.01	318.97	17.83	-25.25	43.08	46.41	241.61	145	45.01	20	17	49	14	Naples		1613	8	18	13	40	16	48	24.47	359.96	7.01	318.97	17.83	-25.25	43.08	46.41	241.61	123	42.91	20	17	49	14	Naples		1613	8	18	13	40	16	49	24.51	354.96	7.01	318.97	17.83	-25.25	43.08	46.41	241.61	93	38.62	20	17	49	14	Naples		1613	8	18	13	40	17	51	6.86	269.29	7.01	318.97	17.83	-25.25	43.08	46.41	241.61	379	49.29	20	17	49	14	Naples		1613	8	18	13	40	18	52	29	278.89	7.01	318.97	17.83	-25.25	43.08	46.41	241.61	110	43.66	20	17	49																									15	Naples		1613	8	19	14	22	14	38	14.69	321.08	7.04	305.37	18.17	-29.04	47.21	38.86	251.15	42	17.21	20	17	47	15	Naples		1613	8	19	14	22	14	39	9.33	320.6	7.04	305.37	18.17	-29.04	47.21	38.86	251.15	159	15.24	20	17	47	15	Naples		1613	8	19	14	22	15	40	5.71	307.11	7.04	305.37	18.17	-29.04	47.21	38.86	251.15	190	2.18	20	17	47	15	Naples		1613	8	19	14	22	15	41	6.59	301.04	7.04	305.37	18.17	-29.04	47.21	38.86	251.15	47	4.32	20	17	47	15	Naples		1613	8	19	14	22	16	44	15.91	12.27	7.04	305.37	18.17	-29.04	47.21	38.86	251.15	29	65.92	20	17	47	15	Naples		1613	8	19	14	22	16	45	14.66	8.44	7.04	305.37	18.17	-29.04	47.21	38.86	251.15	63	62.23	20	17	47	15	Naples		1613	8	19	14	22	16	47	14.72	4.65	7.04	305.37	18.17	-29.04	47.21	38.86	251.15	59	58.57	20	17	47	15	Naples		1613	8	19	14	22	16	48	13.77	1.922	7.04	305.37	18.17	-29.04	47.21	38.86	251.15	47	55.91	20	17	47	15	Naples		1613	8	19	14	22	16	49	14.88	358.65	7.04	305.37	18.17	-29.04	47.21	38.86	251.15	30	52.77	20	17	47	15	Naples		1613	8	19	14	22	16	54	19.23	0.01	7.04	305.37	18.17	-29.04	47.21	38.86	251.15	66	54.36	20	17	47	15	Naples		1613	8	19	14	22	17	51	6.67	266.29	7.04	305.37	18.17	-29.04	47.21	38.86	251.15	308	38.79	20	17	47	15	Naples		1613	8	19	14	22	18	52	25.76	276.32	7.04	305.37	18.17	-29.04	47.21	38.86	251.15	47	33.43	20	17	47	15	Naples		1613	8	19	14	22	18	53	27.45	269.16	7.04	305.37	18.17	-29.04	47.21	38.86	251.15	55	39.91	20	17	47																									16	Naples		1613	8	20	14	16	14	38	18.74	322.73	7.07	292.21	18.49	-28.05	46.54	39.67	249.59	56	31.88	20	17	46	16	Naples		1613	8	20	14	16	14	39	14.2	322.65	7.07	292.21	18.49	-28.05	46.54	39.67	249.59	55	30.72	20	17	46	16	Naples		1613	8	20	14	16	14	55	13.8	318.92	7.07	292.21	18.49	-28.05	46.54	39.67	249.59	33	27.09	20	17	46	16	Naples		1613	8	20	14	16	15	40	7.51	307.32	7.07	292.21	18.49	-28.05	46.54	39.67	249.59	186	14.99	20	17	46	16	Naples		1613	8	20	14	16	15	41	7.26	299.84	7.07	292.21	18.49	-28.05	46.54	39.67	249.59	45	7.56	20	17	46	16	Naples		1613	8	20	14	16	17	51	4.71	266.85	7.07	292.21	18.49	-28.05	46.54	39.67	249.59	379	25.34	20	17	46	16	Naples		1613	8	20	14	16	18	52	21.29	275.17	7.07	292.21	18.49	-28.05	46.54	39.67	249.59	72	21.76	20	17	46	16	Naples		1613	8	20	14	16	18	53	24.3	265.87	7.07	292.21	18.49	-28.05	46.54	39.67	249.59	39	30.55	20	17	46	16	Naples		1613	8	20	14	16	18	56	22.17	273.08	7.07	292.21	18.49	-28.05	46.54	39.67	249.59	72	23.84	20	17	46	16	Naples		1613	8	20	14	16	19	57	11.38	231.34	7.07	292.21	18.49	-28.05	46.54	39.67	249.59	269	60.14	20	17	46	16	Naples		1613	8	20	14	16	19	58	7.88	230.33	7.07	292.21	18.49	-28.05	46.54	39.67	249.59	124	61.31	20	17	46																									17	Naples		1613	8	22	13	42	14	38	17.85	320.82	7.12	266.1	19.11	-23.43	42.54	44.96	241.07	115	54.29	20	17	43	17	Naples		1613	8	22	13	42	15	40	9.85	307.77	7.12	266.1	19.11	-23.43	42.54	44.96	241.07	157	41.27	20	17	43	17	Naples		1613	8	22	13	42	15	59	6.34	294.24	7.12	266.1	19.11	-23.43	42.54	44.96	241.07	72	27.95	20	17	43	17	Naples		1613	8	22	13	42	15	60	7.43	289.64	7.12	266.1	19.11	-23.43	42.54	44.96	241.07	43	23.34	20	17	43	17	Naples		1613	8	22	13	42	17	51	3.77	266.27	7.12	266.1	19.11	-23.43	42.54	44.96	241.07	358	3.36	20	17	43	17	Naples		1613	8	22	13	42	18	52	23.8	271.68	7.12	266.1	19.11	-23.43	42.54	44.96	241.07	68	17.52	20	17	43	17	Naples		1613	8	22	13	42	18	53	23.6	261.98	7.12	266.1	19.11	-23.43	42.54	44.96	241.07	48	16.95	20	17	43	17	Naples		1613	8	22	13	42	18	56	23.93	268.08	7.12	266.1	19.11	-23.43	42.54	44.96	241.07	71	16.92	20	17	43	17	Naples		1613	8	22	13	42	19	61	10.02	224.74	7.12	266.1	19.11	-23.43	42.54	44.96	241.07	70	40.98	20	17	43	17	Naples		1613	8	22	13	42	19	62	6.92	225.22	7.12	266.1	19.11	-23.43	42.54	44.96	241.07	54	40.56	20	17	43	17	Naples		1613	8	22	13	42	19	63	8.17	227.63	7.12	266.1	19.11	-23.43	42.54	44.96	241.07	49	38.14	20	17	43	17	Naples		1613	8	22	13	42	19	64	8.67	229.45	7.12	266.1	19.11	-23.43	42.54	44.96	241.07	47	36.32	20	17	43	17	Naples		1613	8	22	13	42	19	65	7.62	230.77	7.12	266.1	19.11	-23.43	42.54	44.96	241.07	42	35.03	20	17	43	17	Naples		1613	8	22	13	42	19	66	6.63	229.19	7.12	266.1	19.11	-23.43	42.54	44.96	241.07	76	36.64	20	17	43	17	Naples		1613	8	22	13	42	19	67	6.75	227.23	7.12	266.1	19.11	-23.43	42.54	44.96	241.07	71	38.58	20	17	43	17	Naples		1613	8	22	13	42	19	68	5.57	229.87	7.12	266.1	19.11	-23.43	42.54	44.96	241.07	73	36.03	20	17	43	17	Naples		1613	8	22	13	42	19	69	3.33	228.81	7.12	266.1	19.11	-23.43	42.54	44.96	241.07	59	37.32	20	17	43	17	Naples		1613	8	22	13	42	19	70	1.83	227.2	7.12	266.1	19.11	-23.43	42.54	44.96	241.07	48	39.12	20	17	43	17	Naples		1613	8	22	13	42	19	71	1.22	225.55	7.12	266.1	19.11	-23.43	42.54	44.96	241.07	15	40.85	20	17	43	17	Naples		1613	8	22	13	42	19	72	4.63	222.09	7.12	266.1	19.11	-23.43	42.54	44.96	241.07	62	43.84	20	17	43	17	Naples		1613	8	22	13	42	19	73	6.08	218.74	7.12	266.1	19.11	-23.43	42.54	44.96	241.07	67	47.04	20	17	43																									18	Naples		1613	8	23	13	55	15	40	8.6	309.53	7.14	252.77	19.42	-24.49	43.91	42.48	244.01	111	56.19	20	111	41	18	Naples		1613	8	23	13	55	15	59	5.72	297.13	7.14	252.77	19.42	-24.49	43.91	42.48	244.01	103	44.09	20	103	41	18	Naples		1613	8	23	13	55	15	60	6.27	291.44	7.14	252.77	19.42	-24.49	43.91	42.48	244.01	49	38.4	20	49	41	18	Naples		1613	8	23	13	55	15	82	7.08	304.59	7.14	252.77	19.42	-24.49	43.91	42.48	244.01	82	51.39	20	82	41	18	Naples		1613	8	23	13	55	17	51	3.21	267.05	7.14	252.77	19.42	-24.49	43.91	42.48	244.01	378	14.75	20	378	41	18	Naples		1613	8	23	13	55	18	52	24.31	272.18	7.14	252.77	19.42	-24.49	43.91	42.48	244.01	92	25.3	20	92	41	18	Naples		1613	8	23	13	55	18	53	25.78	261.9	7.14	252.77	19.42	-24.49	43.91	42.48	244.01	111	20.58	20	111	41	18	Naples		1613	8	23	13	55	19	61	9.31	224.44	7.14	252.77	19.42	-24.49	43.91	42.48	244.01	40	28.12	20	40	41	18	Naples		1613	8	23	13	55	19	62	6.34	226.21	7.14	252.77	19.42	-24.49	43.91	42.48	244.01	20	23.5	20	39	41	18	Naples		1613	8	23	13	55	19	63	7.11	227.47	7.14	252.77	19.42	-24.49	43.91	42.48	244.01	41	25.11	20	41	41	18	Naples		1613	8	23	13	55	19	64	7.18	229.09	7.14	252.77	19.42	-24.49	43.91	42.48	244.01	39	26.39	20	20	41	18	Naples		1613	8	23	13	55	19	66	6.17	228.84	7.14	252.77	19.42	-24.49	43.91	42.48	244.01	41	23.79	20	41	41	18	Naples		1613	8	23	13	55	19	67	5.5	227.5	7.14	252.77	19.42	-24.49	43.91	42.48	244.01	36	25.17	20	36	41	18	Naples		1613	8	23	13	55	19	68	4.64	229.56	7.14	252.77	19.42	-24.49	43.91	42.48	244.01	39	23.22	20	39	41	18	Naples		1613	8	23	13	55	19	73	5.01	220.34	7.14	252.77	19.42	-24.49	43.91	42.48	244.01	58	32.32	20	58	41	18	Naples		1613	8	23	13	55	19	74	7.27	224.11	7.14	252.77	19.42	-24.49	43.91	42.48	244.01	20	28.43	20	20	41	18	Naples		1613	8	23	13	55	19	75	8.36	225.78	7.14	252.77	19.42	-24.49	43.91	42.48	244.01	29	26.77	20	29	41	18	Naples		1613	8	23	13	55	19	76	8.68	227.65	7.14	252.77	19.42	-24.49	43.91	42.48	244.01	37	24.92	20	37	41	18	Naples		1613	8	23	13	55	19	77	4.12	227.52	7.14	252.77	19.42	-24.49	43.91	42.48	244.01	21	25.31	20	21	41	18	Naples		1613	8	23	13	55	19	78	2.6	226.57	7.14	252.77	19.42	-24.49	43.91	42.48	244.01	55	26.49	20	55	41	18	Naples		1613	8	23	13	55	19	79	3.05	227.61	7.14	252.77	19.42	-24.49	43.91	42.48	244.01	11	25.38	20	11	41	18	Naples		1613	8	23	13	55	19	80	3.32	228.29	7.14	252.77	19.42	-24.49	43.91	42.48	244.01	22	24.68	20	22	41	18	Naples		1613	8	23	13	55	19	81	1.8	227.27	7.14	252.77	19.42	-24.49	43.91	42.48	244.01	13	25.97	20	13	41	18	Naples		1613	8	23	13	55	19	82	2.45	228.51	7.14	252.77	19.42	-24.49	43.91	42.48	244.01	8	24.62	20	8	41	18	Naples		1613	8	23	13	55	19	83	3	229.1	7.14	252.77	19.42	-24.49	43.91	42.48	244.01	6	23.94	20	6	41	18	Naples		1613	8	23	13	55	19	84	3.38	229.6	7.14	252.77	19.42	-24.49	43.91	42.48	244.01	4	23.37	20	4	41																									19	Naples		1613	8	24	14	1	15	86	7.69	311.55	7.16	239.51	19.72	-24.66	44.38	41.17	245.17	229	71.35	20	17	40	19	Naples		1613	8	24	14	1	17	51	5.43	267.04	7.16	239.51	19.72	-24.66	44.38	41.17	245.17	426	27.42	20	17	40	19	Naples		1613	8	24	14	1	18	52	25.44	273.61	7.16	239.51	19.72	-24.66	44.38	41.17	245.17	118	37.3	20	17	40	19	Naples		1613	8	24	14	1	19	87	13.31	219.87	7.16	239.51	19.72	-24.66	44.38	41.17	245.17	88	20.27	20	17	40	19	Naples		1613	8	24	14	1	19	88	13.36	221.56	7.16	239.51	19.72	-24.66	44.38	41.17	245.17	44	18.71	20	17	40	19	Naples		1613	8	24	14	1	19	89	14	222.92	7.16	239.51	19.72	-24.66	44.38	41.17	245.17	48	17.67	20	17	40	19	Naples		1613	8	24	14	1	19	90	13.67	224.33	7.16	239.51	19.72	-24.66	44.38	41.17	245.17	48	16.28	20	17	40	19	Naples		1613	8	24	14	1	19	91	12.16	221.67	7.16	239.51	19.72	-24.66	44.38	41.17	245.17	52	18.28	20	17	40	19	Naples		1613	8	24	14	1	19	92	11.59	222.79	7.16	239.51	19.72	-24.66	44.38	41.17	245.17	40	17.07	20	17	40	19	Naples		1613	8	24	14	1	19	93	12.37	223.74	7.16	239.51	19.72	-24.66	44.38	41.17	245.17	79	16.38	20	17	40	19	Naples		1613	8	24	14	1	19	94	12.39	225.29	7.16	239.51	19.72	-24.66	44.38	41.17	245.17	45	14.95	20	17	40	19	Naples		1613	8	24	14	1	19	95	10.21	223.83	7.16	239.51	19.72	-24.66	44.38	41.17	245.17	40	15.79	20	17	40	19	Naples		1613	8	24	14	1	19	96	10.72	225.16	7.16	239.51	19.72	-24.66	44.38	41.17	245.17	68	14.61	20	17	40	19	Naples		1613	8	24	14	1	19	97	11.23	226.2	7.16	239.51	19.72	-24.66	44.38	41.17	245.17	34	13.75	20	17	40	19	Naples		1613	8	24	14	1	19	98	9.8	225.67	7.16	239.51	19.72	-24.66	44.38	41.17	245.17	65	13.94	20	17	40	19	Naples		1613	8	24	14	1	19	99	8.81	225.59	7.16	239.51	19.72	-24.66	44.38	41.17	245.17	27	13.88	20	17	40	19	Naples		1613	8	24	14	1	19	100	7.31	224.35	7.16	239.51	19.72	-24.66	44.38	41.17	245.17	28	15.04	20	17	40	19	Naples		1613	8	24	14	1	19	101	11.18	223.69	7.16	239.51	19.72	-24.66	44.38	41.17	245.17	40	16.12	20	17	40	19	Naples		1613	8	24	14	1	19	102	11.62	224.85	7.16	239.51	19.72	-24.66	44.38	41.17	245.17	38	15.13	20	17	40																									20	Naples		1613	8	26	13	11	17	51	-2.5	268.27	7.19	213.55	20.29	-16.72	37.01	48.62	231.53	359	55.46	19	17	37	20	Naples		1613	8	26	13	11	17	110	-4.14	264.34	7.19	213.55	20.29	-16.72	37.01	48.62	231.53	66	51.94	19	17	37	20	Naples		1613	8	26	13	11	19	73	6.59	213.57	7.19	213.55	20.29	-16.72	37.01	48.62	231.53	44	0.6	19	17	37	20	Naples		1613	8	26	13	11	19	103	11.79	223.71	7.19	213.55	20.29	-16.72	37.01	48.62	231.53	106	11.02	19	17	37	20	Naples		1613	8	26	13	11	19	104	9.92	223.29	7.19	213.55	20.29	-16.72	37.01	48.62	231.53	117	10.01	19	17	37	20	Naples		1613	8	26	13	11	19	105	9.86	226.8	7.19	213.55	20.29	-16.72	37.01	48.62	231.53	125	13.37	19	17	37	20	Naples		1613	8	26	13	11	19	106	9.52	228.19	7.19	213.55	20.29	-16.72	37.01	48.62	231.53	135	14.67	19	17	37	20	Naples		1613	8	26	13	11	19	107	7.95	224.77	7.19	213.55	20.29	-16.72	37.01	48.62	231.53	82	11.15	19	17	37	20	Naples		1613	8	26	13	11	19	108	7.32	226.79	7.19	213.55	20.29	-16.72	37.01	48.62	231.53	42	13.14	19	17	37	20	Naples		1613	8	26	13	11	19	109	6.77	229.74	7.19	213.55	20.29	-16.72	37.01	48.62	231.53	54	16.08	19	17	37																									21	Naples		1613	8	27	13	10	17	51	-0.94	264.15	7.21	200.35	20.58	-16.07	36.65	48.44	231	247	64.16	19	17	35	21	Naples		1613	8	27	13	10	19	111	7.38	224.41	7.21	200.35	20.58	-16.07	36.65	48.44	231	88	23.86	19	17	35	21	Naples		1613	8	27	13	10	19	112	7.59	227.66	7.21	200.35	20.58	-16.07	36.65	48.44	231	61	27.08	19	17	35	21	Naples		1613	8	27	13	10	19	113	5.34	225.98	7.21	200.35	20.58	-16.07	36.65	48.44	231	115	25.54	19	17	35	21	Naples		1613	8	27	13	10	19	114	5.38	229.93	7.21	200.35	20.58	-16.07	36.65	48.44	231	86	29.46	19	17	35	21	Naples		1613	8	27	13	10	19	115	5.32	233.39	7.21	200.35	20.58	-16.07	36.65	48.44	231	43	32.89	19	17	35																									22	Naples		1613	8	28	12	58	19	111	7.23	222.11	7.22	187.25	20.85	-13.34	34.19	49.83	227.09	91	34.57	19	17	34	22	Naples		1613	8	28	12	58	19	112	6.8	225.72	7.22	187.25	20.85	-13.34	34.19	49.83	227.09	104	38.17	19	17	34	22	Naples		1613	8	28	12	58	19	113	3.93	224.27	7.22	187.25	20.85	-13.34	34.19	49.83	227.09	167	36.98	19	17	34	22	Naples		1613	8	28	12	58	19	114	3.38	228.33	7.22	187.25	20.85	-13.34	34.19	49.83	227.09	190	41.07	19	17	34																									23	Naples		1613	8	29	13	7	19	111	9.74	220.36	7.23	173.96	21.13	-14.61	35.73	48.23	229.64	66	45.93	20	17	32	23	Naples		1613	8	29	13	7	19	112	7.26	227.57	7.23	173.96	21.13	-14.61	35.73	48.23	229.64	85	53.15	20	17	32	23	Naples		1613	8	29	13	7	19	113	7.25	219.06	7.23	173.96	21.13	-14.61	35.73	48.23	229.64	79	44.72	20	17	32	23	Naples		1613	8	29	13	7	19	114	4.46	226.98	7.23	173.96	21.13	-14.61	35.73	48.23	229.64	170	52.79	20	17	32	23	Naples		1613	8	29	13	7	19	115	3.68	231.93	7.23	173.96	21.13	-14.61	35.73	48.23	229.64	90	57.78	20	17	32																									24	Naples		1613	8	30	13	1	19	111	7.56	219.07	7.24	160.81	21.4	-13.03	34.43	48.74	227.59	185	57.74	19	17	31	24	Naples		1613	8	30	13	1	19	112	5.59	225.38	7.24	160.81	21.4	-13.03	34.43	48.74	227.59	117	64.14	19	17	31	24	Naples		1613	8	30	13	1	19	113	5.03	217.12	7.24	160.81	21.4	-13.03	34.43	48.74	227.59	101	56	19	17	31	24	Naples		1613	8	30	13	1	19	114	3.31	225.9	7.24	160.81	21.4	-13.03	34.43	48.74	227.59	266	64.89	19	17	31	24	Naples		1613	8	30	13	1	19	115	2.08	231.09	7.24	160.81	21.4	-13.03	34.43	48.74	227.59	168	70.19	19	17	31																									25	Naples		1613	8	31	13	3	19	111	6.25	206.42	7.24	147.58	21.66	-12.98	34.64	48.12	227.99	110	58.4	19	17	29	25	Naples		1613	8	31	13	3	19	112	5.07	213.07	7.24	147.58	21.66	-12.98	34.64	48.12	227.99	80	65.09	19	17	29	25	Naples		1613	8	31	13	3	19	113	4.5	203.96	7.24	147.58	21.66	-12.98	34.64	48.12	227.99	120	56.12	19	17	29	25	Naples		1613	8	31	13	3	19	114	2.61	213.55	7.24	147.58	21.66	-12.98	34.64	48.12	227.99	123	65.84	19	17	29	25	Naples		1613	8	31	13	3	19	115	0.98	219.34	7.24	147.58	21.66	-12.98	34.64	48.12	227.99	179	71.78	19	17	29	25	Naples		1613	8	31	13	3	20	116	11.03	216.64	7.24	147.58	21.66	-12.98	34.64	48.12	227.99	269	68.15	19	17	29	25	Naples		1613	8	31	13	3	21	117	-15.21	109.68	7.24	147.58	21.66	-12.98	34.64	48.12	227.99	98	43.76	19	17	29	25	Naples		1613	8	31	13	3	22	118	2.64	83.61	7.24	147.58	21.66	-12.98	34.64	48.12	227.99	161	63.86	19	17	29																									26	Naples		1613	9	1	5	2	21	117	-11.32	109.09	7.25	138.79	21.83	71.27	-49.44	5.37	83.62	84	34.89	12	17	27	26	Naples		1613	9	1	5	3	22	119	9.1	82.47	7.25	138.79	21.83	71.27	-49.44	5.37	83.62	95	55.72	12	17	27	26	Naples		1613	9	1	5	3	22	120	9.45	74.82	7.25	138.79	21.83	71.27	-49.44	5.37	83.62	190	63.24	12	17	27																									27	Naples		1613	9	2	13	32	21	117	-14.21	109.47	7.25	120.9	22.17	-16.96	39.13	43.12	235.74	54	24.27	20	17	26	27	Naples		1613	9	2	13	32	22	119	1.69	79.97	7.25	120.9	22.17	-16.96	39.13	43.12	235.74	66	41.17	20	17	26	27	Naples		1613	9	2	13	32	22	120	-1.3	74.07	7.25	120.9	22.17	-16.96	39.13	43.12	235.74	67	47.5	20	17	26	27	Naples		1613	9	2	13	32	23	121	-5.74	121.78	7.25	120.9	22.17	-16.96	39.13	43.12	235.74	68	13.02	20	17	26	27	Naples		1613	9	2	13	32	24	122	-19.62	58.63	7.25	120.9	22.17	-16.96	39.13	43.12	235.74	207	66.9	20	17	26																									28	Naples		1613	9	3	12	18	21	117	-21.62	111.64	7.25	108.38	22.4	-1.6	24	52.56	212.22	61	29.05	19	17	24	28	Naples		1613	9	3	12	18	22	119	0.21	80.95	7.25	108.38	22.4	-1.6	24	52.56	212.22	60	28.25	19	17	24	28	Naples		1613	9	3	12	18	22	120	-2.52	75.07	7.25	108.38	22.4	-1.6	24	52.56	212.22	53	34.64	19	17	24	28	Naples		1613	9	3	12	18	22	126	-2.19	72.62	7.25	108.38	22.4	-1.6	24	52.56	212.22	53	36.91	19	17	24	28	Naples		1613	9	3	12	18	23	121	-9.85	125.74	7.25	108.38	22.4	-1.6	24	52.56	212.22	53	24.32	19	17	24	28	Naples		1613	9	3	12	18	24	122	-20.4	62.27	7.25	108.38	22.4	-1.6	24	52.56	212.22	246	53.09	19	17	24	28	Naples		1613	9	3	12	18	24	123	-20.4	56.53	7.25	108.38	22.4	-1.6	24	52.56	212.22	112	57.97	19	17	24	28	Naples		1613	9	3	12	18	24	124	-20.59	52.22	7.25	108.38	22.4	-1.6	24	52.56	212.22	90	61.79	19	17	24	28	Naples		1613	9	3	12	18	24	125	-21.27	47.15	7.25	108.38	22.4	-1.6	24	52.56	212.22	76	66.47	19	17	24																									29	Naples		1613	9	4	13	38	22	119	0.9	80.94	7.25	94.44	22.65	-16.99	39.64	41.51	236.82	91	14.88	20	17	23	29	Naples		1613	9	4	13	38	22	120	-0.62	74.79	7.25	94.44	22.65	-16.99	39.64	41.51	236.82	46	21.12	20	17	23	29	Naples		1613	9	4	13	38	22	126	-0.7	73.19	7.25	94.44	22.65	-16.99	39.64	41.51	236.82	22	22.64	20	17	23	29	Naples		1613	9	4	13	38	24	122	-19.85	58.83	7.25	94.44	22.65	-16.99	39.64	41.51	236.82	360	44.3	20	17	23	29	Naples		1613	9	4	13	38	24	123	-19.27	52.88	7.25	94.44	22.65	-16.99	39.64	41.51	236.82	108	48.77	20	17	23	29	Naples		1613	9	4	13	38	24	124	-19	49.38	7.25	94.44	22.65	-16.99	39.64	41.51	236.82	85	51.57	20	17	23	29	Naples		1613	9	4	13	38	24	125	-19.75	45.6	7.25	94.44	22.65	-16.99	39.64	41.51	236.82	101	55.13	20	17	23	29	Naples		1613	9	4	13	38	24	127	-19.64	41.57	7.25	94.44	22.65	-16.99	39.64	41.51	236.82	91	58.56	20	17	23	29	Naples		1613	9	4	13	38	25	128	30.96	108.23	7.25	94.44	22.65	-16.99	39.64	41.51	236.82	70	28.09	20	17	23	29	Naples		1613	9	4	13	38	25	129	31.06	105.85	7.25	94.44	22.65	-16.99	39.64	41.51	236.82	29	26.13	20	17	23	29	Naples		1613	9	4	13	38	26	130	-5.38	124.13	7.25	94.44	22.65	-16.99	39.64	41.51	236.82	60	33.21	20	17	23	29	Naples		1613	9	4	13	38	26	131	-4.09	119.05	7.25	94.44	22.65	-16.99	39.64	41.51	236.82	83	28.01	20	17	23																									30	Naples		1613	9	5	12	55	22	119	-2.45	80.42	7.24	81.63	22.88	-9.39	32.27	47.47	224.5	61	9.76	20	17	21	30	Naples		1613	9	5	12	55	22	120	-4.29	72.63	7.24	81.63	22.88	-9.39	32.27	47.47	224.5	60	14.61	20	17	21	30	Naples		1613	9	5	12	55	22	126	-3.13	70.69	7.24	81.63	22.88	-9.39	32.27	47.47	224.5	26	15.06	20	17	21	30	Naples		1613	9	5	12	55	24	122	-23.42	60.94	7.24	81.63	22.88	-9.39	32.27	47.47	224.5	189	36.72	20	17	21	30	Naples		1613	9	5	12	55	24	123	-23.36	56.43	7.24	81.63	22.88	-9.39	32.27	47.47	224.5	130	39.28	20	17	21	30	Naples		1613	9	5	12	55	24	124	-23.25	52.79	7.24	81.63	22.88	-9.39	32.27	47.47	224.5	97	41.52	20	17	21	30	Naples		1613	9	5	12	55	24	125	-23.49	48.89	7.24	81.63	22.88	-9.39	32.27	47.47	224.5	73	44.35	20	17	21	30	Naples		1613	9	5	12	55	25	128	25.97	103.54	7.24	81.63	22.88	-9.39	32.27	47.47	224.5	127	28.05	20	17	21	30	Naples		1613	9	5	12	55	25	129	28.3	97.58	7.24	81.63	22.88	-9.39	32.27	47.47	224.5	41	25.89	20	17	21	30	Naples		1613	9	5	12	55	26	131	-2.43	118.21	7.24	81.63	22.88	-9.39	32.27	47.47	224.5	96	37.77	20	17	21	30	Naples		1613	9	5	12	55	27	132	22.83	146.04	7.24	81.63	22.88	-9.39	32.27	47.47	224.5	235	63.65	20	17	21																									31	Naples		1613	9	6	13	54	22	119	-3.05	86.31	7.24	67.88	23.11	-18.26	41.37	38.25	240.28	159	21.08	20	17	19	31	Naples		1613	9	6	13	54	24	122	-24.55	65.5	7.24	67.88	23.11	-18.26	41.37	38.25	240.28	347	31.88	20	17	19	31	Naples		1613	9	6	13	54	24	123	-24.89	60.59	7.24	67.88	23.11	-18.26	41.37	38.25	240.28	99	32.91	20	17	19	31	Naples		1613	9	6	13	54	24	133	-23.99	55.71	7.24	67.88	23.11	-18.26	41.37	38.25	240.28	24	33.41	20	17	19	31	Naples		1613	9	6	13	54	24	134	-25.18	54.19	7.24	67.88	23.11	-18.26	41.37	38.25	240.28	18	35.06	20	17	19	31	Naples		1613	9	6	13	54	24	135	-25.21	56.87	7.24	67.88	23.11	-18.26	41.37	38.25	240.28	43	34.17	20	17	19	31	Naples		1613	9	6	13	54	25	128	26.07	109.99	7.24	67.88	23.11	-18.26	41.37	38.25	240.28	151	44.23	20	17	19	31	Naples		1613	9	6	13	54	25	129	27.79	103.72	7.24	67.88	23.11	-18.26	41.37	38.25	240.28	94	39.63	20	17	19	31	Naples		1613	9	6	13	54	28	136	6.29	81.15	7.24	67.88	23.11	-18.26	41.37	38.25	240.28	62	13.21	20	17	19	31	Naples		1613	9	6	13	54	29	137	6.05	47.46	7.24	67.88	23.11	-18.26	41.37	38.25	240.28	56	20.32	20	17	19	31	Naples		1613	9	6	13	54	30	138	8.81	24.69	7.24	67.88	23.11	-18.26	41.37	38.25	240.28	50	42.78	20	17	19	31	Naples		1613	9	6	13	54	30	139	8.16	20.86	7.24	67.88	23.11	-18.26	41.37	38.25	240.28	124	46.58	20	17	19																									32	Naples		1613	9	7	12	59	22	119	0.95	84.76	7.23	55.19	23.33	-9.42	32.75	46.21	225.34	123	30.14	20	17	18	32	Naples		1613	9	7	12	59	24	122	-19.94	63.75	7.23	55.19	23.33	-9.42	32.75	46.21	225.34	316	28.45	20	17	18	32	Naples		1613	9	7	12	59	24	133	-17.92	56.1	7.23	55.19	23.33	-9.42	32.75	46.21	225.34	21	25.16	20	17	18	32	Naples		1613	9	7	12	59	24	134	-19.02	53.03	7.23	55.19	23.33	-9.42	32.75	46.21	225.34	47	26.33	20	17	18	32	Naples		1613	9	7	12	59	24	135	-19.71	56.34	7.23	55.19	23.33	-9.42	32.75	46.21	225.34	65	26.96	20	17	18	32	Naples		1613	9	7	12	59	25	128	26.67	105.79	7.23	55.19	23.33	-9.42	32.75	46.21	225.34	108	51.75	20	17	18	32	Naples		1613	9	7	12	59	25	129	30.83	97.89	7.23	55.19	23.33	-9.42	32.75	46.21	225.34	86	46.33	20	17	18	32	Naples		1613	9	7	12	59	25	140	34.47	98.46	7.23	55.19	23.33	-9.42	32.75	46.21	225.34	77	48.19	20	17	18	32	Naples		1613	9	7	12	59	28	136	8.69	82.8	7.23	55.19	23.33	-9.42	32.75	46.21	225.34	51	27.39	20	17	18	32	Naples		1613	9	7	12	59	28	141	10.88	77.34	7.23	55.19	23.33	-9.42	32.75	46.21	225.34	59	22.18	20	17	18	32	Naples		1613	9	7	12	59	29	137	4.18	44.58	7.23	55.19	23.33	-9.42	32.75	46.21	225.34	63	10.99	20	17	18	32	Naples		1613	9	7	12	59	30	138	8.19	24.05	7.23	55.19	23.33	-9.42	32.75	46.21	225.34	67	30.87	20	17	18	32	Naples		1613	9	7	12	59	30	139	7.82	17.79	7.23	55.19	23.33	-9.42	32.75	46.21	225.34	43	37.06	20	17	18	32	Naples		1613	9	7	12	59	30	142	9.49	19.66	7.23	55.19	23.33	-9.42	32.75	46.21	225.34	60	35.21	20	17	18	32	Naples		1613	9	7	12	59	31	143	25.85	3.96	7.23	55.19	23.33	-9.42	32.75	46.21	225.34	156	52.12	20	17	18																									33	Naples		1613	9	8	11	50	24	122	-20.3	71.16	7.22	42.62	23.53	7.74	15.79	53.04	200.98	156	39.31	18	17	16	33	Naples		1613	9	8	11	50	24	149	-19.49	68.21	7.22	42.62	23.53	7.74	15.79	53.04	200.98	56	36.73	18	17	16	33	Naples		1613	9	8	11	50	24	150	-20.92	66.71	7.22	42.62	23.53	7.74	15.79	53.04	200.98	31	36.77	18	17	16	33	Naples		1613	9	8	11	50	24	151	-22.37	65.95	7.22	42.62	23.53	7.74	15.79	53.04	200.98	36	37.39	18	17	16	33	Naples		1613	9	8	11	50	24	152	-22.48	64.39	7.22	42.62	23.53	7.74	15.79	53.04	200.98	53	36.56	18	17	16	33	Naples		1613	9	8	11	50	24	153	-21.88	68.31	7.22	42.62	23.53	7.74	15.79	53.04	200.98	20	38.49	18	17	16	33	Naples		1613	9	8	11	50	24	154	-21.61	69.57	7.22	42.62	23.53	7.74	15.79	53.04	200.98	27	39.12	18	17	16	33	Naples		1613	9	8	11	50	25	128	27.59	106.65	7.22	42.62	23.53	7.74	15.79	53.04	200.98	93	63.7	18	17	16	33	Naples		1613	9	8	11	50	25	140	32.3	102.3	7.22	42.62	23.53	7.74	15.79	53.04	200.98	173	60.63	18	17	16	33	Naples		1613	9	8	11	50	28	136	2.35	89.2	7.22	42.62	23.53	7.74	15.79	53.04	200.98	65	46.65	18	17	16	33	Naples		1613	9	8	11	50	28	141	5.1	82.83	7.22	42.62	23.53	7.74	15.79	53.04	200.98	56	40.03	18	17	16	33	Naples		1613	9	8	11	50	28	144	5.01	76.89	7.22	42.62	23.53	7.74	15.79	53.04	200.98	55	34.15	18	17	16	33	Naples		1613	9	8	11	50	30	138	15.64	26.42	7.22	42.62	23.53	7.74	15.79	53.04	200.98	58	17.95	18	17	16	33	Naples		1613	9	8	11	50	30	145	14.4	23.33	7.22	42.62	23.53	7.74	15.79	53.04	200.98	80	20.24	18	17	16	33	Naples		1613	9	8	11	50	30	146	15.94	19.63	7.22	42.62	23.53	7.74	15.79	53.04	200.98	82	24.12	18	17	16	33	Naples		1613	9	8	11	50	30	147	17.51	20.26	7.22	42.62	23.53	7.74	15.79	53.04	200.98	23	24.11	18	17	16	33	Naples		1613	9	8	11	50	30	148	16.62	21.89	7.22	42.62	23.53	7.74	15.79	53.04	200.98	14	22.33	18	17	16	33	Naples		1613	9	8	11	50	31	143	30.87	8.56	7.22	42.62	23.53	7.74	15.79	53.04	200.98	86	39.65	18	17	16																									34	Naples		1613	9	9	13	49	24	122	-15.79	62.87	7.2	28.32	23.76	-16.54	40.3	38.05	238.38	167	41.21	21	17	14	34	Naples		1613	9	9	13	49	24	149	-15.29	59.38	7.2	28.32	23.76	-16.54	40.3	38.05	238.38	32	38.12	21	17	14	34	Naples		1613	9	9	13	49	24	150	-17.59	56.87	7.2	28.32	23.76	-16.54	40.3	38.05	238.38	14	37.54	21	17	14	34	Naples		1613	9	9	13	49	24	151	-18.9	57.84	7.2	28.32	23.76	-16.54	40.3	38.05	238.38	30	39.09	21	17	14	34	Naples		1613	9	9	13	49	24	152	-19.63	56.07	7.2	28.32	23.76	-16.54	40.3	38.05	238.38	58	38.29	21	17	14	34	Naples		1613	9	9	13	49	24	153	-17.75	59.57	7.2	28.32	23.76	-16.54	40.3	38.05	238.38	72	39.68	21	17	14	34	Naples		1613	9	9	13	49	25	140	25.77	99.39	7.2	28.32	23.76	-16.54	40.3	38.05	238.38	202	69.86	21	17	14	34	Naples		1613	9	9	13	49	28	141	12.26	71	7.2	28.32	23.76	-16.54	40.3	38.05	238.38	38	42.33	21	17	14	34	Naples		1613	9	9	13	49	28	144	10.67	68.35	7.2	28.32	23.76	-16.54	40.3	38.05	238.38	43	39.67	21	17	14	34	Naples		1613	9	9	13	49	30	138	13.42	23.24	7.2	28.32	23.76	-16.54	40.3	38.05	238.38	82	7.98	21	17	14	34	Naples		1613	9	9	13	49	30	145	11.36	19.44	7.2	28.32	23.76	-16.54	40.3	38.05	238.38	46	9.7	21	17	14	34	Naples		1613	9	9	13	49	30	146	13.8	16.41	7.2	28.32	23.76	-16.54	40.3	38.05	238.38	73	13.44	21	17	14	34	Naples		1613	9	9	13	49	30	155	13.47	14.72	7.2	28.32	23.76	-16.54	40.3	38.05	238.38	19	14.77	21	17	14	34	Naples		1613	9	9	13	49	31	143	24.09	4.13	7.2	28.32	23.76	-16.54	40.3	38.05	238.38	29	28.68	21	17	14	34	Naples		1613	9	9	13	49	32	156	11.11	326.03	7.2	28.32	23.76	-16.54	40.3	38.05	238.38	89	61.52	21	17	14	34	Naples		1613	9	9	13	49	32	157	11.36	321.44	7.2	28.32	23.76	-16.54	40.3	38.05	238.38	50	66.01	21	17	14																									35	Naples		1613	9	10	13	33	24	122	-20.38	66.71	7.19	15.27	23.96	-14.03	37.99	40.22	234.18	212	57.58	20	17	13	35	Naples		1613	9	10	13	33	24	149	-22.1	64.35	7.19	15.27	23.96	-14.03	37.99	40.22	234.18	57	56.29	20	17	13	35	Naples		1613	9	10	13	33	24	150	-23.28	64.6	7.19	15.27	23.96	-14.03	37.99	40.22	234.18	18	57.01	20	17	13	35	Naples		1613	9	10	13	33	24	151	-23.85	66.11	7.19	15.27	23.96	-14.03	37.99	40.22	234.18	24	58.51	20	17	13	35	Naples		1613	9	10	13	33	24	153	-23.05	67.18	7.19	15.27	23.96	-14.03	37.99	40.22	234.18	56	59.06	20	17	13	35	Naples		1613	9	10	13	33	24	158	-23.8	64.63	7.19	15.27	23.96	-14.03	37.99	40.22	234.18	7	57.27	20	17	13	35	Naples		1613	9	10	13	33	24	159	-24.48	64.66	7.19	15.27	23.96	-14.03	37.99	40.22	234.18	34	57.6	20	17	13	35	Naples		1613	9	10	13	33	24	160	-25.21	64.62	7.19	15.27	23.96	-14.03	37.99	40.22	234.18	15	57.9	20	17	13	35	Naples		1613	9	10	13	33	24	161	-24.69	66.04	7.19	15.27	23.96	-14.03	37.99	40.22	234.18	13	58.82	20	17	13	35	Naples		1613	9	10	13	33	28	141	13.14	66.06	7.19	15.27	23.96	-14.03	37.99	40.22	234.18	84	50.27	20	17	13	35	Naples		1613	9	10	13	33	30	138	7.53	25.89	7.19	15.27	23.96	-14.03	37.99	40.22	234.18	77	10.54	20	17	13	35	Naples		1613	9	10	13	33	30	146	8.52	19.55	7.19	15.27	23.96	-14.03	37.99	40.22	234.18	56	4.44	20	17	13	35	Naples		1613	9	10	13	33	31	143	18.04	5.63	7.19	15.27	23.96	-14.03	37.99	40.22	234.18	36	14.35	20	17	13	35	Naples		1613	9	10	13	33	32	156	6.6	326.27	7.19	15.27	23.96	-14.03	37.99	40.22	234.18	59	48.62	20	17	13	35	Naples		1613	9	10	13	33	32	157	6.41	321.14	7.19	15.27	23.96	-14.03	37.99	40.22	234.18	81	53.73	20	17	13																									36	Naples		1613	9	11	13	45	24	122	-14.48	66.81	7.17	1.96	24.15	-15.34	39.49	37.99	236.96	430	67.85	21	17	11	36	Naples		1613	9	11	13	45	24	163	-16.91	64.42	7.17	1.96	24.15	-15.34	39.49	37.99	236.96	97	66.27	21	17	11	36	Naples		1613	9	11	13	45	24	164	-17.54	64.33	7.17	1.96	24.15	-15.34	39.49	37.99	236.96	39	66.36	21	17	11	36	Naples		1613	9	11	13	45	24	165	-17.29	62.26	7.17	1.96	24.15	-15.34	39.49	37.99	236.96	24	64.39	21	17	11	36	Naples		1613	9	11	13	45	24	166	-17.78	61.55	7.17	1.96	24.15	-15.34	39.49	37.99	236.96	27	63.89	21	17	11	36	Naples		1613	9	11	13	45	24	167	-19.17	62.93	7.17	1.96	24.15	-15.34	39.49	37.99	236.96	24	65.56	21	17	11	36	Naples		1613	9	11	13	45	24	168	-19.17	61.16	7.17	1.96	24.15	-15.34	39.49	37.99	236.96	22	63.97	21	17	11	36	Naples		1613	9	11	13	45	24	169	-20.26	62.22	7.17	1.96	24.15	-15.34	39.49	37.99	236.96	20	65.26	21	17	11	36	Naples		1613	9	11	13	45	24	170	-20.22	63.61	7.17	1.96	24.15	-15.34	39.49	37.99	236.96	26	66.49	21	17	11	36	Naples		1613	9	11	13	45	24	171	-19.22	64.48	7.17	1.96	24.15	-15.34	39.49	37.99	236.96	32	66.97	21	17	11	36	Naples		1613	9	11	13	45	24	172	-18.47	63.77	7.17	1.96	24.15	-15.34	39.49	37.99	236.96	21	66.11	21	17	11	36	Naples		1613	9	11	13	45	30	138	11.96	23.19	7.17	1.96	24.15	-15.34	39.49	37.99	236.96	83	21.47	21	17	11	36	Naples		1613	9	11	13	45	30	146	12.1	15.78	7.17	1.96	24.15	-15.34	39.49	37.99	236.96	72	14.49	21	17	11	36	Naples		1613	9	11	13	45	31	143	21.9	1.39	7.17	1.96	24.15	-15.34	39.49	37.99	236.96	73	14.74	21	17	11	36	Naples		1613	9	11	13	45	32	156	4.9	325.61	7.17	1.96	24.15	-15.34	39.49	37.99	236.96	94	36.21	21	17	11	36	Naples		1613	9	11	13	45	32	157	4.65	321.66	7.17	1.96	24.15	-15.34	39.49	37.99	236.96	44	40.15	21	17	11	36	Naples		1613	9	11	13	45	32	162	4.2	318	7.17	1.96	24.15	-15.34	39.49	37.99	236.96	133	43.83	21	17	11																									37	Naples		1613	9	12	11	44	30	138	1.4	26.24	7.15	349.87	24.33	10.41	13.92	51.86	198.5	96	36.71	18	17	9	37	Naples		1613	9	12	11	44	30	146	3.96	19	7.15	349.87	24.33	10.41	13.92	51.86	198.5	114	29.16	18	17	9	37	Naples		1613	9	12	11	44	31	143	19.28	5.81	7.15	349.87	24.33	10.41	13.92	51.86	198.5	81	19.67	18	17	9	37	Naples		1613	9	12	11	44	32	156	6.82	325.06	7.15	349.87	24.33	10.41	13.92	51.86	198.5	75	24.62	18	17	9	37	Naples		1613	9	12	11	44	32	157	9.37	319.01	7.15	349.87	24.33	10.41	13.92	51.86	198.5	47	30.6	18	17	9	37	Naples		1613	9	12	11	44	32	162	8.27	314.89	7.15	349.87	24.33	10.41	13.92	51.86	198.5	93	34.66	18	17	9																									38	Naples		1613	9	13	12	50	30	138	8.88	29.67	7.13	336.06	24.52	-5.63	30.15	45.17	221.5	101	53.07	20	17	8	38	Naples		1613	9	13	12	50	30	146	10.4	21	7.13	336.06	24.52	-5.63	30.15	45.17	221.5	77	44.5	20	17	8	38	Naples		1613	9	13	12	50	31	143	22.81	4.723	7.13	336.06	24.52	-5.63	30.15	45.17	221.5	88	31.71	20	17	8	38	Naples		1613	9	13	12	50	31	173	23.04	15.33	7.13	336.06	24.52	-5.63	30.15	45.17	221.5	91	40.93	20	17	8	38	Naples		1613	9	13	12	50	31	174	18.49	10.23	7.13	336.06	24.52	-5.63	30.15	45.17	221.5	74	35.12	20	17	8	38	Naples		1613	9	13	12	50	31	175	23.68	6.852	7.13	336.06	24.52	-5.63	30.15	45.17	221.5	7	33.85	20	17	8	38	Naples		1613	9	13	12	50	31	176	22.09	7.241	7.13	336.06	24.52	-5.63	30.15	45.17	221.5	7	33.56	20	17	8	38	Naples		1613	9	13	12	50	32	156	9.2	329.9	7.13	336.06	24.52	-5.63	30.15	45.17	221.5	75	6.44	20	17	8	38	Naples		1613	9	13	12	50	32	157	10.31	323.95	7.13	336.06	24.52	-5.63	30.15	45.17	221.5	47	12.39	20	17	8	38	Naples		1613	9	13	12	50	32	162	8.67	319.77	7.13	336.06	24.52	-5.63	30.15	45.17	221.5	77	16.21	20	17	8	38	Naples		1613	9	13	12	50	33	177	-12.2	20.32	7.13	336.06	24.52	-5.63	30.15	45.17	221.5	74	48.06	20	17	8	38	Naples		1613	9	13	12	50	33	178	-13.79	19.88	7.13	336.06	24.52	-5.63	30.15	45.17	221.5	25	48.26	20	17	8	38	Naples		1613	9	13	12	50	33	179	-12.91	13.15	7.13	336.06	24.52	-5.63	30.15	45.17	221.5	84	41.95	20	17	8	38	Naples		1613	9	13	12	50	33	180	-13.84	11.74	7.13	336.06	24.52	-5.63	30.15	45.17	221.5	34	41.16	20	17	8	38	Naples		1613	9	13	12	50	34	181	3.4	317.41	7.13	336.06	24.52	-5.63	30.15	45.17	221.5	40	18.94	20	17	8	38	Naples		1613	9	13	12	50	34	182	3.37	311.93	7.13	336.06	24.52	-5.63	30.15	45.17	221.5	55	24.31	20	17	8	38	Naples		1613	9	13	12	50	35	183	7.99	277.44	7.13	336.06	24.52	-5.63	30.15	45.17	221.5	67	58.07	20	17	8	38	Naples		1613	9	13	12	50	35	184	4.43	276.51	7.13	336.06	24.52	-5.63	30.15	45.17	221.5	64	59.27	20	17	8	38	Naples		1613	9	13	12	50	35	185	6.27	270.48	7.13	336.06	24.52	-5.63	30.15	45.17	221.5	77	65.08	20	17	8																									39	Naples		1613	9	14	12	11	30	138	6.24	23.5	7.11	323.22	24.69	3.51	21.18	49.03	208.48	71	59.83	19	17	6	39	Naples		1613	9	14	12	11	30	146	7.93	15.27	7.11	323.22	24.69	3.51	21.18	49.03	208.48	64	51.57	19	17	6	39	Naples		1613	9	14	12	11	31	143	19.82	1.111	7.11	323.22	24.69	3.51	21.18	49.03	208.48	44	38.86	19	17	6	39	Naples		1613	9	14	12	11	31	173	16.87	7.31	7.11	323.22	24.69	3.51	21.18	49.03	208.48	39	44.1	19	17	6	39	Naples		1613	9	14	12	11	31	174	17.92	2.65	7.11	323.22	24.69	3.51	21.18	49.03	208.48	79	39.88	19	17	6	39	Naples		1613	9	14	12	11	32	156	8.52	331.23	7.11	323.22	24.69	3.51	21.18	49.03	208.48	71	8.06	19	17	6	39	Naples		1613	9	14	12	11	32	157	9.54	323.68	7.11	323.22	24.69	3.51	21.18	49.03	208.48	30	2.47	19	17	6	39	Naples		1613	9	14	12	11	32	162	8.24	319.33	7.11	323.22	24.69	3.51	21.18	49.03	208.48	43	4.02	19	17	6	39	Naples		1613	9	14	12	11	32	186	8.34	330.02	7.11	323.22	24.69	3.51	21.18	49.03	208.48	14	6.85	19	17	6	39	Naples		1613	9	14	12	11	33	177	-14.55	12.39	7.11	323.22	24.69	3.51	21.18	49.03	208.48	136	53.35	19	17	6	39	Naples		1613	9	14	12	11	33	178	-15.29	9.473	7.11	323.22	24.69	3.51	21.18	49.03	208.48	62	51	19	17	6	39	Naples		1613	9	14	12	11	33	179	-13.22	5.07	7.11	323.22	24.69	3.51	21.18	49.03	208.48	82	46.27	19	17	6	39	Naples		1613	9	14	12	11	33	180	-14.3	2.94	7.11	323.22	24.69	3.51	21.18	49.03	208.48	60	44.84	19	17	6	39	Naples		1613	9	14	12	11	34	181	2.68	317.58	7.11	323.22	24.69	3.51	21.18	49.03	208.48	44	7.15	19	17	6	39	Naples		1613	9	14	12	11	34	182	2.42	310.33	7.11	323.22	24.69	3.51	21.18	49.03	208.48	54	13.67	19	17	6	39	Naples		1613	9	14	12	11	34	187	1.76	309.33	7.11	323.22	24.69	3.51	21.18	49.03	208.48	24	14.84	19	17	6	39	Naples		1613	9	14	12	11	35	184	-0.34	270.76	7.11	323.22	24.69	3.51	21.18	49.03	208.48	136	52.85	19	17	6	39	Naples		1613	9	14	12	11	35	188	2.65	272.6	7.11	323.22	24.69	3.51	21.18	49.03	208.48	66	50.61	19	17	6	39	Naples		1613	9	14	12	11	35	189	2.23	269.83	7.11	323.22	24.69	3.51	21.18	49.03	208.48	39	53.41	19	17	6	39	Naples		1613	9	14	12	11	35	190	1.85	262.49	7.11	323.22	24.69	3.51	21.18	49.03	208.48	111	60.74	19	17	6	39	Naples		1613	9	14	12	11	35	191	3.56	251.04	7.11	323.22	24.69	3.51	21.18	49.03	208.48	163	71.9	19	17	6	39	Naples		1613	9	14	12	11	35	192	6.93	252.34	7.11	323.22	24.69	3.51	21.18	49.03	208.48	127	70.27	19	17	6	39	Naples		1613	9	14	12	11	36	193	-8.91	277.85	7.11	323.22	24.69	3.51	21.18	49.03	208.48	107	47.97	19	17	6	39	Naples		1613	9	14	12	11	36	194	-14.9	262.5	7.11	323.22	24.69	3.51	21.18	49.03	208.48	173	64.07	19	17	6																									40	Naples		1613	9	15	13	45	30	146	10.27	15.18	7.08	309.16	24.87	-14.05	38.93	36.58	236.06	165	65.24	21	17	4	40	Naples		1613	9	15	13	45	31	143	21.69	1.77	7.08	309.16	24.87	-14.05	38.93	36.58	236.06	81	52.73	21	17	4	40	Naples		1613	9	15	13	45	31	174	21.61	4.56	7.08	309.16	24.87	-14.05	38.93	36.58	236.06	63	55.29	21	17	4	40	Naples		1613	9	15	13	45	32	156	14.34	327.98	7.08	309.16	24.87	-14.05	38.93	36.58	236.06	30	19.85	21	17	4	40	Naples		1613	9	15	13	45	32	157	14.6	322.28	7.08	309.16	24.87	-14.05	38.93	36.58	236.06	46	14.91	21	17	4	40	Naples		1613	9	15	13	45	32	162	12.29	319.75	7.08	309.16	24.87	-14.05	38.93	36.58	236.06	96	11.66	21	17	4	40	Naples		1613	9	15	13	45	32	186	14.63	326.39	7.08	309.16	24.87	-14.05	38.93	36.58	236.06	72	18.52	21	17	4	40	Naples		1613	9	15	13	45	33	178	-12.63	16.03	7.08	309.16	24.87	-14.05	38.93	36.58	236.06	90	69.3	21	17	4	40	Naples		1613	9	15	13	45	33	179	-10.67	11.68	7.08	309.16	24.87	-14.05	38.93	36.58	236.06	118	64.71	21	17	4	40	Naples		1613	9	15	13	45	33	180	-10.74	5.051	7.08	309.16	24.87	-14.05	38.93	36.58	236.06	143	58.41	21	17	4	40	Naples		1613	9	15	13	45	34	181	8.63	318.44	7.08	309.16	24.87	-14.05	38.93	36.58	236.06	103	9.33	21	17	4	40	Naples		1613	9	15	13	45	34	182	7.05	311.55	7.08	309.16	24.87	-14.05	38.93	36.58	236.06	38	2.37	21	17	4	40	Naples		1613	9	15	13	45	34	187	6.12	310.76	7.08	309.16	24.87	-14.05	38.93	36.58	236.06	17	1.86	21	17	4	40	Naples		1613	9	15	13	45	35	184	4.78	273.57	7.08	309.16	24.87	-14.05	38.93	36.58	236.06	101	35.47	21	17	4	40	Naples		1613	9	15	13	45	35	188	7.74	276.29	7.08	309.16	24.87	-14.05	38.93	36.58	236.06	99	32.59	21	17	4	40	Naples		1613	9	15	13	45	35	189	7.08	273.35	7.08	309.16	24.87	-14.05	38.93	36.58	236.06	48	35.52	21	17	4	40	Naples		1613	9	15	13	45	35	190	6.89	265.72	7.08	309.16	24.87	-14.05	38.93	36.58	236.06	171	43.1	21	17	4	40	Naples		1613	9	15	13	45	35	191	8.3	255.86	7.08	309.16	24.87	-14.05	38.93	36.58	236.06	154	52.79	21	17	4	40	Naples		1613	9	15	13	45	35	192	9.9	259.45	7.08	309.16	24.87	-14.05	38.93	36.58	236.06	88	49.2	21	17	4	40	Naples		1613	9	15	13	45	35	195	11.28	256.51	7.08	309.16	24.87	-14.05	38.93	36.58	236.06	58	52.08	21	17	4	40	Naples		1613	9	15	13	45	35	196	9.12	255.48	7.08	309.16	24.87	-14.05	38.93	36.58	236.06	240	53.14	21	17	4	40	Naples		1613	9	15	13	45	36	193	-5.97	280.41	7.08	309.16	24.87	-14.05	38.93	36.58	236.06	104	31.51	21	17	4	40	Naples		1613	9	15	13	45	36	194	-11.66	261.61	7.08	309.16	24.87	-14.05	38.93	36.58	236.06	142	50.87	21	17	4																									41	Naples		1613	9	17	14	8	32	157	9.53	317.27	7.02	282.55	25.2	-16.22	41.42	32.17	240.93	36	34.43	21	17	1	41	Naples		1613	9	17	14	8	32	162	7.98	313.14	7.02	282.55	25.2	-16.22	41.42	32.17	240.93	56	30.33	21	17	1	41	Naples		1613	9	17	14	8	32	186	8.35	322.86	7.02	282.55	25.2	-16.22	41.42	32.17	240.93	77	39.96	21	17	1	41	Naples		1613	9	17	14	8	34	181	4.46	312.59	7.02	282.55	25.2	-16.22	41.42	32.17	240.93	72	29.99	21	17	1	41	Naples		1613	9	17	14	8	34	182	1.79	303.53	7.02	282.55	25.2	-16.22	41.42	32.17	240.93	88	21.55	21	17	1	41	Naples		1613	9	17	14	8	34	187	0.52	302.72	7.02	282.55	25.2	-16.22	41.42	32.17	240.93	46	21.13	21	17	1	41	Naples		1613	9	17	14	8	35	184	4.62	266.89	7.02	282.55	25.2	-16.22	41.42	32.17	240.93	82	15.76	21	17	1	41	Naples		1613	9	17	14	8	35	188	6.94	268.82	7.02	282.55	25.2	-16.22	41.42	32.17	240.93	122	13.63	21	17	1	41	Naples		1613	9	17	14	8	35	190	4.95	259.35	7.02	282.55	25.2	-16.22	41.42	32.17	240.93	82	23.16	21	17	1	41	Naples		1613	9	17	14	8	35	191	6.62	247.69	7.02	282.55	25.2	-16.22	41.42	32.17	240.93	193	34.61	21	17	1	41	Naples		1613	9	17	14	8	35	192	7.75	252.01	7.02	282.55	25.2	-16.22	41.42	32.17	240.93	146	30.29	21	17	1	41	Naples		1613	9	17	14	8	35	196	7.78	244.05	7.02	282.55	25.2	-16.22	41.42	32.17	240.93	168	38.18	21	17	1	41	Naples		1613	9	17	14	8	35	197	4.96	268.95	7.02	282.55	25.2	-16.22	41.42	32.17	240.93	56	13.69	21	17	1	41	Naples		1613	9	17	14	8	35	198	5.78	269.8	7.02	282.55	25.2	-16.22	41.42	32.17	240.93	8	12.73	21	17	1	41	Naples		1613	9	17	14	8	35	199	4.79	270.07	7.02	282.55	25.2	-16.22	41.42	32.17	240.93	4	12.61	21	17	1	41	Naples		1613	9	17	14	8	35	200	4.14	269.71	7.02	282.55	25.2	-16.22	41.42	32.17	240.93	6	13.1	21	17	1	41	Naples		1613	9	17	14	8	35	201	3.98	268.67	7.02	282.55	25.2	-16.22	41.42	32.17	240.93	31	14.14	21	17	1	41	Naples		1613	9	17	14	8	35	202	5.14	258.35	7.02	282.55	25.2	-16.22	41.42	32.17	240.93	22	24.13	21	17	1	41	Naples		1613	9	17	14	8	36	193	-7.22	278.6	7.02	282.55	25.2	-16.22	41.42	32.17	240.93	107	14.78	21	17	1	41	Naples		1613	9	17	14	8	36	194	-13.36	258.74	7.02	282.55	25.2	-16.22	41.42	32.17	240.93	243	31.22	21	17	1	41	Naples		1613	9	17	14	8	37	203	8.49	211.87	7.02	282.55	25.2	-16.22	41.42	32.17	240.93	526	69.95	21	17	1																									42	Naples		1613	9	18	13	34	32	157	8.94	322.31	6.99	269.67	25.35	-11.67	37.02	37.2	232.71	49	52.14	20	16	59	42	Naples		1613	9	18	13	34	32	162	5.62	315.23	6.99	269.67	25.35	-11.67	37.02	37.2	232.71	53	45.3	20	16	59	42	Naples		1613	9	18	13	34	34	181	2.71	315.34	6.99	269.67	25.35	-11.67	37.02	37.2	232.71	36	45.69	20	16	59	42	Naples		1613	9	18	13	34	34	182	-0.2	307.24	6.99	269.67	25.35	-11.67	37.02	37.2	232.71	26	38.16	20	16	59	42	Naples		1613	9	18	13	34	35	184	4.41	268.75	6.99	269.67	25.35	-11.67	37.02	37.2	232.71	78	2.74	20	16	59	42	Naples		1613	9	18	13	34	35	188	5.8	270.83	6.99	269.67	25.35	-11.67	37.02	37.2	232.71	68	1.66	20	16	59	42	Naples		1613	9	18	13	34	35	190	6.1	259.38	6.99	269.67	25.35	-11.67	37.02	37.2	232.71	54	10.26	20	16	59	42	Naples		1613	9	18	13	34	35	191	9.44	249.57	6.99	269.67	25.35	-11.67	37.02	37.2	232.71	136	20.03	20	16	59	42	Naples		1613	9	18	13	34	35	192	10.82	253.65	6.99	269.67	25.35	-11.67	37.02	37.2	232.71	105	16.27	20	16	59	42	Naples		1613	9	18	13	34	35	196	11.2	245.35	6.99	269.67	25.35	-11.67	37.02	37.2	232.71	147	24.37	20	16	59	42	Naples		1613	9	18	13	34	35	197	4.16	271.09	6.99	269.67	25.35	-11.67	37.02	37.2	232.71	38	3.16	20	16	59	42	Naples		1613	9	18	13	34	36	193	-6.21	276.1	6.99	269.67	25.35	-11.67	37.02	37.2	232.71	59	14.68	20	16	59	42	Naples		1613	9	18	13	34	36	194	-11.09	256.51	6.99	269.67	25.35	-11.67	37.02	37.2	232.71	183	22.33	20	16	59	42	Naples		1613	9	18	13	34	37	203	14.92	212.34	6.99	269.67	25.35	-11.67	37.02	37.2	232.71	215	56.69	20	16	59	42	Naples		1613	9	18	13	34	37	204	13.95	214.25	6.99	269.67	25.35	-11.67	37.02	37.2	232.71	55	54.82	20	16	59	42	Naples		1613	9	18	13	34	37	205	14.09	208.92	6.99	269.67	25.35	-11.67	37.02	37.2	232.71	73	59.99	20	16	59	42	Naples		1613	9	18	13	34	38	206	-8.88	228.82	6.99	269.67	25.35	-11.67	37.02	37.2	232.71	49	43.7	20	16	59	42	Naples		1613	9	18	13	34	38	207	-7.27	226.46	6.99	269.67	25.35	-11.67	37.02	37.2	232.71	80	45.39	20	16	59																									43	Naples		1613	9	20	13	30	32	157	7.54	308.51	6.92	243.31	25.63	-10.56	36.18	37.07	231.3	137	64.63	20	16	56	43	Naples		1613	9	20	13	30	32	162	4.6	301.04	6.92	243.31	25.63	-10.56	36.18	37.07	231.3	87	57.45	20	16	56	43	Naples		1613	9	20	13	30	35	184	4.1	253.09	6.92	243.31	25.63	-10.56	36.18	37.07	231.3	69	10.14	20	16	56	43	Naples		1613	9	20	13	30	35	188	5.24	255.27	6.92	243.31	25.63	-10.56	36.18	37.07	231.3	88	12.01	20	16	56	43	Naples		1613	9	20	13	30	35	190	5.28	247.05	6.92	243.31	25.63	-10.56	36.18	37.07	231.3	44	4.06	20	16	56	43	Naples		1613	9	20	13	30	35	191	6.78	235.49	6.92	243.31	25.63	-10.56	36.18	37.07	231.3	129	7.77	20	16	56	43	Naples		1613	9	20	13	30	35	192	8.76	239.37	6.92	243.31	25.63	-10.56	36.18	37.07	231.3	171	4.32	20	16	56	43	Naples		1613	9	20	13	30	35	196	9.14	232.62	6.92	243.31	25.63	-10.56	36.18	37.07	231.3	140	10.81	20	16	56	43	Naples		1613	9	20	13	30	35	197	3.45	254.93	6.92	243.31	25.63	-10.56	36.18	37.07	231.3	40	12.08	20	16	56	43	Naples		1613	9	20	13	30	35	209	6.92	257.12	6.92	243.31	25.63	-10.56	36.18	37.07	231.3	29	13.71	20	16	56	43	Naples		1613	9	20	13	30	35	210	10.1	234.04	6.92	243.31	25.63	-10.56	36.18	37.07	231.3	13	9.7	20	16	56	43	Naples		1613	9	20	13	30	35	211	9.54	228.55	6.92	243.31	25.63	-10.56	36.18	37.07	231.3	41	14.84	20	16	56	43	Naples		1613	9	20	13	30	35	212	11.68	228.65	6.92	243.31	25.63	-10.56	36.18	37.07	231.3	20	15.23	20	16	56	43	Naples		1613	9	20	13	30	35	213	11.26	226.3	6.92	243.31	25.63	-10.56	36.18	37.07	231.3	17	17.34	20	16	56	43	Naples		1613	9	20	13	30	36	193	-8.3	262.06	6.92	243.31	25.63	-10.56	36.18	37.07	231.3	64	24.11	20	16	56	43	Naples		1613	9	20	13	30	36	194	-12.94	240.87	6.92	243.31	25.63	-10.56	36.18	37.07	231.3	178	20.01	20	16	56	43	Naples		1613	9	20	13	30	36	208	-10.5	242.67	6.92	243.31	25.63	-10.56	36.18	37.07	231.3	27	17.43	20	16	56	43	Naples		1613	9	20	13	30	37	203	14.9	197.41	6.92	243.31	25.63	-10.56	36.18	37.07	231.3	178	45.69	20	16	56	43	Naples		1613	9	20	13	30	37	204	13.82	199.39	6.92	243.31	25.63	-10.56	36.18	37.07	231.3	59	43.69	20	16	56	43	Naples		1613	9	20	13	30	37	205	14.22	194.7	6.92	243.31	25.63	-10.56	36.18	37.07	231.3	40	48.25	20	16	56	43	Naples		1613	9	20	13	30	37	214	12.62	196.31	6.92	243.31	25.63	-10.56	36.18	37.07	231.3	49	46.61	20	16	56	43	Naples		1613	9	20	13	30	37	215	13.78	193.77	6.92	243.31	25.63	-10.56	36.18	37.07	231.3	25	49.13	20	16	56	43	Naples		1613	9	20	13	30	38	206	-9.28	211.99	6.92	243.31	25.63	-10.56	36.18	37.07	231.3	102	35.16	20	16	56	43	Naples		1613	9	20	13	30	39	216	24.07	200.08	6.92	243.31	25.63	-10.56	36.18	37.07	231.3	84	44.8	20	16	56																									44	Naples		1613	9	21	13	29	35	184	4.13	266.72	6.89	230.12	25.76	-10.15	35.91	36.85	230.84	50	36.52	20	16	54	44	Naples		1613	9	21	13	29	35	188	5.23	269.7	6.89	230.12	25.76	-10.15	35.91	36.85	230.84	89	39.38	20	16	54	44	Naples		1613	9	21	13	29	35	191	6.13	247.28	6.89	230.12	25.76	-10.15	35.91	36.85	230.84	97	17.06	20	16	54	44	Naples		1613	9	21	13	29	35	192	7.36	250.92	6.89	230.12	25.76	-10.15	35.91	36.85	230.84	105	20.64	20	16	54	44	Naples		1613	9	21	13	29	35	196	7.21	243.45	6.89	230.12	25.76	-10.15	35.91	36.85	230.84	93	13.24	20	16	54	44	Naples		1613	9	21	13	29	35	197	3.78	268.94	6.89	230.12	25.76	-10.15	35.91	36.85	230.84	40	38.77	20	16	54	44	Naples		1613	9	21	13	29	35	209	4.67	271.83	6.89	230.12	25.76	-10.15	35.91	36.85	230.84	15	41.54	20	16	54	44	Naples		1613	9	21	13	29	36	193	-11.82	254.03	6.89	230.12	25.76	-10.15	35.91	36.85	230.84	171	30.25	20	16	54	44	Naples		1613	9	21	13	29	36	194	-10.64	228.53	6.89	230.12	25.76	-10.15	35.91	36.85	230.84	122	17.6	20	16	54	44	Naples		1613	9	21	13	29	37	203	13.04	214.16	6.89	230.12	25.76	-10.15	35.91	36.85	230.84	153	16.87	20	16	54	44	Naples		1613	9	21	13	29	37	204	11.14	215.97	6.89	230.12	25.76	-10.15	35.91	36.85	230.84	34	14.6	20	16	54	44	Naples		1613	9	21	13	29	37	220	12.35	212.1	6.89	230.12	25.76	-10.15	35.91	36.85	230.84	13	18.58	20	16	54	44	Naples		1613	9	21	13	29	37	221	11.33	213	6.89	230.12	25.76	-10.15	35.91	36.85	230.84	13	17.48	20	16	54	44	Naples		1613	9	21	13	29	37	222	11.42	211.65	6.89	230.12	25.76	-10.15	35.91	36.85	230.84	32	18.78	20	16	54	44	Naples		1613	9	21	13	29	37	223	10.28	212.47	6.89	230.12	25.76	-10.15	35.91	36.85	230.84	26	17.78	20	16	54	44	Naples		1613	9	21	13	29	37	224	11.55	210.5	6.89	230.12	25.76	-10.15	35.91	36.85	230.84	25	19.91	20	16	54	44	Naples		1613	9	21	13	29	37	225	10.77	211.01	6.89	230.12	25.76	-10.15	35.91	36.85	230.84	19	19.27	20	16	54	44	Naples		1613	9	21	13	29	37	226	10.1	211.51	6.89	230.12	25.76	-10.15	35.91	36.85	230.84	4	18.68	20	16	54	44	Naples		1613	9	21	13	29	37	227	9.77	210.98	6.89	230.12	25.76	-10.15	35.91	36.85	230.84	8	19.15	20	16	54	44	Naples		1613	9	21	13	29	37	228	10.27	210.15	6.89	230.12	25.76	-10.15	35.91	36.85	230.84	21	20.02	20	16	54	44	Naples		1613	9	21	13	29	39	216	20.59	216.97	6.89	230.12	25.76	-10.15	35.91	36.85	230.84	52	18.7	20	16	54	44	Naples		1613	9	21	13	29	40	217	-7.28	275.59	6.89	230.12	25.76	-10.15	35.91	36.85	230.84	37	47.51	20	16	54	44	Naples		1613	9	21	13	29	40	218	-9	274.58	6.89	230.12	25.76	-10.15	35.91	36.85	230.84	41	47.07	20	16	54	44	Naples		1613	9	21	13	29	40	219	-7.98	271.23	6.89	230.12	25.76	-10.15	35.91	36.85	230.84	31	43.6	20	16	54	44	Naples		1613	9	21	13	29	41	229	15.11	202.58	6.89	230.12	25.76	-10.15	35.91	36.85	230.84	124	28.22	20	16	54	44	Naples		1613	9	21	13	29	41	230	15.5	200.62	6.89	230.12	25.76	-10.15	35.91	36.85	230.84	26	30.15	20	16	54	44	Naples		1613	9	21	13	29	41	231	17.69	198.78	6.89	230.12	25.76	-10.15	35.91	36.85	230.84	211	32.41	20	16	54																									45	Naples		1613	9	22	14	17	35	191	7.61	248.07	6.84	216.48	25.89	-15.9	41.78	28.93	241.75	136	31.34	20.25	16	53	Time indicated by Colonna is 20 and 1/4 (that is 20:15).45	Naples		1613	9	22	14	17	35	192	8.02	253.76	6.84	216.48	25.89	-15.9	41.78	28.93	241.75	138	36.97	20.25	16	53	45	Naples		1613	9	22	14	17	35	196	8.69	243.68	6.84	216.48	25.89	-15.9	41.78	28.93	241.75	73	27	20.25	16	53	45	Naples		1613	9	22	14	17	35	238	7.97	244.68	6.84	216.48	25.89	-15.9	41.78	28.93	241.75	25	27.98	20.25	16	53	45	Naples		1613	9	22	14	17	35	239	11.12	241.54	6.84	216.48	25.89	-15.9	41.78	28.93	241.75	22	25.11	20.25	16	53	45	Naples		1613	9	22	14	17	35	240	9.84	240.64	6.84	216.48	25.89	-15.9	41.78	28.93	241.75	25	24.08	20.25	16	53	45	Naples		1613	9	22	14	17	35	241	11.67	236.77	6.84	216.48	25.89	-15.9	41.78	28.93	241.75	19	20.59	20.25	16	53	45	Naples		1613	9	22	14	17	36	193	-10.09	253.89	6.84	216.48	25.89	-15.9	41.78	28.93	241.75	193	40.92	20.25	16	53	45	Naples		1613	9	22	14	17	36	194	-8.55	225.77	6.84	216.48	25.89	-15.9	41.78	28.93	241.75	197	17.96	20.25	16	53	45	Naples		1613	9	22	14	17	37	203	12.41	212.3	6.84	216.48	25.89	-15.9	41.78	28.93	241.75	142	6.93	20.25	16	53	45	Naples		1613	9	22	14	17	37	204	9.58	217.27	6.84	216.48	25.89	-15.9	41.78	28.93	241.75	25	2.85	20.25	16	53	45	Naples		1613	9	22	14	17	37	232	11.94	214.04	6.84	216.48	25.89	-15.9	41.78	28.93	241.75	23	5.64	20.25	16	53	45	Naples		1613	9	22	14	17	37	233	11.56	210.13	6.84	216.48	25.89	-15.9	41.78	28.93	241.75	40	7.85	20.25	16	53	45	Naples		1613	9	22	14	17	37	234	9.56	210.68	6.84	216.48	25.89	-15.9	41.78	28.93	241.75	15	6.35	20.25	16	53	45	Naples		1613	9	22	14	17	37	235	9.88	209.2	6.84	216.48	25.89	-15.9	41.78	28.93	241.75	20	7.82	20.25	16	53	45	Naples		1613	9	22	14	17	37	236	9.52	207.99	6.84	216.48	25.89	-15.9	41.78	28.93	241.75	17	8.82	20.25	16	53	45	Naples		1613	9	22	14	17	37	237	7.9	209.31	6.84	216.48	25.89	-15.9	41.78	28.93	241.75	43	7.2	20.25	16	53	45	Naples		1613	9	22	14	17	39	216	21.79	214.07	6.84	216.48	25.89	-15.9	41.78	28.93	241.75	46	15.13	20.25	16	53	45	Naples		1613	9	22	14	17	41	229	13.6	199.27	6.84	216.48	25.89	-15.9	41.78	28.93	241.75	143	18.23	20.25	16	53	45	Naples		1613	9	22	14	17	41	230	11.97	195.82	6.84	216.48	25.89	-15.9	41.78	28.93	241.75	24	21.01	20.25	16	53	45	Naples		1613	9	22	14	17	41	231	15.94	194.55	6.84	216.48	25.89	-15.9	41.78	28.93	241.75	275	23.32	20.25	16	53	45	Naples		1613	9	22	14	17	42	242	-14.2	177.17	6.84	216.48	25.89	-15.9	41.78	28.93	241.75	79	44.31	20.25	16	53																									46	Naples		1613	9	25	13	42	35	191	5.18	247.71	6.71	177.22	26.21	-11.08	37.3	33.45	233.22	153	70.07	21	16	47	46	Naples		1613	9	25	13	42	35	192	3.38	254.57	6.71	177.22	26.21	-11.08	37.3	33.45	233.22	161	77.06	21	16	47	46	Naples		1613	9	25	13	42	35	243	8.64	238.92	6.71	177.22	26.21	-11.08	37.3	33.45	233.22	115	61.11	21	16	47	46	Naples		1613	9	25	13	42	35	244	10.52	229.4	6.71	177.22	26.21	-11.08	37.3	33.45	233.22	139	51.68	21	16	47	46	Naples		1613	9	25	13	42	36	194	-12	221.67	6.71	177.22	26.21	-11.08	37.3	33.45	233.22	142	48	21	16	47	46	Naples		1613	9	25	13	42	37	204	11	220.85	6.71	177.22	26.21	-11.08	37.3	33.45	233.22	111	43.29	21	16	47	46	Naples		1613	9	25	13	42	37	245	12.78	216.1	6.71	177.22	26.21	-11.08	37.3	33.45	233.22	46	38.76	21	16	47	46	Naples		1613	9	25	13	42	37	246	12.64	213.87	6.71	177.22	26.21	-11.08	37.3	33.45	233.22	105	36.57	21	16	47	46	Naples		1613	9	25	13	42	37	247	11.15	215.21	6.71	177.22	26.21	-11.08	37.3	33.45	233.22	54	37.77	21	16	47	46	Naples		1613	9	25	13	42	37	248	11.44	206.51	6.71	177.22	26.21	-11.08	37.3	33.45	233.22	144	29.29	21	16	47	46	Naples		1613	9	25	13	42	41	229	11.6	197.32	6.71	177.22	26.21	-11.08	37.3	33.45	233.22	187	20.43	21	16	47	46	Naples		1613	9	25	13	42	41	231	15.35	190.93	6.71	177.22	26.21	-11.08	37.3	33.45	233.22	221	15.98	21	16	47	46	Naples		1613	9	25	13	42	41	249	17.59	190.4	6.71	177.22	26.21	-11.08	37.3	33.45	233.22	31	16.85	21	16	47	46	Naples		1613	9	25	13	42	41	250	17.45	188.72	6.71	177.22	26.21	-11.08	37.3	33.45	233.22	30	15.54	21	16	47	46	Naples		1613	9	25	13	42	41	251	16.04	188.44	6.71	177.22	26.21	-11.08	37.3	33.45	233.22	31	14.42	21	16	47	46	Naples		1613	9	25	13	42	42	242	-9.69	174.13	6.71	177.22	26.21	-11.08	37.3	33.45	233.22	46	16.68	21	16	47	46	Naples		1613	9	25	13	42	42	252	-11.36	169.18	6.71	177.22	26.21	-11.08	37.3	33.45	233.22	38	19.76	21	16	47	46	Naples		1613	9	25	13	42	42	253	-15.07	165.8	6.71	177.22	26.21	-11.08	37.3	33.45	233.22	52	24.54	21	16	47	46	Naples		1613	9	25	13	42	43	254	-9.89	133.83	6.71	177.22	26.21	-11.08	37.3	33.45	233.22	101	46.3	21	16	47	46	Naples		1613	9	25	13	42	43	255	-9.92	128.01	6.71	177.22	26.21	-11.08	37.3	33.45	233.22	43	51.76	21	16	47	46	Naples		1613	9	25	13	42	44	256	28.55	134.69	6.71	177.22	26.21	-11.08	37.3	33.45	233.22	85	45.68	21	16	47	46	Naples		1613	9	25	13	42	44	257	31.38	129.77	6.71	177.22	26.21	-11.08	37.3	33.45	233.22	46	50.64	21	16	47																									47	Naples		1613	9	26	13	20	35	243	4.35	237.65	6.67	164.23	26.31	-7.65	33.96	36.29	227.58	206	73.07	20	16	46	47	Naples		1613	9	26	13	20	35	244	5.89	229.93	6.67	164.23	26.31	-7.65	33.96	36.29	227.58	166	65.27	20	16	46	47	Naples		1613	9	26	13	20	36	194	-16.89	227.39	6.67	164.23	26.31	-7.65	33.96	36.29	227.58	135	66.72	20	16	46	47	Naples		1613	9	26	13	20	37	203	7.72	214.6	6.67	164.23	26.31	-7.65	33.96	36.29	227.58	154	49.96	20	16	46	47	Naples		1613	9	26	13	20	37	204	6.09	219.51	6.67	164.23	26.31	-7.65	33.96	36.29	227.58	208	54.91	20	16	46	47	Naples		1613	9	26	13	20	37	248	6.71	208.78	6.67	164.23	26.31	-7.65	33.96	36.29	227.58	183	44.23	20	16	46	47	Naples		1613	9	26	13	20	37	258	7.72	206.77	6.67	164.23	26.31	-7.65	33.96	36.29	227.58	39	42.21	20	16	46	47	Naples		1613	9	26	13	20	41	229	8.08	198.72	6.67	164.23	26.31	-7.65	33.96	36.29	227.58	183	34.22	20	16	46	47	Naples		1613	9	26	13	20	41	231	11.35	191.75	6.67	164.23	26.31	-7.65	33.96	36.29	227.58	134	27.57	20	16	46	47	Naples		1613	9	26	13	20	42	242	-14.14	174.15	6.67	164.23	26.31	-7.65	33.96	36.29	227.58	38	23.02	20	16	46	47	Naples		1613	9	26	13	20	42	252	-13.65	169.03	6.67	164.23	26.31	-7.65	33.96	36.29	227.58	48	20.87	20	16	46	47	Naples		1613	9	26	13	20	42	253	-17.2	164.66	6.67	164.23	26.31	-7.65	33.96	36.29	227.58	59	23.87	20	16	46	47	Naples		1613	9	26	13	20	43	254	-9.14	132.5	6.67	164.23	26.31	-7.65	33.96	36.29	227.58	125	35.35	20	16	46	47	Naples		1613	9	26	13	20	43	255	-10.09	125.79	6.67	164.23	26.31	-7.65	33.96	36.29	227.58	72	41.79	20	16	46	47	Naples		1613	9	26	13	20	44	256	28.79	136.47	6.67	164.23	26.31	-7.65	33.96	36.29	227.58	94	34.29	20	16	46	47	Naples		1613	9	26	13	20	44	257	31.24	131.93	6.67	164.23	26.31	-7.65	33.96	36.29	227.58	33	38.91	20	16	46	47	Naples		1613	9	26	13	20	45	259	7.4	164.92	6.67	164.23	26.31	-7.65	33.96	36.29	227.58	59	1	20	16	46	47	Naples		1613	9	26	13	20	46	260	24.11	133.71	6.67	164.23	26.31	-7.65	33.96	36.29	227.58	37	34.06	20	16	46	47	Naples		1613	9	26	13	20	47	261	32.53	97.46	6.67	164.23	26.31	-7.65	33.96	36.29	227.58	173	66.87	20	16	46																									48	Naples		1613	9	27	13	52	37	203	8.37	219.34	6.62	150.74	26.4	-11.99	38.39	31.19	235.14	81	67.95	21	16	44	48	Naples		1613	9	27	13	52	37	204	8.58	226.12	6.62	150.74	26.4	-11.99	38.39	31.19	235.14	146	74.62	21	16	44	48	Naples		1613	9	27	13	52	37	248	8.86	211.76	6.62	150.74	26.4	-11.99	38.39	31.19	235.14	65	60.45	21	16	44	48	Naples		1613	9	27	13	52	41	229	9.76	202.38	6.62	150.74	26.4	-11.99	38.39	31.19	235.14	113	51.16	21	16	44	48	Naples		1613	9	27	13	52	41	231	12.27	194.61	6.62	150.74	26.4	-11.99	38.39	31.19	235.14	112	43.59	21	16	44	48	Naples		1613	9	27	13	52	42	242	-13.47	178.61	6.62	150.74	26.4	-11.99	38.39	31.19	235.14	37	34.2	21	16	44	48	Naples		1613	9	27	13	52	42	252	-15.8	174.35	6.62	150.74	26.4	-11.99	38.39	31.19	235.14	37	32.39	21	16	44	48	Naples		1613	9	27	13	52	42	253	-20.78	173.4	6.62	150.74	26.4	-11.99	38.39	31.19	235.14	40	35.3	21	16	44	48	Naples		1613	9	27	13	52	43	254	-12.96	134.53	6.62	150.74	26.4	-11.99	38.39	31.19	235.14	165	25.35	21	16	44	48	Naples		1613	9	27	13	52	43	268	-11.28	131.66	6.62	150.74	26.4	-11.99	38.39	31.19	235.14	41	26.09	21	16	44	48	Naples		1613	9	27	13	52	43	269	-12.83	126.95	6.62	150.74	26.4	-11.99	38.39	31.19	235.14	22	30.61	21	16	44	48	Naples		1613	9	27	13	52	43	270	-11.43	126.12	6.62	150.74	26.4	-11.99	38.39	31.19	235.14	16	30.42	21	16	44	48	Naples		1613	9	27	13	52	43	271	-13.93	124.71	6.62	150.74	26.4	-11.99	38.39	31.19	235.14	32	33.01	21	16	44	48	Naples		1613	9	27	13	52	43	272	-14.55	127.66	6.62	150.74	26.4	-11.99	38.39	31.19	235.14	23	31.18	21	16	44	48	Naples		1613	9	27	13	52	44	256	25.26	132.28	6.62	150.74	26.4	-11.99	38.39	31.19	235.14	63	25.67	21	16	44	48	Naples		1613	9	27	13	52	45	259	9.09	168.33	6.62	150.74	26.4	-11.99	38.39	31.19	235.14	27	17.6	21	16	44	48	Naples		1613	9	27	13	52	45	262	10.1	166.13	6.62	150.74	26.4	-11.99	38.39	31.19	235.14	36	15.62	21	16	44	48	Naples		1613	9	27	13	52	45	263	9.42	163.22	6.62	150.74	26.4	-11.99	38.39	31.19	235.14	39	12.68	21	16	44	48	Naples		1613	9	27	13	52	46	264	17.13	140	6.62	150.74	26.4	-11.99	38.39	31.19	235.14	21	14.85	21	16	44	48	Naples		1613	9	27	13	52	46	265	17.01	138.19	6.62	150.74	26.4	-11.99	38.39	31.19	235.14	38	16.07	21	16	44	48	Naples		1613	9	27	13	52	46	266	16.58	136.06	6.62	150.74	26.4	-11.99	38.39	31.19	235.14	46	17.47	21	16	44	48	Naples		1613	9	27	13	52	46	267	16.39	133.69	6.62	150.74	26.4	-11.99	38.39	31.19	235.14	83	19.33	21	16	44	48	Naples		1613	9	27	13	52	47	261	25.82	94.67	6.62	150.74	26.4	-11.99	38.39	31.19	235.14	65	56.68	21	16	44																									49	Naples		1613	9	28	13	0	37	203	8.75	212.75	6.57	138.02	26.48	-3.9	30.38	38.21	221.92	109	73.98	20.25	16	42	Time indicated by Colonna is 20 and 1/4 (that is 20:15).49	Naples		1613	9	28	13	0	37	248	8.2	207.87	6.57	138.02	26.48	-3.9	30.38	38.21	221.92	95	69.2	20.25	16	42	49	Naples		1613	9	28	13	0	41	229	9.02	200.24	6.57	138.02	26.48	-3.9	30.38	38.21	221.92	157	61.62	20.25	16	42	49	Naples		1613	9	28	13	0	41	231	11.35	192.56	6.57	138.02	26.48	-3.9	30.38	38.21	221.92	164	54.02	20.25	16	42	49	Naples		1613	9	28	13	0	42	242	-12.97	178.54	6.57	138.02	26.48	-3.9	30.38	38.21	221.92	33	44.74	20.25	16	42	49	Naples		1613	9	28	13	0	42	252	-12.89	173.76	6.57	138.02	26.48	-3.9	30.38	38.21	221.92	27	40.49	20.25	16	42	49	Naples		1613	9	28	13	0	42	253	-15.79	172.45	6.57	138.02	26.48	-3.9	30.38	38.21	221.92	37	40.77	20.25	16	42	49	Naples		1613	9	28	13	0	43	254	-11.35	132.04	6.57	138.02	26.48	-3.9	30.38	38.21	221.92	91	18.88	20.25	16	42	49	Naples		1613	9	28	13	0	43	275	-16.46	133.18	6.57	138.02	26.48	-3.9	30.38	38.21	221.92	48	23.52	20.25	16	42	49	Naples		1613	9	28	13	0	44	256	25.4	132.2	6.57	138.02	26.48	-3.9	30.38	38.21	221.92	69	19.64	20.25	16	42	49	Naples		1613	9	28	13	0	45	259	5.94	164.79	6.57	138.02	26.48	-3.9	30.38	38.21	221.92	50	26.61	20.25	16	42	49	Naples		1613	9	28	13	0	45	263	7.06	159	6.57	138.02	26.48	-3.9	30.38	38.21	221.92	72	20.84	20.25	16	42	49	Naples		1613	9	28	13	0	45	273	7.23	160.49	6.57	138.02	26.48	-3.9	30.38	38.21	221.92	27	22.31	20.25	16	42	49	Naples		1613	9	28	13	0	46	264	17.24	138.23	6.57	138.02	26.48	-3.9	30.38	38.21	221.92	21	10.67	20.25	16	42	49	Naples		1613	9	28	13	0	46	265	16.7	135.96	6.57	138.02	26.48	-3.9	30.38	38.21	221.92	27	10.33	20.25	16	42	49	Naples		1613	9	28	13	0	46	274	18.36	134	6.57	138.02	26.48	-3.9	30.38	38.21	221.92	25	12.42	20.25	16	42	49	Naples		1613	9	28	13	0	47	261	29.1	92.79	6.57	138.02	26.48	-3.9	30.38	38.21	221.92	86	48.17	20.25	16	42	49	Naples		1613	9	28	13	0	49	276	-23.38	103.85	6.57	138.02	26.48	-3.9	30.38	38.21	221.92	45	44.84	20.25	16	42	49	Naples		1613	9	28	13	0	49	277	-25.44	96.65	6.57	138.02	26.48	-3.9	30.38	38.21	221.92	71	51.38	20.25	16	42	49	Naples		1613	9	28	13	0	50	278	-20.3	69.07	6.57	138.02	26.48	-3.9	30.38	38.21	221.92	139	72.85	20.25	16	42																									50	Naples		1613	9	29	11	39	41	231	10.52	193.48	6.51	125.57	26.55	14.14	12.41	45.37	196.49	201	67.17	19	16	41	50	Naples		1613	9	29	11	39	42	242	-13.44	182.46	6.51	125.57	26.55	14.14	12.41	45.37	196.49	106	59.9	19	16	41	50	Naples		1613	9	29	11	39	42	252	-11.82	175.03	6.51	125.57	26.55	14.14	12.41	45.37	196.49	72	52.49	19	16	41	50	Naples		1613	9	29	11	39	43	254	-9.72	130.26	6.51	125.57	26.55	14.14	12.41	45.37	196.49	111	16.89	19	16	41	50	Naples		1613	9	29	11	39	44	256	27.49	130.54	6.51	125.57	26.55	14.14	12.41	45.37	196.49	56	21.51	19	16	41	50	Naples		1613	9	29	11	39	45	259	8.39	164.22	6.51	125.57	26.55	14.14	12.41	45.37	196.49	89	38.36	19	16	41	50	Naples		1613	9	29	11	39	45	263	8.81	157.25	6.51	125.57	26.55	14.14	12.41	45.37	196.49	84	31.48	19	16	41	50	Naples		1613	9	29	11	39	46	264	19.22	138.8	6.51	125.57	26.55	14.14	12.41	45.37	196.49	21	18.09	19	16	41	50	Naples		1613	9	29	11	39	46	274	20.2	133.47	6.51	125.57	26.55	14.14	12.41	45.37	196.49	19	15.69	19	16	41	50	Naples		1613	9	29	11	39	47	261	28.83	88.97	6.51	125.57	26.55	14.14	12.41	45.37	196.49	112	41.11	19	16	41	50	Naples		1613	9	29	11	39	49	276	-21.7	102.71	6.51	125.57	26.55	14.14	12.41	45.37	196.49	81	36.03	19	16	41	50	Naples		1613	9	29	11	39	49	277	-21.63	93.69	6.51	125.57	26.55	14.14	12.41	45.37	196.49	167	42.06	19	16	41	50	Naples		1613	9	29	11	39	50	278	-20.29	61.82	6.51	125.57	26.55	14.14	12.41	45.37	196.49	145	68.1	19	16	41																									51	Naples		1613	9	30	11	13	43	254	-11.89	132.57	6.46	112.61	26.62	21.08	5.54	45.99	187.33	59	27.03	18	16	39	51	Naples		1613	9	30	11	13	44	256	25.25	128.77	6.46	112.61	26.62	21.08	5.54	45.99	187.33	66	24.33	18	16	39	51	Naples		1613	9	30	11	13	45	259	3.83	167.71	6.46	112.61	26.62	21.08	5.54	45.99	187.33	78	54.91	18	16	39	51	Naples		1613	9	30	11	13	45	263	3.99	159.13	6.46	112.61	26.62	21.08	5.54	45.99	187.33	88	46.38	18	16	39	51	Naples		1613	9	30	11	13	45	279	4.35	160.14	6.46	112.61	26.62	21.08	5.54	45.99	187.33	38	47.35	18	16	39	51	Naples		1613	9	30	11	13	47	261	29.21	87.18	6.46	112.61	26.62	21.08	5.54	45.99	187.33	120	33.05	18	16	39	51	Naples		1613	9	30	11	13	49	276	-21.85	105.71	6.46	112.61	26.62	21.08	5.54	45.99	187.33	71	29.11	18	16	39	51	Naples		1613	9	30	11	13	49	277	-22.98	96.65	6.46	112.61	26.62	21.08	5.54	45.99	187.33	58	33.32	18	16	39	51	Naples		1613	9	30	11	13	49	280	-24.1	94.49	6.46	112.61	26.62	21.08	5.54	45.99	187.33	25	35.3	18	16	39	51	Naples		1613	9	30	11	13	50	278	-22.58	62.45	6.46	112.61	26.62	21.08	5.54	45.99	187.33	215	57	18	16	39																									52	Naples		1614	10	3	11	30	53	287	20.09	257.81	6.3	295.32	26.77	16.67	10.1	44.31	193.37	459	459	18	16	37	52	Naples		1614	10	3	11	30	54	288	21.59	240.25	6.3	295.32	26.77	16.67	10.1	44.31	193.37	694	55.28	18	16	37	52	Naples		1614	10	3	11	30	54	289	20.64	227.34	6.3	295.32	26.77	16.67	10.1	44.31	193.37	395	67.21	18	16	37																									53	Naples		1614	10	3	11	36	54	288	17.15	250.35	6.3	295.27	26.77	15.14	11.63	44.03	195.42	496	45.17	NaN	16	37	53	Naples		1614	10	3	11	36	54	289	17.29	237.34	6.3	295.27	26.77	15.14	11.63	44.03	195.42	183	57.55	NaN	16	37																									54	Naples		1614	10	3	11	41	51	281	29.74	360	6.29	295.22	26.77	13.88	12.89	43.76	197.11	619	65.03	NaN	16	37	54	Naples		1614	10	3	11	41	54	288	23.97	256.42	6.29	295.22	26.77	13.88	12.89	43.76	197.11	492	41.2	NaN	16	37	54	Naples		1614	10	3	11	41	54	289	25.41	243.93	6.29	295.22	26.77	13.88	12.89	43.76	197.11	245	52.52	NaN	16	37																									55	Naples		1614	10	3	12	3	51	281	22.78	353.59	6.29	295.02	26.77	8.56	18.21	42.28	204.35	532	58.65	NaN	16	37	55	Naples		1614	10	3	12	3	52	282	17.67	316.9	6.29	295.02	26.77	8.56	18.21	42.28	204.35	1665	24.2	NaN	16	37	55	Naples		1614	10	3	12	3	56	292	-30.93	344.08	6.29	295.02	26.77	8.56	18.21	42.28	204.35	492	59.84	NaN	16	37	55	Naples		1614	10	3	12	3	56	293	-28.94	338.18	6.29	295.02	26.77	8.56	18.21	42.28	204.35	246	54.44	NaN	16	37																									56	Naples		1614	10	3	12	11	51	281	11.37	356.33	6.29	294.95	26.77	6.73	20.05	41.63	206.88	279	60.77	NaN	16	37	56	Naples		1614	10	3	12	11	52	282	12.6	320.7	6.29	294.95	26.77	6.73	20.05	41.63	206.88	527	26.16	NaN	16	37	56	Naples		1614	10	3	12	11	52	283	15.54	308.11	6.29	294.95	26.77	6.73	20.05	41.63	206.88	160	15.88	NaN	16	37	56	Naples		1614	10	3	12	11	56	292	-34.43	348.54	6.29	294.95	26.77	6.73	20.05	41.63	206.88	450	64.88	NaN	16	37	56	Naples		1614	10	3	12	11	56	293	-32.93	339.83	6.29	294.95	26.77	6.73	20.05	41.63	206.88	311	57.89	NaN	16	37																									57	Naples		1614	10	3	12	41	51	281	23.17	359.51	6.29	294.67	26.77	0.39	26.38	38.66	215.88	658	64.43	19.25	16	37	Time indicated by Colonna is 19 and 1/4 (that is 19:15).57	Naples		1614	10	3	12	41	52	282	22.57	321.33	6.29	294.67	26.77	0.39	26.38	38.66	215.88	405	30.42	19.25	16	37	57	Naples		1614	10	3	12	41	52	283	27.13	306.48	6.29	294.67	26.77	0.39	26.38	38.66	215.88	123	23.67	19.25	16	37	57	Naples		1614	10	3	12	41	53	284	11.79	278.54	6.29	294.67	26.77	0.39	26.38	38.66	215.88	191	16.85	19.25	16	37	57	Naples		1614	10	3	12	41	53	285	7.61	275.67	6.29	294.67	26.77	0.39	26.38	38.66	215.88	402	18.9	19.25	16	37	57	Naples		1614	10	3	12	41	53	286	4.94	273.61	6.29	294.67	26.77	0.39	26.38	38.66	215.88	196	21.01	19.25	16	37	57	Naples		1614	10	3	12	41	53	287	15.2	265.68	6.29	294.67	26.77	0.39	26.38	38.66	215.88	358	29.8	19.25	16	37	57	Naples		1614	10	3	12	41	54	288	18.29	250.84	6.29	294.67	26.77	0.39	26.38	38.66	215.88	347	44.34	19.25	16	37	57	Naples		1614	10	3	12	41	54	289	18.75	236.85	6.29	294.67	26.77	0.39	26.38	38.66	215.88	210	57.55	19.25	16	37	57	Naples		1614	10	3	12	41	55	290	-10	281.85	6.29	294.67	26.77	0.39	26.38	38.66	215.88	202	20.7	19.25	16	37	57	Naples		1614	10	3	12	41	55	291	-13.07	279.63	6.29	294.67	26.77	0.39	26.38	38.66	215.88	174	24.46	19.25	16	37	57	Naples		1614	10	3	12	41	56	292	-28.32	351.99	6.29	294.67	26.77	0.39	26.38	38.66	215.88	518	65.13	19.25	16	37	57	Naples		1614	10	3	12	41	56	293	-26.46	344.02	6.29	294.67	26.77	0.39	26.38	38.66	215.88	298	57.94	19.25	16	37	