
Sunspot Observations by Barnaba Oriani (1778 – 1779)

Original source: J.M. Nogales, V.M.S. Carrasco, R. Arlt, F. Domínguez-Castro, J.M. Vaquero, : 2020, Solar Physics.

FIRST COLUMN - year of the observation
SECOND COLUMN - month of the observation
THIRD COLUMN - day of the observation
FOURTH COLUMN - code of each sunspots
FIFTH COLUMN - heliographic latitude of each sunspot
SIXTH COLUMN - Carrington longitude of each sunspot
SEVENTH COLUMN - heliographic longitude of each sunspot with respect to central meridian


YEAR	MONTH	DAY	SUNSPOT	LAT	CAR-LON	LON
1778	5	2	1	16.22	148.23	24.20
1778	5	2	3	10.54	146.62	22.59
1778	5	2	4	12.74	67.23	-56.80
1778	5	2	5	-25.05	65.08	-58.95
1778	5	3	1	15.87	146.78	36.11
1778	5	3	2	9.94	145.73	35.06
1778	5	3	3	13.29	67.80	-42.87
1778	5	3	4	-24.04	69.37	-41.31
1778	5	3	5	30.89	37.31	-73.36
1778	5	4	1	16.26	146.04	48.50
1778	5	4	2	10.37	145.38	47.83
1778	5	4	3	13.68	66.79	-30.75
1778	5	4	4	-24.17	68.15	-29.39
1778	5	4	5	31.83	36.20	-61.34
1778	5	5	1	-	-	-
1778	5	5	2	-	-	-
1778	5	5	3	-	-	-
1778	5	5	4	-	-	-
1778	5	5	5	-	-	-
1778	5	6	1	-	-	-
1778	5	6	2	13.39	66.10	-4.99
1778	5	6	3	-24.52	66.88	-4.22
1778	5	6	5	31.67	32.54	-38.56
1778	5	7	3	12.47	63.82	6.10
1778	5	7	4	-24.22	67.09	9.37
1778	5	7	5	32.15	33.86	-23.87
1778	5	8	3	-	-	-
1778	5	8	3.2	-	-	-
1778	5	8	4	-	-	-
1778	5	8	5	-	-	-
1778	5	10	1	-15.06	346.19	-31.82
1778	5	10	2	11.72	316.17	-61.84
1778	5	10	3	13.31	63.51	45.50
1778	5	10	3.2	11.89	68.41	50.40
1778	5	10	4	-	-	-
1778	5	10	5	33.83	34.33	16.32
1778	5	10	6	-18.26	335.71	-42.29
1778	5	11	1	-	-	-
1778	5	11	2	13.00	315.38	-49.63
1778	5	11	3	13.83	65.04	60.03
1778	5	11	3.2	12.39	70.01	65.00
1778	5	11	4	-36.88	325.88	-39.13
1778	5	11	5	34.25	33.72	28.71
1778	5	11	5.2	32.71	32.59	27.58
1778	5	11	6	-	-	-
1778	5	11	7	19.48	293.44	-71.57
1778	5	12	1	-16.74	340.51	-11.18
1778	5	12	2	12.22	314.74	-36.95
1778	5	12	3	13.66	64.38	72.69
1778	5	12	3.2	12.46	70.94	79.24
1778	5	12	4	-36.24	323.36	-28.33
1778	5	12	5	32.37	30.19	38.49
1778	5	12	5.2	32.75	32.37	40.67
1778	5	12	6	-16.91	334.63	-17.06
1778	5	12	7	18.44	294.82	-56.88
1778	5	12	8	23.41	279.88	-71.81
1778	5	13	1	-16.68	340.82	2.36
1778	5	13	2	12.35	314.98	-23.49
1778	5	13	4	-36.56	323.16	-15.31
1778	5	13	9	-12.01	304.84	-33.63
1778	5	13	5	32.69	28.16	49.69
1778	5	13	5.2	33.25	31.89	53.43
1778	5	13	6	-16.67	334.60	-3.87
1778	5	13	7	18.65	295.63	-42.84
1778	5	13	8	22.84	283.25	-55.22
1778	5	13	10	-18.00	260.13	-78.34
1778	5	14	9	-	-	-
1778	5	14	5	-	-	-
1778	5	14	5.2	-	-	-
1778	5	14	10	-	-	-
1778	5	15	1	-16.67	342.63	30.61
1778	5	15	2	12.29	315.70	3.69
1778	5	15	9	-10.63	306.46	-5.55
1778	5	15	5.2	33.02	32.78	80.77
1778	5	15	5	31.66	22.10	70.09
1778	5	15	7	19.16	296.61	-15.41
1778	5	15	8	22.73	283.59	-28.43
1778	5	15	10	-16.41	262.47	-49.54
1778	5	15	11	-15.49	292.80	-19.21
1778	5	15	12	-19.27	255.18	-56.84
1778	5	16	1	-17.19	342.16	43.28
1778	5	16	2	12.40	314.80	15.92
1778	5	16	3	-17.04	283.12	-15.76
1778	5	16	4	-23.45	267.90	-30.97
1778	5	16	4.2	-32.94	262.98	-35.89
1778	5	16	9	-11.33	305.07	6.19
1778	5	16	7	18.96	296.06	-2.81
1778	5	16	8	23.39	281.71	-17.17
1778	5	16	10	-16.08	260.72	-38.16
1778	5	16	11	-15.99	292.60	-6.27
1778	5	16	12	-19.39	252.77	-46.10
1778	5	17	1	-17.49	341.45	55.80
1778	5	17	2	12.40	314.10	28.45
1778	5	17	3	-17.26	282.84	-2.81
1778	5	17	4	-29.92	267.77	-17.87
1778	5	17	4.2	-33.68	260.37	-25.27
1778	5	17	9	-11.23	304.44	18.79
1778	5	17	11	-15.98	292.11	6.46
1778	5	17	7	18.85	295.26	9.61
1778	5	17	8	22.99	279.94	-5.71
1778	5	17	10	-16.96	259.43	-26.22
1778	5	17	12	-19.06	251.60	-34.04
1778	5	18	2	-	-	-
1778	5	18	11	-	-	-
1778	5	18	3	-	-	-
1778	5	18	4	-	-	-
1778	5	18	9	-	-	-
1778	5	18	7	-	-	-
1778	5	18	8	-	-	-
1778	5	18	10	-	-	-
1778	5	18	10	-	-	-
1778	5	18	12	-	-	-
1778	5	19	2	12.80	315.24	56.05
1778	5	19	12	-19.29	251.95	-7.23
1778	5	19	3	-15.05	284.34	25.15
1778	5	19	4	-29.54	268.48	9.29
1778	5	19	9	-10.01	306.65	47.46
1778	5	19	7	19.56	295.06	35.87
1778	5	19	8	28.04	267.78	8.60
1778	5	19	10.2	-16.69	259.33	0.14
1778	5	19	10	-15.12	263.71	4.52
1778	5	19	11	-14.60	293.85	34.66
1778	5	20	2	11.76	312.78	66.77
1778	5	20	3	-16.60	282.74	36.74
1778	5	20	4	-29.79	265.96	19.95
1778	5	20	9	-11.35	307.25	61.25
1778	5	20	9.2	-15.64	291.87	45.87
1778	5	20	5	13.27	199.61	-46.40
1778	5	20	7	19.03	293.10	47.10
1778	5	20	10.2	-17.05	259.19	13.19
1778	5	20	10	-15.62	263.21	17.21
1778	5	20	12	-20.25	251.00	4.99
1778	5	21	9	-11.32	308.85	75.99
1778	5	21	5	-	-	-
1778	5	21	7	19.76	295.17	62.31
1778	5	21	12	-18.97	251.66	18.79
1778	5	21	8.2	29.63	252.85	19.98
1778	5	21	8	28.71	258.57	25.70
1778	5	21	10.2	-16.46	258.96	26.09
1778	5	21	10	-15.33	262.36	29.49
1778	5	21	11.2	-14.81	290.84	57.97
1778	5	21	11	-15.15	293.27	60.41
1778	5	22	2	17.27	147.73	-71.80
1778	5	22	9.2	-13.22	288.12	68.58
1778	5	22	9	-16.95	301.02	81.48
1778	5	22	3	-13.25	280.02	60.48
1778	5	22	3.2	-14.09	283.05	63.52
1778	5	22	5	14.23	198.32	-21.21
1778	5	22	7	20.01	296.00	76.46
1778	5	22	8.2	29.30	250.97	31.43
1778	5	22	8.3	28.20	253.10	33.56
1778	5	22	8	27.55	257.14	37.60
1778	5	22	10.3	-14.00	258.78	39.24
1778	5	22	10	-14.54	263.26	43.73
1778	5	22	10.2	-16.57	257.49	37.95
1778	5	22	12	-19.26	251.38	31.84
1778	5	23	1	21.42	137.08	-69.28
1778	5	23	2	17.10	149.09	-57.26
1778	5	23	8.2	29.68	250.08	43.73
1778	5	23	8.3	29.22	252.98	46.62
1778	5	23	10.3	-13.34	258.30	51.95
1778	5	23	10	-14.31	264.09	57.73
1778	5	23	10.2	-17.03	257.83	51.48
1778	5	24	1.2	21.67	131.47	-61.64
1778	5	24	1	20.97	138.63	-54.48
1778	5	24	2	16.89	148.13	-44.98
1778	5	24	8.2	30.02	250.28	57.17
1778	5	24	10.3	-15.07	259.55	66.44
1778	5	24	10.2	-17.74	254.00	60.89
1778	5	27	1.4	22.21	134.65	-18.68
1778	5	27	1.2	22.96	142.03	-11.30
1778	5	27	1.3	19.36	142.46	-10.86
1778	5	27	1	16.72	147.62	-5.71
1778	5	27	4.0	12.90	80.66	-72.66
1778	5	27	5	14.59	181.30	27.97
1778	5	29	1.4	21.33	133.63	6.87
1778	5	29	1.2	21.91	143.92	17.16
1778	5	29	1.3	19.13	142.22	15.46
1778	5	29	1	17.57	147.89	21.12
1778	5	29	2.2	14.91	59.26	-67.50
1778	5	29	2	13.88	61.32	-65.44
1778	5	29	2.3	40.93	188.10	61.34
1778	5	29	3.3	15.22	180.12	53.35
1778	5	29	3.2	14.24	185.50	58.73
1778	5	29	3	14.32	187.30	60.53
1778	5	29	4.0	12.90	80.03	-46.73
1778	5	29	4	-12.33	46.10	-80.66
1778	5	29	4.2	-15.90	45.42	-81.35
1778	5	30	1.4	16.90	132.41	18.83
1778	5	30	1.2	19.19	144.40	30.82
1778	5	30	1.3	16.41	142.68	29.11
1778	5	30	1	18.40	152.02	38.44
1778	5	30	2.2	14.82	60.46	-53.11
1778	5	30	2	13.09	63.96	-49.62
1778	5	30	2.3	10.71	62.14	-51.44
1778	5	30	3.3	14.34	179.23	65.65
1778	5	30	3.2	13.73	185.10	71.52
1778	5	30	4.0	12.85	80.60	-32.98
1778	5	30	4	-13.13	46.33	-67.25
1778	5	30	4.2	-14.99	47.96	-65.62
1778	5	30	4.3	-15.84	38.54	-75.03
1778	5	31	1.2	21.49	144.12	43.73
1778	5	31	1.3	18.14	138.54	38.15
1778	5	31	1	16.93	146.56	46.17
1778	5	31	1.4	-	-	-
1778	5	31	2.2	15.08	63.00	-37.38
1778	5	31	2	13.19	64.25	-36.13
1778	5	31	2.3	11.16	63.62	-36.76
1778	5	31	3.3	14.32	178.97	78.59
1778	5	31	3.2	13.54	184.93	84.54
1778	5	31	4.0	12.40	81.81	-18.58
1778	5	31	4	-13.06	45.29	-55.10
1778	5	31	4.3	-15.75	40.58	-59.81
1778	5	31	4.2	-14.99	50.71	-49.68
1778	5	31	5	-13.76	28.07	-72.31
1778	5	31	6	29.15	29.52	-70.87
1778	6	1	1.2	22.50	146.20	59.14
1778	6	1	1.3	18.89	139.77	52.71
1778	6	1	2.2	14.79	63.74	-23.32
1778	6	1	2	12.69	66.49	-20.57
1778	6	1	2.3	11.04	64.93	-22.13
1778	6	1	4.0	13.31	82.71	-4.35
1778	6	1	4.5	-8.31	53.19	-33.86
1778	6	1	4.4	-8.94	53.76	-33.30
1778	6	1	4	-11.87	49.71	-37.35
1778	6	1	4.2	-12.63	49.62	-37.43
1778	6	1	4.3	-14.93	40.97	-46.09
1778	6	1	5	-13.01	28.18	-58.87
1778	6	1	6.2	30.81	28.04	-59.02
1778	6	1	6	29.19	32.49	-54.57
1778	6	2	1.2	22.04	142.92	68.96
1778	6	2	1.5	20.46	141.25	67.29
1778	6	2	1.3	17.79	137.58	63.62
1778	6	2	2.2	14.90	60.03	-13.93
1778	6	2	2.3	14.27	60.16	-13.80
1778	6	2	2	12.06	62.96	-10.99
1778	6	2	4.0	12.62	79.68	5.72
1778	6	2	4.5	-10.24	48.71	-25.25
1778	6	2	4	-12.66	45.02	-28.94
1778	6	2	4.3	-15.83	36.98	-36.98
1778	6	2	4.2	-15.33	45.47	-28.49
1778	6	2	4.4	-15.75	51.02	-22.94
1778	6	2	5	-13.59	23.68	-50.28
1778	6	2	6.2	30.30	15.76	-58.20
1778	6	2	6	29.46	28.85	-45.11
1778	6	3	1.2	20.91	144.89	84.31
1778	6	3	2.2	15.10	60.74	0.15
1778	6	3	2	12.47	63.09	2.51
1778	6	3	2.3	11.20	61.91	1.33
1778	6	3	4.0	13.06	80.23	19.65
1778	6	3	4.5	-10.65	50.75	-9.84
1778	6	3	4	-12.50	46.66	-13.93
1778	6	3	4.3	-16.60	36.75	-23.83
1778	6	3	4.2	-14.86	48.25	-12.34
1778	6	3	4.4	-15.81	53.17	-7.41
1778	6	3	5	-13.95	24.24	-36.35
1778	6	3	6.2	-	-	-
1778	6	3	6	29.74	29.59	-30.99
1778	6	4	2	-	-	-
1778	6	4	2.3	-	-	-
1778	6	4	2.2	-	-	-
1778	6	4	4.0	-	-	-
1778	6	4	4	-	-	-
1778	6	4	4.3	-	-	-
1778	6	4	4.2	-	-	-
1778	6	4	4.5	-	-	-
1778	6	4	4.4	-	-	-
1778	6	4	5	-	-	-
1778	6	4	6.1	-	-	-
1778	6	4	6	-	-	-
1778	6	6	2	12.14	62.10	41.41
1778	6	6	2.3	9.98	60.68	39.99
1778	6	6	4.2	61.44	42.07	21.38
1778	6	6	4.3	-17.37	35.97	15.28
1778	6	6	4.4	-15.57	53.42	32.73
1778	6	6	4	-	-	-
1778	6	6	4.5	-	-	-
1778	6	6	5	-13.40	22.96	2.27
1778	6	6	6.2	30.82	12.95	-7.74
1778	6	6	6	29.76	26.84	6.15
1778	6	6	7	20.01	320.29	-60.40
1778	6	6	7.2	16.69	321.96	-58.73
1778	6	9	1	-13.50	290.99	-50.03
1778	6	9	1.2	-	-	-
1778	6	9	4	-12.59	47.48	66.46
1778	6	9	4.2	-14.28	52.50	71.48
1778	6	9	4.3	-17.45	36.02	55.00
1778	6	9	5	-13.37	21.38	40.36
1778	6	9	6.3	30.72	5.20	24.18
1778	6	9	6	29.02	23.91	42.89
1778	6	9	6.2	10.35	15.70	34.68
1778	6	9	7.2	25.89	282.59	-58.43
1778	6	9	7.3	18.66	292.68	-48.34
1778	6	9	7	19.05	320.24	-20.78
1778	6	11	1	-	-	-
1778	6	11	1.2	-	-	-
1778	6	11	2	-	-	-
1778	6	11	6.2	-	-	-
1778	6	11	6.3	-	-	-
1778	6	11	7.2	-	-	-
1778	6	11	7.4	-	-	-
1778	6	11	7.3	-	-	-
1778	6	11	7	-	-	-
1778	6	13	1	-13.38	290.63	2.43
1778	6	13	1.2	-24.20	267.34	-20.86
1778	6	13	7.2.1	25.49	282.41	-5.79
1778	6	13	7.4	22.66	280.02	-8.19
1778	6	13	7.2.2	19.87	282.95	-5.25
1778	6	13	7.3	19.62	299.68	11.48
1778	6	13	7.02	19.13	320.05	31.85
1778	6	13	7.01	8.77	324.84	36.63
1778	6	14	1	-12.73	291.30	16.33
1778	6	14	1.2	-24.49	267.50	-7.46
1778	6	14	2.2	36.09	241.71	-33.26
1778	6	14	2.3	9.46	195.77	-79.19
1778	6	14	7.2.1	26.25	283.65	8.68
1778	6	14	7.4	-	-	-
1778	6	14	7.2.2	20.71	283.35	8.39
1778	6	14	7.3	19.85	299.87	24.91
1778	6	14	7.04	18.95	308.58	33.62
1778	6	14	7.03	19.13	313.56	38.59
1778	6	14	7.02	19.39	318.67	43.71
1778	6	14	7.01	9.12	326.00	51.04
1778	6	15	1	-12.99	290.70	28.98
1778	6	15	1.2	-24.38	267.41	5.68
1778	6	15	2.3	-	-	-
1778	6	15	2.2	35.11	242.65	-19.07
1778	6	15	2	31.55	250.40	-11.32
1778	6	15	2.5	-	-	-
1778	6	15	2.4	8.79	184.37	-77.35
1778	6	15	7.2.1	27.39	283.16	21.44
1778	6	15	7.4	22.97	279.95	18.23
1778	6	15	7.2.2	20.43	282.45	20.72
1778	6	15	7.3	20.22	299.44	37.71
1778	6	15	7.0.3	19.58	313.49	51.77
1778	6	15	7.0.4	18.76	307.69	45.96
1778	6	15	7.0.2	19.64	318.55	56.83
1778	6	15	7.01	9.93	326.26	64.54
1778	6	17	1	-12.68	291.25	56.14
1778	6	17	1.2	-23.69	267.73	32.62
1778	6	17	2.2	-	-	-
1778	6	17	2.5	15.77	184.23	-50.88
1778	6	17	2	23.08	254.89	19.78
1778	6	17	2.6	10.58	191.85	-43.26
1778	6	17	2.3	10.47	192.48	-42.63
1778	6	17	2.4	10.27	194.28	-40.83
1778	6	17	2.3.1	-	-	-
1778	6	17	7.2.2	25.93	281.79	46.68
1778	6	17	7.2.1	20.84	281.92	46.81
1778	6	17	7.3	20.35	298.87	63.76
1778	6	17	7.4	18.04	278.39	43.28
1778	6	18	1	-13.91	292.96	70.95
1778	6	18	1.2	-24.83	267.41	45.40
1778	6	18	2.2.1	36.44	239.08	17.07
1778	6	18	2.2	36.62	240.52	18.51
1778	6	18	2.7	21.09	143.65	-78.36
1778	6	18	2.5	14.53	184.23	-37.77
1778	6	18	2	21.70	250.28	28.27
1778	6	18	2.3	13.96	207.12	-14.89
1778	6	18	2.6	9.55	192.07	-29.94
1778	6	18	2.4	9.04	195.11	-26.90
1778	6	18	2.3.1	10.93	210.12	-11.89
1778	6	18	7.2.2	25.00	279.35	57.34
1778	6	18	7.4	23.67	278.28	56.27
1778	6	18	7.3	20.12	295.86	73.85
1778	6	18	7.2.1	19.33	279.61	57.61
1778	6	19	1.2	-22.97	265.81	57.29
1778	6	19	2.7	19.95	144.37	-64.15
1778	6	19	2.5	14.22	181.56	-26.96
1778	6	19	2.0.1	22.20	249.50	40.98
1778	6	19	2	18.26	255.03	46.51
1778	6	19	2.6	10.31	192.18	-16.34
1778	6	19	2.3.2	11.60	201.36	-7.16
1778	6	19	2.2.1	15.43	234.73	26.21
1778	6	19	2.2	15.58	236.19	27.67
1778	6	19	2.4	9.76	195.36	-13.16
1778	6	19	2.3	11.30	210.55	2.02
1778	6	19	3.2	-21.88	131.19	-77.33
1778	6	19	3	-21.80	138.00	-70.52
1778	6	19	7.2.2	25.13	279.26	70.74
1778	6	20	1.2	-24.32	269.14	73.89
1778	6	20	2.2.2	37.54	247.57	51.76
1778	6	20	2.2.1	33.18	245.49	49.69
1778	6	20	2.2	33.39	249.66	53.86
1778	6	20	2.7	20.43	143.08	-52.73
1778	6	20	2.0.1	22.23	247.88	52.07
1778	6	20	2.5	13.99	184.11	-11.69
1778	6	20	2	18.39	253.55	57.74
1778	6	20	2.3.2	10.88	202.79	6.98
1778	6	20	2.6	9.45	193.87	-1.94
1778	6	20	2.3	11.19	211.71	15.90
1778	6	20	2.4	8.73	196.50	0.69
1778	6	20	3.2	-23.84	127.85	-67.96
1778	6	20	3	-23.90	134.75	-61.06
1778	6	20	4.2	31.34	119.71	-76.10
1778	6	20	4	27.17	130.10	-65.70
1778	6	21	2.2.2	37.00	236.07	53.64
1778	6	21	2.2.1	33.04	241.99	59.56
1778	6	21	2.2	33.19	248.70	66.27
1778	6	21	2.7	20.99	142.54	-39.89
1778	6	21	2.0.1	22.39	248.42	65.99
1778	6	21	2.5	13.89	184.41	1.98
1778	6	21	2.3.3	12.38	199.31	16.88
1778	6	21	2.3.2	11.41	200.70	18.28
1778	6	21	2.6	9.55	192.55	10.12
1778	6	21	2.4	9.20	193.87	11.44
1778	6	21	2.3	-	-	-
1778	6	21	3.2	-22.16	131.06	-51.37
1778	6	21	3	-22.28	135.47	-46.95
1778	6	21	4.2	31.39	116.43	-66.00
1778	6	21	4.2.1	28.58	118.69	-63.74
1778	6	21	4	26.93	127.34	-55.08
1778	6	22	2.7	-	-	-
1778	6	22	2.5	13.91	182.92	13.78
1778	6	22	2.3.3	11.80	198.15	29.01
1778	6	22	2.3.2	10.85	200.12	30.98
1778	6	22	2.6	9.76	190.73	21.59
1778	6	22	2.4	9.39	193.50	24.35
1778	6	22	3.2	-22.80	129.71	-39.43
1778	6	22	3	-23.08	134.78	-34.36
1778	6	22	4.2	31.96	118.74	-50.40
1778	6	22	4.2.1	28.56	118.73	-50.42
1778	6	22	4	26.92	126.79	-42.35
1778	6	23	2.7	20.36	144.16	-11.82
1778	6	23	2.5	14.03	183.43	27.45
1778	6	23	2.3.2	11.19	201.05	45.06
1778	6	23	2.6	9.65	192.53	36.54
1778	6	23	2.4	7.64	193.72	37.74
1778	6	23	3.2	-22.45	129.90	-26.08
1778	6	23	3	-22.52	134.54	-21.45
1778	6	23	3.0.1	-23.43	134.78	-21.21
1778	6	23	4.2	-	-	-
1778	6	23	4	27.03	125.25	-30.74
1778	6	24	2.7	-	-	-
1778	6	24	2.5	14.51	184.39	41.54
1778	6	24	2.6	9.83	192.92	50.07
1778	6	24	3.0.2	-22.20	128.14	-14.71
1778	6	24	3	-22.81	133.21	-9.64
1778	6	24	3.0.1	-23.71	133.69	-9.16
1778	6	24	4.2	32.03	114.41	-28.44
1778	6	24	4	27.14	122.33	-20.52
1778	6	24	4.2.1	24.46	118.25	-24.60
1778	6	24	4.0.1	22.30	127.51	-15.34
1778	6	25	2.5	14.31	184.26	54.92
1778	6	25	2.6	9.75	192.92	63.58
1778	6	25	3.2	-19.67	207.58	78.24
1778	6	25	3	-23.45	132.41	3.07
1778	6	25	3.0.1	-24.41	133.25	3.91
1778	6	25	4.2	31.27	112.83	-16.50
1778	6	25	4	27.00	122.58	-6.76
1778	6	26	2.5	14.30	181.82	65.44
1778	6	26	2.6	9.62	190.00	73.63
1778	6	26	3.0.2	-22.49	126.65	10.27
1778	6	26	3	-23.85	131.70	15.33
1778	6	26	3.0.1	-24.35	132.56	16.19
1778	6	26	4.2	31.72	110.30	-6.07
1778	6	26	4	26.80	121.69	5.32
1778	6	27	1	-12.08	61.07	-41.88
1778	6	27	1.2	-16.09	59.12	-43.83
1778	6	27	3.3	-22.12	107.09	4.14
1778	6	27	3.2	-22.73	127.88	24.93
1778	6	27	3	-23.77	132.56	29.61
1778	6	27	3.0.1	-24.34	134.12	31.17
1778	6	27	3.0.2	-27.11	132.14	29.20
1778	6	27	4.2	32.05	117.53	14.58
1778	6	27	4	26.85	120.36	17.41
1778	6	27	4.0.1	23.89	125.45	22.50
1778	6	30	1	-	-	-
1778	6	30	1.2	-	-	-
1778	6	30	2.2	-	-	-
1778	6	30	2	-	-	-
1778	6	30	2.0.1	-	-	-
1778	6	30	2.3	-	-	-
1778	6	30	3.2.1	-	-	-
1778	6	30	3.0.1	-	-	-
1778	6	30	3.2	-	-	-
1778	6	30	4.2.2	-	-	-
1778	6	30	4.2	-	-	-
1778	6	30	4.0.1	-	-	-
1778	6	30	4	-	-	-
1778	6	30	4.2.1	-	-	-
1778	7	1	1	-7.21	48.78	-1.12
1778	7	1	1.2	-18.23	46.83	-3.08
1778	7	1	2.2	29.37	12.47	-37.44
1778	7	1	2.3.1	23.87	339.88	-70.03
1778	7	1	2	-	-	-
1778	7	1	2.0.2	-	-	-
1778	7	1	2.3	21.98	348.55	-61.36
1778	7	1	3.2	-22.86	123.79	73.88
1778	7	1	4.2.2	29.35	107.12	57.22
1778	7	1	4.2	28.95	120.13	70.22
1778	7	1	4	21.93	129.53	79.62
1778	7	1	4.2.1	-	-	-
1778	7	1	5	8.26	336.59	-73.32
1778	7	2	1	-13.12	50.37	13.57
1778	7	2	2.2	29.97	7.62	-29.19
1778	7	2	2	27.14	23.11	-13.70
1778	7	2	2.3.1	24.05	335.93	-60.87
1778	7	2	2.0.1	25.37	22.15	-14.66
1778	7	2	2.3	21.93	346.00	-50.81
1778	7	2	5	8.08	334.04	-62.77
1778	7	3	1	-13.83	47.56	24.00
1778	7	3	2.2	29.95	9.52	-14.05
1778	7	3	2.0.3	26.87	52.60	29.03
1778	7	3	2.0.2	26.69	47.57	24.00
1778	7	3	2.3.1	23.77	333.77	-49.80
1778	7	3	2	25.48	23.40	-0.17
1778	7	3	2.0.4	25.60	28.92	5.35
1778	7	3	2.0.1	24.37	23.24	-0.32
1778	7	3	2.3	22.65	1.80	-21.77
1778	7	3	5	8.07	334.30	-49.27
1778	7	4	1	-13.38	46.57	36.28
1778	7	4	2.2	28.45	6.58	-3.71
1778	7	4	2	27.96	21.02	10.74
1778	7	4	2.0.3	27.35	49.01	38.72
1778	7	4	2.0.2	26.96	45.36	35.08
1778	7	4	2.0.4	25.98	27.04	16.75
1778	7	4	2.3.1	24.25	332.87	-37.42
1778	7	4	2.3	22.09	345.82	-24.46
1778	7	4	5	8.41	333.15	-37.13
1778	7	5	1	-	-	-
1778	7	5	2	27.86	21.35	24.26
1778	7	5	2.3.1	24.18	333.68	-23.42
1778	7	5	2.3	22.27	347.80	-9.30
1778	7	5	2.0.3	10.90	44.93	47.84
1778	7	5	5	7.91	335.06	-22.04
1778	7	5	6	-16.78	290.78	-66.32
1778	7	6	1	-10.34	43.91	60.10
1778	7	6	2	28.48	21.10	37.29
1778	7	6	2.0.4	26.84	28.32	44.51
1778	7	6	2.2	26.40	8.42	24.60
1778	7	6	2.3.1	24.23	333.51	-10.31
1778	7	6	2.3	22.67	347.18	3.36
1778	7	6	2.0.2	12.87	25.52	41.71
1778	7	6	2.0.3	-	-	-
1778	7	6	5	7.71	334.77	-9.04
1778	7	6	5.0.1	7.63	332.99	-10.82
1778	7	6	6	-18.22	280.93	-62.89
1778	7	7	1	-12.64	44.83	74.21
1778	7	7	2	28.10	21.15	50.53
1778	7	7	2.2	27.59	11.40	40.78
1778	7	7	2.0.4	25.91	24.26	53.64
1778	7	7	2.3.1	24.12	332.47	1.85
1778	7	7	2.3	22.05	347.18	16.56
1778	7	7	2.0.3	11.74	26.43	55.80
1778	7	7	2.0.2	11.74	22.10	51.48
1778	7	7	5.0.1	24.12	332.47	1.85
1778	7	7	5	8.26	334.56	3.94
1778	7	7	5.0.2	0.84	331.97	1.35
1778	7	7	6.2	25.95	40.01	69.38
1778	7	7	6.3	-18.32	253.76	-76.86
1778	7	7	6	-16.73	283.24	-47.39
1778	7	8	2	28.28	19.97	62.63
1778	7	8	2.0.4	26.18	25.74	68.40
1778	7	8	2.3.1	24.62	331.77	14.43
1778	7	8	2.3	22.03	346.59	29.25
1778	7	8	2.0.2	10.38	24.86	67.52
1778	7	8	5.0.2	12.04	329.92	12.58
1778	7	8	5	9.79	334.78	17.43
1778	7	8	5.0.1	8.53	332.32	14.98
1778	7	8	6.2	27.40	269.99	-47.35
1778	7	8	6.3	-17.90	250.87	-66.47
1778	7	8	6	-16.51	280.66	-36.68
1778	7	11	2.3.1	24.95	330.96	53.14
1778	7	11	2.3	22.57	345.18	67.36
1778	7	11	5.0.2	11.37	334.00	56.18
1778	7	11	5	8.98	338.02	60.19
1778	7	11	5.0.3	8.85	330.68	52.86
1778	7	11	5.0.1	8.59	333.84	56.01
1778	7	11	5.0.4	-13.41	326.58	48.76
1778	7	11	6	58.29	289.08	11.26
1778	7	11	6.2.2	30.65	231.80	-46.02
1778	7	11	6.2	27.49	267.80	-10.02
1778	7	11	6.2.1	22.54	242.86	-34.96
1778	7	11	6.3	-17.61	251.83	-25.99
1778	7	11	6.3.1	-29.27	207.05	-70.77
1778	7	13	2.3.1.1	23.43	331.59	80.37
1778	7	13	2.3.1	20.13	314.20	62.98
1778	7	13	5.0.4	-12.60	324.74	73.52
1778	7	13	5.0.4.1	-14.91	320.49	69.28
1778	7	13	6.2	27.39	267.20	15.99
1778	7	13	6.2.2	23.57	233.39	-17.83
1778	7	13	6.2.1	22.01	242.96	-8.25
1778	7	13	6.3.2	13.36	185.61	-65.61
1778	7	13	6	-17.55	280.98	29.76
1778	7	13	6.3	-17.05	251.53	0.32
1778	7	13	6.3.1	-28.36	208.58	-42.63
1778	7	14	2.3.1	20.90	313.53	75.54
1778	7	14	6.2	27.99	266.63	28.65
1778	7	14	6.2.2	23.83	233.00	-4.98
1778	7	14	6.2.1	22.12	242.02	4.03
1778	7	14	6.3.2	13.17	184.93	-53.05
1778	7	14	6.4	-13.28	163.27	-74.71
1778	7	14	6.3	-16.56	251.14	13.16
1778	7	14	6	-20.01	280.04	42.06
1778	7	14	6.3.1	-28.32	207.86	-30.13
1778	7	14	6.3.3	-31.67	204.48	-33.50
1778	7	16	6.2	27.99	265.76	54.24
1778	7	16	6.2.2	23.32	232.68	21.16
1778	7	16	6.3.2.1	24.54	207.39	-4.13
1778	7	16	6.2.1	21.37	241.27	29.75
1778	7	16	6.3.2.2	24.72	201.78	-9.74
1778	7	16	6.3.2	13.37	184.08	-27.44
1778	7	16	6	-20.35	271.04	59.53
1778	7	16	6.4	-13.16	162.55	-48.96
1778	7	16	6.5	-23.32	148.15	-63.37
1778	7	16	6.3.1	-29.01	206.47	-5.05
1778	7	16	6.3.3	-30.59	205.57	-5.94
1778	7	17	1	16.56	134.85	-63.43
1778	7	17	6.4.1	60.23	126.25	-72.04
1778	7	17	6.2.2	23.44	232.17	33.88
1778	7	17	6.2.1	21.87	240.90	42.61
1778	7	17	6.3.2.2	24.27	198.84	0.56
1778	7	17	6.3.2.1	23.41	208.32	10.04
1778	7	17	6.3.4	12.68	197.98	-0.30
1778	7	17	6.3.2	13.48	183.81	-14.48
1778	7	17	6.0.2	-20.81	268.67	70.39
1778	7	17	6.0.1	-21.17	272.09	73.80
1778	7	17	6.4.3	-11.60	162.63	-35.66
1778	7	17	6.4.2	-13.65	161.22	-37.07
1778	7	17	6.5.1	-21.79	139.28	-59.00
1778	7	17	6.5	-23.50	147.56	-50.73
1778	7	17	6.3.1	-28.41	205.46	7.18
1778	7	17	6.3.3	-30.52	204.45	6.16
1778	7	18	1	21.91	130.91	-54.14
1778	7	18	1.2.1	-16.27	109.88	-75.17
1778	7	18	1.2	-20.01	113.84	-71.22
1778	7	18	6.2.2	22.51	232.87	47.82
1778	7	18	6.2.1	20.67	239.02	53.96
1778	7	18	6.3.2.1	22.86	208.87	23.82
1778	7	18	6.3.2.2	22.99	204.43	19.38
1778	7	18	6.3.2	12.15	197.24	12.19
1778	7	18	6.4.3	-11.79	163.19	-21.86
1778	7	18	6.4.2	-12.89	162.05	-23.01
1778	7	18	6.4.1	-14.03	162.76	-22.30
1778	7	18	6.5.1	-22.78	138.82	-46.23
1778	7	18	6.5	-23.52	147.46	-37.59
1778	7	18	6.3.1	-	-	-
1778	7	19	6.2.2	-	-	-
1778	7	19	6.3.1	-	-	-
1778	7	21	1.2	-17.15	106.77	-38.64
1778	7	21	1	-19.31	112.54	-32.87
1778	7	21	1.3	-24.54	108.11	-37.30
1778	7	21	1.4	-26.35	99.57	-45.84
1778	7	21	6.5.2	20.07	166.43	21.02
1778	7	21	6.5.1	14.21	155.89	10.48
1778	7	21	6.6	17.56	113.96	-31.45
1778	7	21	6.4.3	-11.44	162.20	16.79
1778	7	21	6.4.1	-13.08	162.11	16.70
1778	7	21	6.3.1	-28.54	204.54	59.13
1778	7	21	6.5	-22.08	147.25	1.84
1778	7	22	1.2	-16.73	108.18	-23.91
1778	7	22	1	-19.38	113.72	-18.36
1778	7	22	1.3	-23.20	110.46	-21.63
1778	7	22	1.3.1	-24.91	109.53	-22.56
1778	7	22	1.4	-26.47	99.58	-32.51
1778	7	22	6.5.2	20.91	166.18	34.09
1778	7	22	6.5.1	19.73	161.10	29.01
1778	7	22	6.6	17.99	115.17	-16.91
1778	7	22	6.4.3	-11.45	162.83	30.74
1778	7	22	6.4.1	-12.46	162.81	30.72
1778	7	22	6.3.1	-28.92	204.51	72.43
1778	7	22	6.5	-21.34	147.59	15.51
1778	7	23	1.2	-16.03	107.52	-11.39
1778	7	23	1	-19.24	112.37	-6.54
1778	7	23	1.3.1	-23.60	110.66	-8.24
1778	7	23	1.3	-23.96	107.76	-11.15
1778	7	23	1.4	-26.42	98.30	-20.60
1778	7	23	2	13.28	46.09	-72.81
1778	7	23	6.5.2	20.72	167.57	48.66
1778	7	23	6.5.1	20.04	160.61	41.71
1778	7	23	6.6	17.99	115.28	-3.63
1778	7	23	6.4	-10.93	163.08	44.18
1778	7	23	6.5	-21.92	147.16	28.26
1778	7	23	6.5.3	-21.37	140.51	21.61
1778	7	24	1.2	-15.59	106.67	1.03
1778	7	24	1	-19.34	112.54	6.91
1778	7	24	1.3.1	-23.26	110.41	4.78
1778	7	24	1.3	-23.62	108.22	2.59
1778	7	24	1.4	-26.81	96.80	-8.83
1778	7	24	2.3	24.40	30.43	-75.20
1778	7	24	2.2	12.98	39.38	-66.25
1778	7	24	2	12.81	46.39	-59.25
1778	7	24	6.5.2	19.82	168.88	63.25
1778	7	24	6.5.1	19.58	159.67	54.04
1778	7	24	6.6.1	18.62	113.61	7.97
1778	7	24	6.6	16.60	115.67	10.04
1778	7	24	6.5.3	-19.60	144.49	38.86
1778	7	24	6.5.4	-21.18	144.10	38.47
1778	7	24	6.5	-21.49	145.96	40.32
1778	7	25	1.2	-14.61	105.97	13.57
1778	7	25	1	-19.23	111.04	18.63
1778	7	25	1.3.1	-22.79	107.06	14.66
1778	7	25	1.3	-23.60	105.77	13.37
1778	7	25	1.4	-26.62	95.46	3.05
1778	7	25	2.3	24.30	25.57	-66.84
1778	7	25	2	13.18	44.61	-47.80
1778	7	25	2.2	12.82	36.45	-55.96
1778	7	25	6.5.1	20.16	157.99	65.59
1778	7	25	6.6	16.54	115.59	23.19
1778	7	25	6.5	-18.89	144.84	52.43
1778	7	25	6.5.3	-21.18	145.40	53.00
1778	7	26	1.2	-15.07	105.27	26.09
1778	7	26	1	-18.95	110.75	31.58
1778	7	26	1.3.1	-23.17	109.15	29.97
1778	7	26	1.3	-23.73	107.78	28.60
1778	7	26	1.4	-26.05	93.72	14.55
1778	7	26	2.3	25.26	23.53	-55.65
1778	7	26	2.2	19.39	30.89	-48.29
1778	7	26	2.0.1	13.00	44.48	-34.70
1778	7	26	2	12.17	35.56	-43.62
1778	7	26	6.5.1	20.36	155.51	76.34
1778	7	26	6.6	16.66	114.98	35.80
1778	7	26	6.6.1	17.35	110.88	31.70
1778	7	26	6.5	-19.36	145.33	66.16
1778	7	26	6.5.3	-21.31	145.57	66.39
1778	7	27	1.2	-15.04	105.67	39.68
1778	7	27	1	-18.96	111.57	45.57
1778	7	27	1.3	-23.75	108.01	42.01
1778	7	27	1.3.1	-23.99	107.54	41.55
1778	7	27	1.4	-26.62	94.52	28.52
1778	7	27	2.4	30.31	30.44	-35.56
1778	7	27	2.3	25.36	25.64	-40.36
1778	7	27	2.2	20.08	30.81	-35.19
1778	7	27	2.0.1	13.47	45.36	-20.64
1778	7	27	2	13.08	35.86	-30.13
1778	7	27	3.2	24.14	340.56	-85.43
1778	7	27	3	-25.07	2.28	-63.72
1778	7	27	6.6.1	17.66	113.48	47.48
1778	7	27	6.6	16.90	117.26	51.26
1778	7	28	1.2	-15.15	105.10	52.33
1778	7	28	1	-19.32	110.31	57.54
1778	7	28	1.3.1	-24.03	109.17	56.40
1778	7	28	1.3	-24.48	107.60	54.83
1778	7	28	1.4	-26.22	92.83	40.06
1778	7	28	2.4	30.19	28.09	-24.68
1778	7	28	2.3	25.99	24.24	-28.53
1778	7	28	2.2	19.11	32.59	-20.18
1778	7	28	2.0.1	13.55	45.86	-6.91
1778	7	28	2	13.09	36.12	-16.65
1778	7	28	3.2	24.77	348.70	-64.07
1778	7	28	3.2.1	18.69	336.09	-76.68
1778	7	28	3.2.2	9.66	337.97	-74.80
1778	7	28	3	-25.33	0.78	-51.99
1778	7	28	6.6	16.67	118.49	65.72
1778	7	29	1.3.1	-23.79	109.81	70.31
1778	7	29	1.3	-24.61	107.56	68.06
1778	7	29	1.4	-26.71	93.50	54.00
1778	7	29	1	-	-	-
1778	7	29	2.3	26.26	22.53	-16.96
1778	7	29	2.2	19.34	33.16	-6.34
1778	7	29	2.0.1	13.64	45.72	6.22
1778	7	29	2	12.62	35.63	-3.87
1778	7	29	3.2.3	31.65	330.53	-68.97
1778	7	29	3.2	24.26	345.00	-54.50
1778	7	29	3.2.2	18.38	338.01	-61.49
1778	7	29	3.2.1	9.27	341.22	-58.28
1778	7	29	3.0.1	-13.73	338.21	-61.29
1778	7	29	3	-25.42	359.02	-40.48
1778	7	29	6.6	-	-	-
1778	7	30	1.4	-	-	-
1778	7	30	2.3	26.41	22.77	-3.55
1778	7	30	2.2	20.13	33.33	7.02
1778	7	30	2.0.1	14.22	46.14	19.82
1778	7	30	2	13.26	35.66	9.35
1778	7	30	3.2.3	28.36	324.90	-61.42
1778	7	30	3.2	24.85	339.65	-46.67
1778	7	30	3.2.2	18.39	335.67	-50.65
1778	7	30	3.0.1	-13.27	331.60	-54.72
1778	7	30	3	-24.72	359.25	-27.07
1778	7	30	3.2.1	-	-	-
1778	8	1	2.3	26.87	21.36	21.54
1778	8	1	2.2	20.29	32.42	32.59
1778	8	1	2.0.1	13.88	45.30	45.48
1778	8	1	2	12.60	35.63	35.81
1778	8	1	3.2	24.96	338.78	-21.05
1778	8	1	3.2.4	26.86	296.03	-63.79
1778	8	1	3.2.3	24.66	328.36	-31.46
1778	8	1	3.2.2	18.34	331.30	-28.53
1778	8	1	3.2.1	10.12	334.49	-25.33
1778	8	1	3.0.1	-13.68	332.26	-27.56
1778	8	1	3	-24.61	359.38	-0.44
1778	8	2	2.3	27.28	21.32	34.71
1778	8	2	2.2	20.49	32.15	45.55
1778	8	2	2.0.1	13.56	46.73	60.13
1778	8	2	2	13.63	35.51	48.91
1778	8	2	3.2	25.38	339.39	-7.21
1778	8	2	3.2.2	18.27	332.36	-14.24
1778	8	2	3.0.1	-13.53	332.56	-14.05
1778	8	2	3	-24.39	359.34	12.73
1778	8	2	4	-27.04	279.02	-67.58
1778	8	3	2.3	26.52	19.74	46.31
1778	8	3	2.2	19.96	30.73	57.31
1778	8	3	2.0.1	12.98	44.98	71.56
1778	8	3	2	12.06	34.44	61.01
1778	8	3	3.2	24.65	338.45	5.02
1778	8	3	3.2.4	26.40	295.44	-37.98
1778	8	3	3.2.2	17.53	332.07	-1.35
1778	8	3	3.2.1	10.26	334.10	0.67
1778	8	3	3.0.1	-13.75	331.58	-1.84
1778	8	3	3	-24.58	357.91	24.48
1778	8	3	4	-28.00	274.78	-58.64
1778	8	3	4.0.1	-29.86	265.05	-68.37
1778	8	4	2.3	26.61	20.04	59.79
1778	8	4	2.2	20.13	29.08	68.83
1778	8	4	2.0.1	-	-	-
1778	8	4	2	12.99	33.31	73.06
1778	8	4	3.2	25.02	337.32	17.07
1778	8	4	3.4.3	26.90	295.05	-25.20
1778	8	4	3.2.2	17.90	331.95	11.70
1778	8	4	3.2.1	10.89	333.83	13.58
1778	8	4	3.0.1	-13.57	331.66	11.41
1778	8	4	3	-24.56	357.00	36.75
1778	8	4	6	-27.22	275.39	-44.86
1778	8	4	6.0.1	-28.65	266.64	-53.61
1778	8	5	2.3	26.85	21.41	74.43
1778	8	5	2.2	-	-	-
1778	8	5	3.2	24.35	338.56	31.58
1778	8	5	3.2.4	26.82	294.82	-12.16
1778	8	5	3.2.1	10.42	334.68	27.70
1778	8	5	3	-25.46	358.02	51.04
1778	8	5	4	-27.78	274.82	-32.16
1778	8	5	4.0.1	-28.96	266.72	-40.26
1778	8	5	5	20.11	233.14	-73.84
1778	8	6	3.2	25.96	337.09	43.33
1778	8	6	3.2.1	10.56	334.94	41.18
1778	8	6	3	-25.41	354.78	61.02
1778	8	6	4	-28.36	274.19	-19.57
1778	8	6	4.0.1	-29.60	265.96	-27.80
1778	8	6	5	20.98	236.59	-57.18
1778	8	7	3.2	25.56	337.83	57.24
1778	8	7	3.2.1	8.05	331.13	50.54
1778	8	7	4	-27.73	273.40	-7.19
1778	8	7	4.0.1	-28.59	265.16	-15.43
1778	8	7	5	21.04	237.50	-43.08
1778	8	8	3.2	25.06	336.14	68.77
1778	8	8	4	-26.53	272.61	5.24
1778	8	8	4.0.2	-27.73	272.08	4.71
1778	8	8	4.0.1	-28.04	263.63	-3.74
1778	8	8	5	21.13	236.24	-31.12
1778	8	9	2.0.1	18.04	289.83	35.73
1778	8	9	2	20.21	279.76	25.65
1778	8	9	3.2	24.30	339.06	84.96
1778	8	9	4	-27.30	271.88	17.78
1778	8	9	4.0.2	-29.29	271.18	17.08
1778	8	9	4.0.1	-28.23	262.57	8.46
1778	8	9	5	20.49	238.23	-15.88
1778	8	10	2.0.1	17.77	289.72	48.84
1778	8	10	2	20.30	278.49	37.61
1778	8	10	2.2.1	13.50	262.68	21.80
1778	8	10	2.2	12.18	267.25	26.36
1778	8	10	4	-27.59	271.31	30.42
1778	8	10	4.0.2	-29.78	270.54	29.65
1778	8	11	1	-13.23	153.56	-74.16
1778	8	11	2.0.1	17.84	291.17	63.46
1778	8	11	2	20.44	279.09	51.38
1778	8	11	2.2	12.50	269.90	42.19
1778	8	11	2.2.1	13.76	263.06	35.34
1778	8	11	4	-27.71	272.34	44.62
1778	8	11	4.0.3	-29.61	270.18	42.47
1778	8	12	1	-13.27	151.28	-63.22
1778	8	12	1.0.1	-15.30	147.53	-66.96
1778	8	12	2.0.1	17.48	293.14	78.64
1778	8	12	2	20.91	276.98	62.49
1778	8	12	2.2	13.29	270.67	56.18
1778	8	12	2.2.1	13.95	261.78	47.28
1778	8	12	4	-28.34	272.13	57.63
1778	8	12	4.0.3	-30.30	270.51	56.01
1778	8	13	1	-	-	-
1778	8	13	2	21.12	277.70	76.42
1778	8	13	2.2	13.72	269.69	68.40
1778	8	13	2.2.1	14.07	261.32	60.03
1778	8	13	4.0.3	-29.83	267.10	65.81
1778	8	14	1	-12.96	153.06	-35.01
1778	8	14	1.2	-23.96	123.96	-64.10
1778	8	15	1	-11.97	152.59	-22.26
1778	8	15	1.3.1	-7.55	98.82	-76.03
1778	8	15	1.0.1	-11.61	144.59	-30.26
1778	8	15	1.0.2	-14.48	148.21	-26.64
1778	8	15	1.3	-21.02	97.63	-77.22
1778	8	15	1.2	-23.19	123.66	-51.19
1778	8	15	1.2.1	-23.79	114.95	-59.90
1778	8	15	1.2.2	-26.11	104.03	-70.82
1778	8	16	1.3.3	26.45	117.39	-44.24
1778	8	16	1.3.4	18.17	95.07	-66.57
1778	8	16	1	-12.30	153.32	-8.32
1778	8	16	1.0.1	-12.23	147.38	-14.25
1778	8	16	1.0.2	-14.86	148.65	-12.99
1778	8	16	1.2.1	-9.77	126.95	-34.69
1778	8	16	1.3.1	-6.93	102.20	-59.43
1778	8	16	1.3.2	-14.28	91.57	-70.06
1778	8	16	1.2	-23.80	124.16	-37.48
1778	8	16	1.3	-21.02	98.07	-63.56
1778	8	16	1.2.2	-25.65	104.53	-57.11
1778	8	17	1.3.4	29.28	93.57	-54.76
1778	8	17	1.3.3	14.09	116.85	-31.48
1778	8	17	1.3.5	-	-	-
1778	8	17	1	-12.22	154.16	5.83
1778	8	17	1.0.1	-12.99	148.48	0.15
1778	8	17	1.3.1	-6.75	102.78	-45.55
1778	8	17	1.3.2	-14.28	89.05	-59.28
1778	8	17	1.2.1	-23.52	119.57	-28.76
1778	8	17	1.3	-20.63	98.16	-50.17
1778	8	17	1.2.2	-25.72	105.57	-42.76
1778	8	17	1.2	-	-	-
1778	8	18	1.3.3	-	-	-
1778	8	18	1.3.4	16.76	95.77	-39.40
1778	8	18	1.3.5	8.61	82.08	-53.09
1778	8	18	1	-11.71	154.29	19.12
1778	8	18	1.0.1	-12.05	147.78	12.62
1778	8	18	1.3.1	-6.90	102.82	-32.35
1778	8	18	1.3.2	-14.88	91.66	-43.51
1778	8	18	1.2	-24.91	124.10	-11.07
1778	8	18	1.2.1	-23.68	119.88	-15.29
1778	8	18	1.3	-21.15	98.61	-36.55
1778	8	18	1.2.2	-25.72	105.11	-30.06
1778	8	19	1.3.4	16.72	95.90	-26.08
1778	8	19	1	-12.16	154.78	32.80
1778	8	19	1.3.5	8.33	83.69	-38.29
1778	8	19	1.0.1	-13.14	147.14	25.17
1778	8	19	1.3.1	-7.25	101.88	-20.10
1778	8	19	1.2	-24.39	124.72	2.74
1778	8	19	1.3.2	-14.81	92.10	-29.88
1778	8	19	1.2.1	-23.39	120.99	-0.99
1778	8	19	1.3	-20.50	98.83	-23.15
1778	8	19	1.2.2	-25.58	105.16	-16.82
1778	8	19	2.0.1	-19.51	56.11	-65.86
1778	8	19	2	-22.36	55.62	-66.36
1778	8	20	1.3.4	17.36	94.60	-14.14
1778	8	20	1	-12.11	153.64	44.90
1778	8	20	1.3.5	8.43	83.91	-24.83
1778	8	20	1.0.1	-13.05	146.58	37.84
1778	8	20	1.3.1	-6.69	101.19	-7.55
1778	8	20	1.2.1	-22.69	119.48	10.74
1778	8	20	1.2	-23.93	122.94	14.21
1778	8	20	1.3	-19.73	97.46	-11.28
1778	8	20	1.2.2	-25.21	103.78	-4.96
1778	8	20	1.3.2	-	-	-
1778	8	20	2.0.1	-19.69	52.58	-56.16
1778	8	20	2	-22.11	53.00	-55.74
1778	8	20	2.2	-11.45	86.74	-22.00
1778	8	20	3.0.2	23.87	31.88	-76.86
1778	8	20	3.0.3	17.46	31.67	-77.07
1778	8	20	3.0.1	11.51	40.32	-68.42
1778	8	20	3	-11.27	27.92	-80.82
1778	8	21	1.3.4	17.17	94.18	-1.31
1778	8	21	1	-12.08	154.59	59.11
1778	8	21	1.3.5	8.46	84.43	-11.05
1778	8	21	1.0.1	-12.69	147.09	51.61
1778	8	21	1.3.1	-7.04	101.06	5.58
1778	8	21	1.2.1	-23.22	119.88	24.40
1778	8	21	1.2	-24.30	122.95	27.46
1778	8	21	1.3	-19.86	98.08	2.60
1778	8	21	1.2.2	-24.98	104.04	8.56
1778	8	21	1.3.2	-	-	-
1778	8	21	2.0.1	-19.72	53.80	-41.69
1778	8	21	2	-21.93	53.43	-42.05
1778	8	21	2.2	-34.75	44.72	-50.76
1778	8	21	3.0.2	23.67	33.69	-61.79
1778	8	21	3.0.3	16.83	28.94	-66.54
1778	8	21	3.0.1	11.37	39.31	-56.18
1778	8	21	3	-10.84	28.46	-67.02
1778	8	22	1.3.4	17.26	94.70	12.38
1778	8	22	1	-12.59	155.04	72.73
1778	8	22	1.3.5	8.13	85.08	2.77
1778	8	22	1.3.1	-7.16	101.64	19.32
1778	8	22	1.2	-24.05	122.35	40.04
1778	8	22	1.3	-20.30	99.23	16.91
1778	8	22	1.0.1	-	-	-
1778	8	22	2.0.1	-19.51	53.23	-29.08
1778	8	22	2	-22.10	53.09	-29.23
1778	8	22	2.2	-34.39	45.68	-36.63
1778	8	22	3.0.2	24.34	33.20	-49.11
1778	8	22	3.0.3	16.83	29.08	-53.23
1778	8	22	3.0.1	11.68	38.51	-43.81
1778	8	22	3.0.4	-10.64	33.74	-48.57
1778	8	22	3	-11.41	34.17	-48.15
1778	8	23	1.3.5	-	-	-
1778	8	23	1.3.4	-	-	-
1778	8	23	1.3.1	-	-	-
1778	8	23	1.3	-	-	-
1778	8	23	1.2	-	-	-
1778	8	23	2.0.1	-	-	-
1778	8	23	2.2	-	-	-
1778	8	23	2	-	-	-
1778	8	23	3.2	-	-	-
1778	8	23	3.0.3	-	-	-
1778	8	23	3.0.2	-	-	-
1778	8	23	3.0.1	-	-	-
1778	8	23	3.0.4	-	-	-
1778	8	23	3	-	-	-
1778	8	24	1.3.4	17.73	94.95	38.92
1778	8	24	1.3.5	8.09	86.58	30.55
1778	8	24	1.3.1	-6.70	101.72	45.69
1778	8	24	1.3	-20.28	97.97	41.94
1778	8	24	1.2	-	-	-
1778	8	24	2.0.1	-19.55	53.40	-2.64
1778	8	24	2	-22.08	53.71	-2.32
1778	8	24	2.2	-34.88	45.04	-10.99
1778	8	24	3.0.2	24.23	32.26	-23.78
1778	8	24	3.3.1	24.28	331.92	-84.11
1778	8	24	3.0.3	17.67	28.11	-27.93
1778	8	24	3.0.1	11.28	39.23	-16.80
1778	8	24	3.3	8.72	344.55	-71.48
1778	8	24	3.0.4	-10.54	34.40	-21.63
1778	8	24	3	-17.70	52.27	-3.77
1778	8	24	3.2	-15.06	357.22	-58.82
1778	8	25	1.3.4	17.31	93.45	50.81
1778	8	25	1.3.5	7.59	86.69	44.05
1778	8	25	1.3.1	-6.94	101.12	58.48
1778	8	25	1.3	-21.06	98.56	55.91
1778	8	25	2.0.1	-20.35	55.15	12.51
1778	8	25	2	-22.38	53.78	11.14
1778	8	25	2.2	-34.41	45.09	2.44
1778	8	25	3.0.2	23.68	34.34	-8.30
1778	8	25	3.0.3	17.66	28.46	-14.18
1778	8	25	3.0.1	11.88	39.26	-3.38
1778	8	25	3.3.1	24.10	332.50	-70.15
1778	8	25	3.0.5	12.47	29.82	-12.82
1778	8	25	3.3	8.58	341.72	-60.93
1778	8	25	3.0.4	-10.43	34.58	-8.06
1778	8	25	3	-12.09	35.40	-7.24
1778	8	25	3.2	-15.13	356.99	-45.66
1778	8	26	1.3.4	16.80	92.12	62.59
1778	8	26	1.3.5	6.93	86.66	57.13
1778	8	26	1.3	-20.47	96.77	67.24
1778	8	26	2.0.1	-19.26	52.66	23.13
1778	8	26	2	-24.14	53.12	23.59
1778	8	26	2.2	-34.36	44.43	14.90
1778	8	26	3.0.2	23.57	34.43	4.90
1778	8	26	3.0.3	16.60	30.64	1.12
1778	8	26	3.0.1	11.42	39.36	9.83
1778	8	26	3.0.6	14.18	28.28	-1.25
1778	8	26	3.3.1	24.86	331.80	-57.72
1778	8	26	3.0.5	10.24	31.15	1.62
1778	8	26	3.3	8.94	342.51	-47.02
1778	8	26	3.0.4	-10.75	34.03	4.51
1778	8	26	3	-12.21	35.19	5.66
1778	8	26	3.2	-14.97	357.76	-31.77
1778	8	27	1.3.4	17.53	89.99	73.67
1778	8	27	1.3.5	7.47	86.24	69.92
1778	8	27	1.3	-21.51	96.75	80.43
1778	8	27	2.0.1	-20.22	52.58	36.26
1778	8	27	2	-23.77	52.73	36.41
1778	8	27	2.2	-35.25	42.83	26.51
1778	8	27	3.0.2	24.22	32.22	15.90
1778	8	27	3.0.6	17.47	28.85	12.53
1778	8	27	3.0.1	11.50	39.80	23.48
1778	8	27	3.0.5	12.39	31.60	15.28
1778	8	27	3.0.3	10.65	24.88	8.56
1778	8	27	3.3.1	24.45	331.29	-45.03
1778	8	27	3.3	8.71	342.48	-33.84
1778	8	27	3.0.4	-10.07	33.30	16.98
1778	8	27	3	-12.20	34.15	17.83
1778	8	27	3.2	-15.74	359.30	-17.02
1778	8	27	4.1	-21.54	312.04	-64.28
1778	8	27	4	-25.83	309.89	-66.43
1779	1	9	1	-7.57	31.08	-5.03
1779	1	9	2	15.71	28.79	-7.32
1779	1	9	3	15.73	12.29	-23.81
1779	1	9	4	15.19	341.68	-54.42
1779	1	9	5	-8.09	324.01	-72.10
1779	1	10	1	-7.52	31.47	8.49
1779	1	10	2	15.77	28.11	5.13
1779	1	10	3	21.53	91.02	68.04
1779	1	10	4	15.26	342.74	-40.24
1779	1	10	5	-12.72	321.74	-61.24
1779	1	11	1	-7.94	32.06	22.30
1779	1	11	2	15.40	28.46	18.70
1779	1	11	3	15.34	11.89	2.13
1779	1	11	4	15.35	342.67	-27.09
1779	1	11	4.2	-10.10	343.88	-25.88
1779	1	11	5	-13.05	321.53	-48.23
1779	1	11	6	-18.31	294.45	-75.32
1779	1	12	1	-8.54	32.85	36.30
1779	1	12	2	15.35	28.59	32.05
1779	1	12	3	14.52	11.74	15.20
1779	1	12	4.2	56.95	326.34	-30.21
1779	1	12	4	15.05	341.89	-14.66
1779	1	12	5	-13.58	321.75	-34.80
1779	1	12	6	-18.19	294.04	-62.51
1779	1	12	7	-21.30	284.26	-72.29
1779	1	13	1	-8.69	31.90	48.59
1779	1	13	2	15.42	28.24	44.93
1779	1	13	3	14.98	10.51	27.20
1779	1	13	4	14.80	340.97	-2.34
1779	1	13	4.2	-10.75	343.72	0.41
1779	1	13	5	-13.76	320.75	-22.56
1779	1	13	6	-17.97	293.75	-49.56
1779	1	13	7	-21.16	281.70	-61.61
1779	1	14	1	-8.44	32.28	61.98
1779	1	14	2	15.31	27.49	57.19
1779	1	14	3	15.32	10.79	40.49
1779	1	14	4	14.90	340.51	10.22
1779	1	14	4.3	-9.19	355.87	25.58
1779	1	14	4.2	-10.79	344.03	13.73
1779	1	14	5	-13.62	320.78	-9.52
1779	1	14	6	-17.70	293.83	-36.47
1779	1	14	7	-20.92	282.08	-48.21
1779	1	15	1	-8.44	33.54	76.41
1779	1	15	2	15.74	28.42	71.29
1779	1	15	3	15.37	11.63	54.50
1779	1	15	4	14.55	340.01	22.89
1779	1	15	4.3	-9.05	357.61	40.48
1779	1	15	4.2	-11.09	343.81	26.69
1779	1	15	5	-13.58	320.70	3.58
1779	1	15	6	-17.75	293.83	-23.30
1779	1	15	7	-20.81	281.12	-36.01
1779	1	16	3	15.04	8.79	64.79
1779	1	16	4	14.37	337.96	33.96
1779	1	16	4.2	-11.12	342.69	38.69
1779	1	16	4.3	-9.26	356.85	52.85
1779	1	16	4.4	-27.03	357.98	53.98
1779	1	16	4.5	-30.87	343.87	39.87
1779	1	16	5	-13.93	320.36	16.36
1779	1	16	6	-17.88	293.72	-10.29
1779	1	16	7	-20.83	280.57	-23.43
1779	1	16	8	14.07	226.62	-77.38
1779	1	17	3	14.53	6.93	76.15
1779	1	17	4.3	-9.10	357.41	66.63
1779	1	17	4.4	-27.12	358.56	67.79
1779	1	17	4.5	-31.16	343.44	52.67
1779	1	17	5	-14.49	320.73	29.95
1779	1	17	6	-17.60	293.33	2.56
1779	1	17	7	-20.68	280.62	-10.16
1779	1	17	8	13.81	228.12	-62.66
1779	1	18	4.3	-9.34	356.85	79.19
1779	1	18	4.4	-26.97	0.55	82.89
1779	1	18	4.5	-31.63	343.06	65.40
1779	1	18	5	-14.44	320.54	42.88
1779	1	18	6	-18.06	293.86	16.19
1779	1	18	7	-21.01	279.60	1.94
1779	1	18	8.3	20.81	227.87	-49.79
1779	1	18	8.2	17.79	236.22	-41.44
1779	1	18	8	13.83	226.62	-51.04
1779	1	19	9	-11.27	216.10	-48.28
1779	1	19	5.2	-13.47	316.11	51.72
1779	1	19	5	-14.21	318.67	54.29
1779	1	19	6	-17.51	292.90	28.52
1779	1	19	7	-20.30	278.97	14.58
1779	1	19	8.3	21.17	227.69	-36.69
1779	1	19	8.2	17.57	235.23	-29.15
1779	1	19	8	13.90	226.22	-38.17
1779	1	19	10	21.64	201.72	-62.66
1779	1	20	9	-11.22	215.74	-35.40
1779	1	20	5.2	-13.03	316.05	64.91
1779	1	20	5	-14.01	319.89	68.75
1779	1	20	6	-17.71	293.45	42.31
1779	1	20	7	-15.25	309.93	58.79
1779	1	20	8.3	21.70	226.97	-24.17
1779	1	20	8.2	17.91	233.63	-17.51
1779	1	20	8	14.54	225.25	-25.89
1779	1	20	10	21.90	199.11	-52.03
1779	1	21	1	-24.24	160.16	-77.97
1779	1	21	2	-11.27	162.56	-75.58
1779	1	21	9	-11.07	216.59	-21.54
1779	1	21	5.2	-12.83	314.65	76.52
1779	1	21	5	-13.82	319.10	80.97
1779	1	21	6	-17.06	293.47	55.34
1779	1	21	7	-20.10	278.99	40.86
1779	1	21	8.3	21.31	227.30	-10.84
1779	1	21	8.2	80.68	185.71	-52.42
1779	1	21	10	22.12	199.12	-39.02
1779	1	22	1	-24.66	156.76	-68.21
1779	1	22	2	-11.67	161.45	-63.52
1779	1	22	3	-9.40	152.03	-72.94
1779	1	22	9	-11.45	216.08	-8.89
1779	1	22	6	-17.37	293.33	68.36
1779	1	22	7	-19.86	278.49	53.52
1779	1	22	8.3	20.43	226.45	1.48
1779	1	22	8.2	18.07	235.72	10.75
1779	1	22	10	21.91	198.34	-26.63
1779	1	23	1	-24.33	155.41	-56.37
1779	1	23	2	-11.14	160.69	-51.09
1779	1	23	3	-8.40	149.94	-61.84
1779	1	23	9	-11.02	216.11	4.33
1779	1	23	6	-17.35	293.65	81.87
1779	1	23	7	-20.02	278.00	66.22
1779	1	23	8.3	20.93	226.29	14.51
1779	1	23	8.2	18.21	235.89	24.11
1779	1	23	10	22.30	197.63	-14.15
1779	1	24	1	-24.07	155.62	-42.99
1779	1	24	2	-10.82	161.46	-37.14
1779	1	24	3	-7.68	151.17	-47.44
1779	1	24	9	-10.64	215.65	17.05
1779	1	24	7	-20.06	275.78	77.18
1779	1	24	8.3	21.03	225.42	26.82
1779	1	24	8.2	18.18	235.56	36.96
1779	1	24	10	22.01	196.95	-1.65
1779	1	25	1	-24.22	153.65	-31.81
1779	1	25	2	-10.98	160.16	-25.30
1779	1	25	3	-8.28	151.17	-34.29
1779	1	25	4	18.15	110.81	-74.65
1779	1	25	9	-10.78	216.01	30.55
1779	1	25	5	-33.72	106.97	-78.49
1779	1	25	8.3	21.26	224.75	39.29
1779	1	25	8.2	18.20	235.19	49.73
1779	1	25	10	22.21	195.96	10.50
1779	1	26	1	-24.10	153.86	-18.45
1779	1	26	2	-11.16	161.39	-10.92
1779	1	26	3	0.28	196.80	24.49
1779	1	26	4.2	17.59	111.33	-60.98
1779	1	26	4	16.25	109.49	-62.82
1779	1	26	9	-10.68	216.26	43.95
1779	1	26	5	-33.76	107.63	-64.68
1779	1	26	8.2	18.42	235.59	63.28
1779	1	26	10	22.03	195.75	23.44
1779	1	27	1	-24.59	153.28	-5.68
1779	1	27	2	-12.27	160.73	1.77
1779	1	27	3	-8.20	152.13	-6.83
1779	1	27	4.3	17.99	102.87	-56.09
1779	1	27	4.2	17.64	110.86	-48.10
1779	1	27	4	16.47	107.19	-51.77
1779	1	27	5	-34.68	107.88	-51.08
1779	1	27	6	41.35	136.48	-22.48
1779	1	28	1	-24.39	152.90	6.95
1779	1	28	2	-12.20	161.46	15.51
1779	1	28	3	-7.96	152.91	6.96
1779	1	28	4.3	18.41	105.10	-40.85
1779	1	28	4.2	17.37	110.07	-35.88
1779	1	28	4	16.97	108.08	-37.87
1779	1	28	5	-33.68	111.32	-34.62
1779	1	28	4	41.82	139.35	-6.60
1779	1	29	1	-23.73	152.37	19.79
1779	1	29	2	-12.15	160.95	28.38
1779	1	29	3	-7.76	153.47	20.90
1779	1	29	4.3	18.27	101.06	-31.51
1779	1	29	4	16.78	105.68	-26.90
1779	1	29	4.2	-	-	-
1779	1	29	5	-33.89	107.74	-24.84
1779	1	29	6	42.88	138.94	6.36
1779	1	29	7	-16.27	86.77	-45.81
1779	1	30	1	-23.77	152.16	32.54
1779	1	30	2	-11.96	161.10	41.48
1779	1	30	3	-7.72	152.84	33.22
1779	1	30	4.2	18.79	109.92	-9.70
1779	1	30	5	-34.04	106.38	-13.24
1779	1	30	6	42.44	137.29	17.67
1779	1	30	7	-15.88	86.20	-33.42
1779	1	30	7.3	-20.43	43.89	-75.73
1779	1	30	7.2	-22.15	46.12	-73.50
1779	1	31	1	-23.71	151.90	45.52
1779	1	31	2	-12.08	159.71	53.33
1779	1	31	3	-8.02	152.29	45.91
1779	1	31	5	-34.21	106.32	-0.06
1779	1	31	7	-16.08	85.22	-21.16
1779	1	31	7.2	-22.28	44.80	-61.58
1779	1	31	8	-29.81	71.17	-35.21
1779	2	1	1	-23.83	152.55	59.34
1779	2	1	2	-11.88	163.19	69.98
1779	2	1	3	-7.90	152.66	59.45
1779	2	1	4.2	18.55	111.56	18.35
1779	2	1	9	16.05	28.95	-64.26
1779	2	1	9.2	14.12	16.83	-76.38
1779	2	1	9.3	10.73	15.74	-77.47
1779	2	1	5	-34.55	106.51	13.30
1779	2	1	7.2	-22.22	46.11	-47.10
1779	2	1	7	-	-	-
1779	2	1	8	-30.20	71.71	-21.51
1779	2	2	1	-23.19	153.30	73.23
1779	2	2	3	-8.06	152.74	72.67
1779	2	2	4.2	18.30	111.50	31.43
1779	2	2	9	16.18	26.85	-53.22
1779	2	2	9.2	14.59	13.73	-66.34
1779	2	2	9.3	11.25	12.82	-67.25
1779	2	2	5	-34.27	105.08	25.01
1779	2	2	7.2	-22.24	45.63	-34.44
1779	2	2	8	-30.33	70.74	-9.33
1779	2	2	10	-7.57	0.19	-79.88
1779	2	3	6.2	17.59	111.48	44.58
1779	2	3	9	15.61	26.98	-39.93
1779	2	3	9.2	14.31	12.83	-54.07
1779	2	3	9.3	11.21	12.50	-54.40
1779	2	3	5	-34.41	104.33	37.42
1779	2	3	7.2	-22.31	45.76	-21.15
1779	2	3	10	-7.39	1.13	-65.78
1779	2	4	4.2	17.91	111.74	58.01
1779	2	4	9.2	14.58	12.14	-41.59
1779	2	4	9	15.43	26.46	-27.26
1779	2	4	9.3	11.21	12.03	-41.70
1779	2	4	5	-34.85	103.63	49.91
1779	2	4	7.2	-22.13	45.49	-8.24
1779	2	4	10	-7.59	0.88	-52.85
1779	2	6	1	20.24	314.71	-72.66
1779	2	6	1.2	18.87	314.09	-73.29
1779	2	6	1.3	13.68	315.15	-72.22
1779	2	6	2	-12.29	319.89	-67.48
1779	2	6	2.2	-20.44	317.33	-70.04
1779	2	6	3	-11.30	314.57	-72.80
1779	2	6	9.2	14.87	12.59	-14.78
1779	2	6	9	15.69	26.78	-0.59
1779	2	6	9.3	11.50	12.67	-14.70
1779	2	6	5	-34.54	101.81	74.44
1779	2	6	7.2	-21.99	47.37	20.00
1779	2	6	10	-7.29	1.18	-26.20
1779	2	7	1.4	21.19	299.36	-74.80
1779	2	7	1	19.93	314.76	-59.40
1779	2	7	1.2	18.82	312.39	-61.77
1779	2	7	1.3	14.04	314.24	-59.92
1779	2	7	2	-12.24	318.59	-55.57
1779	2	7	2.2	-20.43	315.94	-58.22
1779	2	7	3	-11.99	314.72	-59.44
1779	2	7	3.2	-17.34	295.41	-78.75
1779	2	7	9.2	14.81	11.79	-2.37
1779	2	7	9.3	11.92	12.30	-1.86
1779	2	7	9	15.71	26.42	12.27
1779	2	7	7.2	-21.90	47.62	33.46
1779	2	7	10	-7.55	1.58	-12.58
1779	2	8	1.0.1	37.55	300.60	-60.34
1779	2	8	1.4	20.65	299.84	-61.11
1779	2	8	1.2	19.19	310.50	-50.44
1779	2	8	1	19.22	312.96	-47.99
1779	2	8	2	20.69	300.88	-60.06
1779	2	8	2.2	-20.79	315.30	-45.65
1779	2	8	3	-12.03	314.83	-46.12
1779	2	8	3.2.1	-14.11	308.03	-52.91
1779	2	8	3.2	-17.65	295.06	-65.88
1779	2	8	4	-20.50	278.26	-82.68
1779	2	8	9.2	14.13	11.11	10.17
1779	2	8	9.3	11.23	11.60	10.65
1779	2	8	9	15.33	26.40	25.46
1779	2	8	7.2	-22.05	47.82	46.87
1779	2	8	10	-7.68	0.87	-0.07
1779	2	9	1.0.1	36.83	302.94	-45.02
1779	2	9	1.2	19.12	311.26	-36.70
1779	2	9	1	18.62	313.77	-34.19
1779	2	9	2	-12.25	320.06	-27.90
1779	2	9	2.2	-20.41	316.62	-31.34
1779	2	9	3	-11.56	316.15	-31.82
1779	2	9	3.2.1	-14.07	308.91	-39.05
1779	2	9	3.2	-17.39	296.69	-51.27
1779	2	9	4	-19.83	279.27	-68.69
1779	2	9	9.2	14.39	12.96	25.00
1779	2	9	9.3	11.56	13.31	25.35
1779	2	9	9	15.34	28.24	40.28
1779	2	9	7.2	-21.67	47.09	60.78
1779	2	9	10	-7.43	2.58	14.62
1779	2	10	1.0.1	38.21	299.27	-35.34
1779	2	10	1	19.03	309.06	-25.55
1779	2	10	1.2	18.37	308.36	-26.25
1779	2	10	2	-12.20	317.88	-16.73
1779	2	10	2.2	-20.58	314.80	-19.81
1779	2	10	3	-11.26	314.56	-20.05
1779	2	10	3.2.1	-14.25	306.95	-27.66
1779	2	10	3.2	-17.50	292.70	-41.91
1779	2	10	4	-19.34	247.48	-87.13
1779	2	10	9.2	14.10	11.30	36.69
1779	2	10	9	15.72	23.74	49.13
1779	2	10	9.3	11.86	12.65	38.04
1779	2	10	7.2	-22.48	47.27	72.66
1779	2	10	10	-5.53	5.66	31.05
1779	2	11	1.0.1	38.17	297.59	-24.02
1779	2	11	1	18.75	308.12	-13.49
1779	2	11	1.2	17.39	307.29	-14.32
1779	2	11	2.2	-21.47	313.83	-7.78
1779	2	11	2	-	-	-
1779	2	11	3	-12.83	309.74	-11.87
1779	2	11	3.2.1	-14.27	306.20	-15.41
1779	2	11	3.2	-18.01	292.40	-29.21
1779	2	11	4	-20.35	274.97	-46.63
1779	2	11	9.2	13.25	9.08	47.47
1779	2	11	9.3	-	-	-
1779	2	14	1.0.1	37.34	294.27	12.29
1779	2	14	1.2	17.91	306.55	24.57
1779	2	14	2.1	-21.69	313.14	31.15
1779	2	14	3.2	-17.59	291.97	9.99
1779	2	14	3.2.1	-13.96	306.37	24.39
1779	2	14	6	-20.68	275.63	-6.36
1779	2	14	5	19.67	241.02	-40.96
1779	2	14	5.3	15.95	224.63	-57.35
1779	2	14	5.2	17.50	237.83	-44.15
1779	2	15	1.0.1	37.34	292.64	23.78
1779	2	15	1	18.96	307.00	38.14
1779	2	15	1.2	17.39	305.14	36.28
1779	2	15	2	-11.50	313.92	45.06
1779	2	15	2.2	-21.80	312.19	43.33
1779	2	15	3.2	-17.84	291.34	22.48
1779	2	15	3.2.1	-13.88	305.40	36.54
1779	2	15	4	-20.74	274.85	5.99
1779	2	15	5	19.69	240.60	-28.26
1779	2	15	5.3	15.39	223.50	-45.36
1779	2	15	5.4	12.94	193.97	-74.89
1779	2	15	5.2	17.15	237.06	-31.80
1779	2	16	1	20.23	307.41	51.69
1779	2	16	2	-10.72	313.14	57.42
1779	2	16	2.2	-25.98	318.75	63.03
1779	2	16	3.2	-17.02	291.00	35.28
1779	2	16	3.2.1	-12.89	305.23	49.51
1779	2	16	4	-19.97	273.94	18.22
1779	2	16	5.4	13.72	192.54	-63.18
1779	2	16	5.4.1	12.03	186.81	-68.91
1779	2	16	5	20.01	239.66	-16.06
1779	2	16	5.2	17.61	235.98	-19.74
1779	2	16	5.3	-	-	-
1779	2	16	6	24.34	195.06	-60.66
1779	2	17	1	20.04	307.53	65.00
1779	2	17	2.2	-	-	-
1779	2	17	3.2	-17.44	291.16	48.64
1779	2	17	3.2.1	-12.87	306.05	63.53
1779	2	17	4	-20.02	274.04	31.51
1779	2	17	5.4	13.55	192.25	-50.27
1779	2	17	5.4.1	11.58	187.27	-55.25
1779	2	17	5	20.08	239.98	-2.54
1779	2	17	5.2	17.79	236.86	-5.66
1779	2	17	6.2	-16.48	164.65	-77.87
1779	2	18	3.2	-17.46	291.19	61.81
1779	2	18	4	-20.41	274.12	44.74
1779	2	18	5.4	12.93	192.38	-36.99
1779	2	18	5.4.1	8.76	177.44	-51.93
1779	2	18	5.3	18.90	222.90	-6.47
1779	2	18	5	18.95	239.41	10.04
1779	2	18	5.2	16.69	235.71	6.34
1779	2	18	6.2	-17.14	165.01	-64.36
1779	2	19	3.2	-18.08	288.66	72.43
1779	2	19	4	-20.03	274.18	57.95
1779	2	19	5.4	14.11	192.87	-23.36
1779	2	19	5.4.1	11.32	189.63	-26.60
1779	2	19	5	20.32	239.64	23.41
1779	2	19	5.2	17.51	235.85	19.62
1779	2	19	6.2	-16.91	166.28	-49.95
1779	2	20	4	-20.37	272.59	69.53
1779	2	20	5.4	14.16	192.65	-10.41
1779	2	20	5.4.1	11.61	189.76	-13.30
1779	2	20	5	20.25	239.28	36.22
1779	2	20	5.2	18.09	235.78	32.72
1779	2	20	6.2	-17.14	164.88	-38.18
1779	2	21	5.4	13.85	192.45	2.56
1779	2	21	5.4.1	11.35	189.92	0.03
1779	2	21	5	20.10	238.32	48.43
1779	2	21	5.2	17.68	234.38	44.49
1779	2	21	6.2	-17.54	165.85	-24.05
1779	2	22	1	-18.91	107.41	-69.31
1779	2	22	5.4	13.85	193.05	16.33
1779	2	22	5.4.1	11.49	190.42	13.70
1779	2	22	5	20.36	238.74	62.02
1779	2	22	5.2	18.13	233.74	57.02
1779	2	22	6.2	-17.38	165.29	-11.43
1779	2	23	1	-19.29	106.15	-57.40
1779	2	23	1.2	-31.16	97.27	-66.28
1779	2	23	5.4.2	21.52	154.05	-9.50
1779	2	23	5.4	13.09	193.49	29.94
1779	2	23	5.4.1	10.53	190.85	27.30
1779	2	23	6.2	-17.71	166.15	2.60
1779	2	24	1	-19.02	106.49	-43.89
1779	2	24	1.2	-30.79	98.82	-51.56
1779	2	24	5.4.2	21.64	153.98	3.60
1779	2	24	5.4	13.76	193.30	42.92
1779	2	24	5.4.1	11.50	191.44	41.06
1779	2	24	6.2	-17.75	166.74	16.36
1779	2	25	1	-19.28	105.64	-31.57
1779	2	25	1.2	-30.79	97.30	-39.91
1779	2	25	5.4.2	21.39	153.42	16.21
1779	2	25	5.4	14.08	193.74	56.53
1779	2	25	5.4.1	11.29	190.61	53.40
1779	2	25	6.2	-17.40	166.07	28.86
1779	2	26	1	-18.96	105.47	-18.56
1779	2	26	1.2	-30.54	96.88	-27.16
1779	2	26	2	-21.53	85.39	-38.64
1779	2	26	5.4.2	21.33	153.26	29.22
1779	2	26	5.4.1	11.40	189.78	65.75
1779	2	26	6.2	-16.89	166.24	42.20
1779	2	27	1	-18.67	105.16	-5.66
1779	2	27	1.2	-30.07	96.45	-14.37
1779	2	27	2	-21.57	87.45	-23.37
1779	2	27	3	-18.51	30.01	-80.81
1779	2	27	5.4.2	21.52	154.14	43.32
1779	2	27	5.4.1	11.40	190.17	79.35
1779	2	27	6.2	-17.16	166.07	55.25
1779	2	28	1	-18.97	105.13	7.45
1779	2	28	2	-21.01	89.46	-8.22
1779	2	28	2.2	-25.96	80.48	-17.20
1779	2	28	3	-18.44	30.02	-67.66
1779	2	28	4	15.55	26.47	-71.20
1779	2	28	5.4.2	21.38	152.76	55.09
1779	2	28	6.2	-16.85	166.74	69.07
1779	2	28	6.2.1	-22.76	151.87	54.19
1779	3	1	1	-18.90	104.55	20.02
1779	3	1	2	-20.14	90.41	5.89
1779	3	1	2.2	-26.37	79.72	-4.80
1779	3	1	3.2	-7.84	13.51	-71.01
1779	3	1	3	-18.53	29.99	-54.53
1779	3	1	4.2	14.55	11.46	-73.06
1779	3	1	4	15.30	25.61	-58.91
1779	3	1	5.4.2	21.65	145.12	60.60
1779	3	1	5	-18.93	11.43	-73.09
1779	3	1	6.2	-17.44	166.23	81.71
1779	3	1	6.2.1	-22.96	149.57	65.05
1779	3	2	1	-18.63	105.40	34.07
1779	3	2	2	-19.24	91.35	20.02
1779	3	2	2.2.1	-26.13	80.13	8.80
1779	3	2	2.2	-24.65	83.65	12.32
1779	3	2	3.2	-8.04	13.11	-58.22
1779	3	2	3	-18.57	30.37	-40.96
1779	3	2	4.2	14.82	11.48	-59.85
1779	3	2	4	15.24	25.59	-45.74
1779	3	2	5	-18.77	9.06	-62.27
1779	3	2	5.4.2	22.64	144.78	73.46
1779	3	2	6.2.1	-23.70	148.74	77.41
1779	3	3	1	-19.67	103.96	45.86
1779	3	3	2.2.1	-26.02	79.49	21.39
1779	3	3	2.2	-25.32	82.74	24.64
1779	3	3	3.2	-8.00	13.15	-44.96
1779	3	3	3	-18.75	28.89	-29.21
1779	3	3	4.2	14.90	9.69	-48.41
1779	3	3	4	15.10	25.10	-33.01
1779	3	3	5	-18.93	10.13	-47.98
1779	3	4	2	-19.24	87.89	42.90
1779	3	4	2.2.1	-25.55	79.89	34.90
1779	3	4	2.2	-24.85	81.81	36.83
1779	3	4	3.2	-8.13	12.91	-32.08
1779	3	4	3	-18.78	28.55	-16.43
1779	3	4	4.2	14.87	9.62	-35.36
1779	3	4	4	15.26	24.64	-20.34
1779	3	4	5	-18.93	10.69	-34.29
1779	3	4	5.2	-24.47	317.90	-87.09
1779	3	5	2	-18.91	89.11	57.28
1779	3	5	2.2.1	-25.64	79.48	47.65
1779	3	5	3.2	-7.77	14.31	-17.51
1779	3	5	3	-18.63	27.65	-4.18
1779	3	5	4.2	15.21	9.72	-22.10
1779	3	5	4	15.13	25.20	-6.62
1779	3	5	5.2	-24.25	321.04	-70.78
1779	3	5	5	-18.33	9.71	-22.11
1779	3	6	2.2.1	-25.43	78.07	59.46
1779	3	6	3.2	-7.68	14.25	-4.36
1779	3	6	3	-18.66	27.80	9.18
1779	3	6	4.2	15.45	9.91	-8.70
1779	3	6	4	15.25	24.22	5.61
1779	3	6	5.2	-24.10	319.43	-59.19
1779	3	7	1	-18.32	289.82	-75.60
1779	3	7	2.2.1	-25.29	77.66	72.25
1779	3	7	3.2	-7.87	14.98	9.57
1779	3	7	3	-18.58	28.29	22.87
1779	3	7	3.0.1	-26.13	43.76	38.35
1779	3	7	4.2.1	18.46	359.65	-5.77
1779	3	7	4.2	15.05	11.05	5.64
1779	3	7	4	14.90	24.56	19.14
1779	3	7	5.2	-24.62	318.02	-47.39
1779	3	14	1	-19.70	300.70	27.51
1779	3	14	2	24.20	277.92	4.73
1779	3	14	3	-28.98	240.85	-32.34
1779	3	14	4	16.53	217.12	-56.07
1779	3	14	4.2	14.89	205.69	-67.50
1779	3	14	4.3	13.44	195.26	-77.92
1779	3	14	5	-22.05	192.44	-80.75
1779	3	14	5.2	-25.87	313.51	40.32
1779	3	15	1	-20.01	301.37	41.38
1779	3	15	2	24.60	278.11	18.12
1779	3	15	3.2	-12.58	236.23	-23.76
1779	3	15	3	-29.17	240.44	-19.55
1779	3	15	4.3	13.90	193.77	-66.22
1779	3	15	4.3.1	13.16	192.17	-67.82
1779	3	15	4.2	15.02	207.01	-52.98
1779	3	15	4	17.13	217.84	-42.15
1779	3	15	5	-22.27	194.02	-65.97
1779	3	15	5.2	-25.45	313.12	53.13
1779	3	20	3	-29.69	234.75	40.65
1779	3	20	4.3	12.95	190.06	-4.04
1779	3	20	4.2	13.62	208.14	14.04
1779	3	20	4	16.88	217.01	22.91
1779	3	20	5	-24.45	157.77	-36.33
1779	3	24	4.3	13.10	188.79	47.45
1779	3	24	4	16.96	214.28	72.94
1779	3	24	4.2	13.66	206.76	65.42
