d 1890 01 01 10 53 01 GREE            19   110    10    57 2411368.95348   1.73  -3.26
g 1890 01 01 10 53 01   2111          19   110    10    57  -9.30 344.00 -12.60 115.20 0.2380 0 0
s 1890 01 01 10 53 01   2111     1    19   110    10    57  -9.30 344.00 -12.60 115.20 0.2380 0 0
d 1890 01 02 07 09 00 GREE            31   133    16    67 2411369.79792   1.31  -3.36
g 1890 01 02 07 09 00   2111          31   133    16    67  -9.30 344.00  -1.50 165.20 0.1010 0 0
s 1890 01 02 07 09 00   2111     1    31   133    16    67  -9.30 344.00  -1.50 165.20 0.1010 0 0
d 1890 01 03 06 43 00 GREE            23    93    12    48 2411370.77986   0.83  -3.47
g 1890 01 03 06 43 00   2111          23    93    12    48  -9.50 344.40  11.90 247.60 0.2200 0 0
s 1890 01 03 06 43 00   2111     1    23    93    12    48  -9.50 344.40  11.90 247.60 0.2200 0 0
d 1890 01 04 05 06 01 GREE            16    74     9    41 2411371.71251   0.38  -3.58
g 1890 01 04 05 06 01   2111          16    74     9    41  -9.50 344.40  24.10 260.00 0.4090 0 0
s 1890 01 04 05 06 01   2111     1    16    74     9    41  -9.50 344.40  24.10 260.00 0.4090 0 0
d 1890 01 05 04 52 00 GREE            14    46     9    29 2411372.70278  -0.10  -3.69
g 1890 01 05 04 52 00   2111          14    46     9    29  -9.60 344.40  37.20 262.70 0.6010 0 0
s 1890 01 05 04 52 00   2111     1    14    46     9    29  -9.60 344.40  37.20 262.70 0.6010 0 0
d 1890 01 06 05 05 00 GREE             8    53     7    49 2411373.71181  -0.60  -3.80
g 1890 01 06 05 05 00   2111           8    32     7    26  -9.60 345.00  51.10 261.00 0.7770 0 0
s 1890 01 06 05 05 00   2111     1     8    32     7    26  -9.60 345.00  51.10 261.00 0.7770 0 0
g 1890 01 06 05 05 00   2112           0    21     0    23   6.00 230.30 -63.60  82.00 0.9100 0 2
s 1890 01 06 05 05 00   2112     1     0    21     0    23   6.00 230.30 -63.60  82.00 0.9100 0 2
d 1890 01 07 10 17 01 GREE             0    13     0    17 2411374.92848  -1.19  -3.93
g 1890 01 07 10 17 01   2111           0    13     0    17  -9.80 344.90  67.00 264.00 0.9120 0 0
s 1890 01 07 10 17 01   2111     1     0    13     0    17  -9.80 344.90  67.00 264.00 0.9120 0 0
d 1890 01 08 04 48 00 GREE             0     0     0     0 2411375.70000  -1.56  -4.01
d 1890 01 09 12 12 01 GREE             0    29     0    19 2411377.00834  -2.19  -4.15
g 1890 01 09 12 12 01   2113           0    29     0    19 -28.80 285.40  34.90 229.30 0.6600 0 7
s 1890 01 09 12 12 01   2113     1     0    29     0    19 -28.80 285.40  34.90 229.30 0.6600 0 7
d 1890 01 10 09 36 00 GREE             0     0     0     0 2411377.90000  -2.62  -4.25
d 1890 01 11 04 48 00 GREE             0     0     0     0 2411378.70000  -3.01  -4.33
d 1890 01 12 12 00 00 GREE             0     0     0     0 2411380.00000  -3.63  -4.46
d 1890 01 13 07 12 00 GREE             0     0     0     0 2411380.80000  -4.01  -4.54
d 1890 01 14 07 12 00 GREE             0     0     0     0 2411381.80000  -4.49  -4.64
d 1890 01 15 04 48 00 GREE             0     0     0     0 2411382.70000  -4.91  -4.73
d 1890 01 16 07 12 00 GREE             0     0     0     0 2411383.80000  -5.43  -4.84
d 1890 01 17 04 23 01 GREE             0    22     0    13 2411384.68265  -5.84  -4.92
g 1890 01 17 04 23 01   2114           0    22     0    13  23.90 154.30   4.80 350.70 0.4750 0 3
s 1890 01 17 04 23 01   2114     1     0    22     0    13  23.90 154.30   4.80 350.70 0.4750 0 3
d 1890 01 18 10 14 01 GREE             0    26     0    16 2411385.92640  -6.42  -5.04
g 1890 01 18 10 14 01   2114           0    26     0    16  22.80 154.20  21.10 323.60 0.5590 0 0
s 1890 01 18 10 14 01   2114     1     0    26     0    16  22.80 154.20  21.10 323.60 0.5590 0 0
d 1890 01 19 10 36 00 GREE            24   105    17    74 2411386.94167  -6.88  -5.13
g 1890 01 19 10 36 00   2114          24   105    17    74  22.80 156.70  36.90 308.10 0.7030 0 1
s 1890 01 19 10 36 00   2114     1    24   105    17    74  22.80 156.70  36.90 308.10 0.7030 0 1
d 1890 01 20 10 23 01 GREE            53   325    48   293 2411387.93265  -7.34  -5.22
g 1890 01 20 10 23 01   2114          53   325    48   293  22.50 157.00  50.30 301.30 0.8320 0 5
s 1890 01 20 10 23 01   2114     1    53   325    48   293  22.50 157.00  50.30 301.30 0.8320 0 5
d 1890 01 21 10 09 00 GREE            35   245    47   330 2411388.92292  -7.79  -5.31
g 1890 01 21 10 09 00   2114          35   245    47   330  23.20 157.50  63.90 297.20 0.9280 0 5
s 1890 01 21 10 09 00   2114     1    35   245    47   330  23.20 157.50  63.90 297.20 0.9280 0 5
d 1890 01 22 10 07 01 GREE             8    71    26   215 2411389.92154  -8.24  -5.40
g 1890 01 22 10 07 01   2114           8    71    26   215  22.70 158.10  77.60 294.00 0.9860 0 5
s 1890 01 22 10 07 01   2114     1     8    71    26   215  22.70 158.10  77.60 294.00 0.9860 0 5
d 1890 01 23 09 36 00 GREE             0     0     0     0 2411390.90000  -8.68  -5.48
d 1890 01 24 04 48 00 GREE             0     0     0     0 2411391.70000  -9.03  -5.55
d 1890 01 25 04 48 00 GREE             0     0     0     0 2411392.70000  -9.47  -5.63
d 1890 01 26 09 36 00 GREE             0     0     0     0 2411393.90000 -10.00  -5.72
d 1890 01 27 12 00 00 GREE             0     0     0     0 2411395.00000 -10.47  -5.81
d 1890 01 28 09 36 00 GREE             0     0     0     0 2411395.90000 -10.86  -5.88
d 1890 01 29 09 36 00 GREE             0     0     0     0 2411396.90000 -11.28  -5.95
d 1890 01 30 05 11 00 GREE             1     6     1     5 2411397.71597 -11.62  -6.01
g 1890 01 30 05 11 00   2115           1     6     1     5  24.90 293.70 -44.10  52.20 0.7990 0 2
s 1890 01 30 05 11 00   2115     1     1     6     1     5  24.90 293.70 -44.10  52.20 0.7990 0 2
d 1890 01 31 08 11 00 GREE            17    55    11    37 2411398.84097 -12.09  -6.09
g 1890 01 31 08 11 00   2115          17    55    11    37  24.50 294.30 -28.80  41.50 0.6610 0 2
s 1890 01 31 08 11 00   2115     1    17    55    11    37  24.50 294.30 -28.80  41.50 0.6610 0 2
d 1890 02 01 07 00 00 GREE             3    29     2    18 2411399.79167 -12.48  -6.16
g 1890 02 01 07 00 00   2115           3    29     2    18  24.80 293.50 -17.00  27.80 0.5690 0 2
s 1890 02 01 07 00 00   2115     1     3    29     2    18  24.80 293.50 -17.00  27.80 0.5690 0 2
d 1890 02 02 04 48 00 GREE             0     0     0     0 2411400.70000 -12.85  -6.22
d 1890 02 03 07 12 00 GREE             0     0     0     0 2411401.80000 -13.29  -6.29
d 1890 02 04 07 12 00 GREE             0     0     0     0 2411402.80000 -13.69  -6.35
d 1890 02 05 12 00 00 GREE             0     0     0     0 2411404.00000 -14.16  -6.43
d 1890 02 06 07 12 00 GREE             0     0     0     0 2411404.80000 -14.46  -6.47
d 1890 02 07 07 12 00 GREE             0     0     0     0 2411405.80000 -14.85  -6.53
d 1890 02 08 09 36 00 GREE             0     0     0     0 2411406.90000 -15.26  -6.59
d 1890 02 09 09 36 00 GREE             0     0     0     0 2411407.90000 -15.63  -6.64
d 1890 02 10 09 36 00 GREE             0     0     0     0 2411408.90000 -16.00  -6.69
d 1890 02 11 12 00 00 GREE             0     0     0     0 2411410.00000 -16.39  -6.75
d 1890 02 12 09 36 00 GREE             0     0     0     0 2411410.90000 -16.71  -6.79
d 1890 02 13 09 36 00 GREE             0     0     0     0 2411411.90000 -17.06  -6.83
d 1890 02 14 04 48 00 GREE             0     0     0     0 2411412.70000 -17.33  -6.86
d 1890 02 15 07 12 00 GREE             0     0     0     0 2411413.80000 -17.71  -6.91
d 1890 02 16 09 36 00 GREE             0     0     0     0 2411414.90000 -18.07  -6.95
d 1890 02 17 04 48 00 GREE             0     0     0     0 2411415.70000 -18.33  -6.98
d 1890 02 18 09 36 00 GREE             0     0     0     0 2411416.90000 -18.72  -7.02
d 1890 02 19 04 48 00 GREE             0     0     0     0 2411417.70000 -18.97  -7.04
d 1890 02 20 04 48 00 GREE             0     0     0     0 2411418.70000 -19.28  -7.07
d 1890 02 21 04 48 00 GREE             0     0     0     0 2411419.70000 -19.58  -7.10
d 1890 02 22 04 48 00 GREE             0     0     0     0 2411420.70000 -19.88  -7.12
d 1890 02 23 04 48 00 GREE             0     0     0     0 2411421.70000 -20.17  -7.15
d 1890 02 24 12 00 00 GREE             0     0     0     0 2411423.00000 -20.54  -7.17
d 1890 02 25 09 36 00 GREE             0     0     0     0 2411423.90000 -20.79  -7.19
d 1890 02 26 04 48 00 GREE             0     0     0     0 2411424.70000 -21.01  -7.20
d 1890 02 27 09 36 00 GREE             0     0     0     0 2411425.90000 -21.33  -7.22
d 1890 02 28 09 38 01 GREE             0    15     0    21 2411426.90140 -21.59  -7.23
g 1890 02 28 09 38 01   2116           0    15     0    21 -30.50  24.30  70.80 240.10 0.9400 0 2
s 1890 02 28 09 38 01   2116     1     0    15     0    21 -30.50  24.30  70.80 240.10 0.9400 0 2
d 1890 03 01 07 12 00 GREE             0     0     0     0 2411427.80000 -21.82  -7.24
d 1890 03 02 09 36 00 GREE             0     0     0     0 2411428.90000 -22.09  -7.24
d 1890 03 03 09 36 00 GREE             0     0     0     0 2411429.90000 -22.33  -7.25
d 1890 03 04 12 07 00 GREE            19   173    36   322 2411431.00486 -22.59  -7.25
g 1890 03 04 12 07 00   2117          19   173    36   322  32.70 193.40 -66.00  53.00 0.9630 0 0
s 1890 03 04 12 07 00   2117     1    19   173    36   322  32.70 193.40 -66.00  53.00 0.9630 0 0
d 1890 03 05 10 00 00 GREE            36   260    45   317 2411431.91667 -22.79  -7.25
g 1890 03 05 10 00 00   2117          36   260    45   317  32.70 192.80 -54.70  48.90 0.9120 0 2
s 1890 03 05 10 00 00   2117     1    36   260    45   317  32.70 192.80 -54.70  48.90 0.9120 0 2
d 1890 03 06 03 50 00 GREE            53   327    52   321 2411432.65972 -22.96  -7.25
g 1890 03 06 03 50 00   2117          53   327    52   321  32.80 191.90 -45.70  44.40 0.8600 0 2
s 1890 03 06 03 50 00   2117     1    53   327    52   321  32.80 191.90 -45.70  44.40 0.8600 0 2
d 1890 03 07 08 02 00 GREE            87   352    67   270 2411433.83472 -23.21  -7.24
g 1890 03 07 08 02 00   2117          87   352    67   270  32.40 191.40 -30.80  34.80 0.7570 0 2
s 1890 03 07 08 02 00   2117     1    87   352    67   270  32.40 191.40 -30.80  34.80 0.7570 0 2
d 1890 03 08 07 52 00 GREE            72   358    50   246 2411434.82778 -23.42  -7.24
g 1890 03 08 07 52 00   2117          72   358    50   246  32.50 190.80 -18.30  22.70 0.6850 0 0
s 1890 03 08 07 52 00   2117     1    72   358    50   246  32.50 190.80 -18.30  22.70 0.6850 0 0
d 1890 03 09 12 12 01 GREE            63   295    41   191 2411436.00834 -23.66  -7.23
g 1890 03 09 12 12 01   2117          63   295    41   191  32.80 190.00  -3.50   4.60 0.6340 0 3
s 1890 03 09 12 12 01   2117     1    63   295    41   191  32.80 190.00  -3.50   4.60 0.6340 0 3
d 1890 03 10 03 53 00 GREE            44   303    29   199 2411436.66181 -23.78  -7.22
g 1890 03 10 03 53 00   2117          44   303    29   199  33.00 189.60   4.70 353.90 0.6480 0 3
s 1890 03 10 03 53 00   2117     1    44   303    29   199  33.00 189.60   4.70 353.90 0.6480 0 3
d 1890 03 11 10 37 01 GREE            32   177    23   124 2411437.94237 -24.03  -7.20
g 1890 03 11 10 37 01   2117          32   177    23   124  33.50 188.90  20.80 335.00 0.7000 0 2
s 1890 03 11 10 37 01   2117     1    32   177    23   124  33.50 188.90  20.80 335.00 0.7000 0 2
d 1890 03 12 09 47 01 GREE            30   133    24   111 2411438.90765 -24.20  -7.19
g 1890 03 12 09 47 01   2117          30   127    24   101  33.60 188.20  32.90 324.30 0.7750 0 2
s 1890 03 12 09 47 01   2117     1    30   127    24   101  33.60 188.20  32.90 324.30 0.7750 0 2
g 1890 03 12 09 47 01   2118           0     6     0    10  19.80  87.90 -67.40  66.30 0.9500 0 0
s 1890 03 12 09 47 01   2118     1     0     6     0    10  19.80  87.90 -67.40  66.30 0.9500 0 0
d 1890 03 13 08 47 00 GREE             0    33     0    32 2411439.86597 -24.37  -7.17
g 1890 03 13 08 47 00   2117           0    33     0    32  33.20 187.40  44.80 316.10 0.8500 0 2
s 1890 03 13 08 47 00   2117     1     0    33     0    32  33.20 187.40  44.80 316.10 0.8500 0 2
d 1890 03 14 09 37 00 GREE             0     7     0    10 2411440.90069 -24.54  -7.15
g 1890 03 14 09 37 00   2117           0     7     0    10  33.30 187.10  58.00 310.10 0.9270 0 2
s 1890 03 14 09 37 00   2117     1     0     7     0    10  33.30 187.10  58.00 310.10 0.9270 0 2
d 1890 03 15 12 00 00 GREE             0     0     0     0 2411442.00000 -24.72  -7.12
d 1890 03 16 14 24 00 GREE             0     0     0     0 2411443.10000 -24.89  -7.10
d 1890 03 17 09 36 00 GREE             0     0     0     0 2411443.90000 -25.00  -7.08
d 1890 03 18 12 00 00 GREE             0     0     0     0 2411445.00000 -25.16  -7.04
d 1890 03 19 04 48 00 GREE             0     0     0     0 2411445.70000 -25.25  -7.02
d 1890 03 21 12 00 00 GREE             0     0     0     0 2411448.00000 -25.53  -6.95
d 1890 03 22 12 31 01 GREE             0     9     0     6 2411449.02154 -25.65  -6.91
g 1890 03 22 12 31 01   2119           0     9     0     6  27.00  32.60  10.60 343.50 0.5770 0 2
s 1890 03 22 12 31 01   2119     1     0     9     0     6  27.00  32.60  10.60 343.50 0.5770 0 2
d 1890 03 23 03 07 00 GREE             0     9     0     6 2411449.62986 -25.71  -6.88
g 1890 03 23 03 07 00   2119           0     9     0     6  26.90  34.10  20.20 330.20 0.6190 0 2
s 1890 03 23 03 07 00   2119     1     0     9     0     6  26.90  34.10  20.20 330.20 0.6190 0 2
d 1890 03 24 09 36 00 GREE             0     0     0     0 2411450.90000 -25.84  -6.83
d 1890 03 25 14 24 00 GREE             0     0     0     0 2411452.10000 -25.95  -6.78
d 1890 03 26 12 00 00 GREE             0     0     0     0 2411453.00000 -26.02  -6.74
d 1890 03 27 04 48 00 GREE             0     0     0     0 2411453.70000 -26.08  -6.71
d 1890 03 28 12 00 00 GREE             0     0     0     0 2411455.00000 -26.17  -6.64
d 1890 03 29 09 36 00 GREE             0     0     0     0 2411455.90000 -26.23  -6.60
d 1890 03 30 04 48 00 GREE             0     0     0     0 2411456.70000 -26.27  -6.56
d 1890 03 31 09 36 00 GREE             0     0     0     0 2411457.90000 -26.33  -6.49
d 1890 04 01 09 36 00 GREE             0     0     0     0 2411458.90000 -26.37  -6.43
d 1890 04 02 09 36 00 GREE             0     0     0     0 2411459.90000 -26.41  -6.37
d 1890 04 03 12 00 00 GREE             0     0     0     0 2411461.00000 -26.44  -6.31
d 1890 04 04 09 36 00 GREE             0     0     0     0 2411461.90000 -26.46  -6.25
d 1890 04 05 09 36 00 GREE             0     0     0     0 2411462.90000 -26.47  -6.19
d 1890 04 06 04 48 00 GREE             0     0     0     0 2411463.70000 -26.47  -6.14
d 1890 04 07 04 48 00 GREE             0     0     0     0 2411464.70000 -26.47  -6.07
d 1890 04 08 09 36 00 GREE             0     0     0     0 2411465.90000 -26.46  -5.99
d 1890 04 09 12 00 00 GREE             0     0     0     0 2411467.00000 -26.44  -5.91
d 1890 04 10 07 24 01 GREE             1    10     1     6 2411467.80834 -26.42  -5.85
g 1890 04 10 07 24 01   2120           1    10     1     6  21.10 144.20  10.10 340.00 0.4820 0 0
s 1890 04 10 07 24 01   2120     1     1    10     1     6  21.10 144.20  10.10 340.00 0.4820 0 0
d 1890 04 11 09 38 01 GREE             0    20     0    11 2411468.90140 -26.39  -5.77
g 1890 04 11 09 38 01   2121           0    20     0    11 -25.80 107.10 -12.60 149.40 0.3860 0 2
s 1890 04 11 09 38 01   2121     1     0    20     0    11 -25.80 107.10 -12.60 149.40 0.3860 0 2
d 1890 04 12 09 33 00 GREE            18   132    12    83 2411469.89792 -26.35  -5.69
g 1890 04 12 09 33 00   2121           7    52     4    28 -25.60 105.00  -1.50 175.90 0.3310 0 2
s 1890 04 12 09 33 00   2121     1     7    52     4    28 -25.60 105.00  -1.50 175.90 0.3310 0 2
g 1890 04 12 09 33 00   2122          11    80     8    55  26.30 136.40  29.90 318.80 0.6780 0 1
s 1890 04 12 09 33 00   2122     1    11    80     8    55  26.30 136.40  29.90 318.80 0.6780 0 1
d 1890 04 13 09 20 00 GREE             0    33     0    22 2411470.88889 -26.31  -5.61
g 1890 04 13 09 20 00   2121           0    20     0    11 -25.80 103.50  10.00 205.40 0.3650 0 0
s 1890 04 13 09 20 00   2121     1     0    20     0    11 -25.80 103.50  10.00 205.40 0.3650 0 0
g 1890 04 13 09 20 00   2122           0    13     0    11  25.40 136.90  43.40 307.50 0.7820 0 2
s 1890 04 13 09 20 00   2122     1     0    13     0    11  25.40 136.90  43.40 307.50 0.7820 0 2
d 1890 04 14 09 36 00 GREE             0     0     0     0 2411471.90000 -26.25  -5.53
d 1890 04 15 09 46 00 GREE             0    25     0    17 2411472.90694 -26.19  -5.45
g 1890 04 15 09 46 00   2121           0    25     0    17 -26.90 103.30  36.50 235.20 0.6460 0 2
s 1890 04 15 09 46 00   2121     1     0    25     0    17 -26.90 103.30  36.50 235.20 0.6460 0 2
d 1890 04 16 12 18 01 GREE             0    17     0    14 2411474.01251 -26.11  -5.36
g 1890 04 16 12 18 01   2121           0    17     0    14 -27.00 101.50  49.30 240.10 0.7790 0 0
s 1890 04 16 12 18 01   2121     1     0    17     0    14 -27.00 101.50  49.30 240.10 0.7790 0 0
d 1890 04 17 07 45 00 GREE             0     1     1     2 2411474.82292 -26.05  -5.29
g 1890 04 17 07 45 00   2121           0     1     1     2 -26.40 101.40  59.90 243.10 0.8690 0 0
s 1890 04 17 07 45 00   2121     1     0     1     1     2 -26.40 101.40  59.90 243.10 0.8690 0 0
d 1890 04 18 07 12 00 GREE             0     0     0     0 2411475.80000 -25.97  -5.21
d 1890 04 19 04 48 00 GREE             0     0     0     0 2411476.70000 -25.89  -5.13
d 1890 04 20 04 48 00 GREE             0     0     0     0 2411477.70000 -25.80  -5.05
d 1890 04 21 09 36 00 GREE             0     0     0     0 2411478.90000 -25.67  -4.94
d 1890 04 22 12 00 00 GREE             0     0     0     0 2411480.00000 -25.55  -4.84
d 1890 04 23 09 36 00 GREE             0     0     0     0 2411480.90000 -25.44  -4.75
d 1890 04 24 07 12 00 GREE             0     0     0     0 2411481.80000 -25.32  -4.67
d 1890 04 25 04 48 00 GREE             0     0     0     0 2411482.70000 -25.20  -4.59
d 1890 04 26 09 36 00 GREE             0     0     0     0 2411483.90000 -25.04  -4.47
d 1890 04 27 04 48 00 GREE             0     0     0     0 2411484.70000 -24.92  -4.39
d 1890 04 28 11 13 01 GREE             3    11     2     7 2411485.96737 -24.72  -4.27
g 1890 04 28 11 13 01   2123           3    11     2     7  25.70 234.20 -20.00  32.30 0.5770 0 0
s 1890 04 28 11 13 01   2123     1     3    11     2     7  25.70 234.20 -20.00  32.30 0.5770 0 0
d 1890 04 29 09 36 00 GREE             8    85     5    50 2411486.90000 -24.57  -4.17
g 1890 04 29 09 36 00   2123           8    85     5    50  26.00 234.00  -7.90  13.80 0.5170 0 2
s 1890 04 29 09 36 00   2123     1     8    85     5    50  26.00 234.00  -7.90  13.80 0.5170 0 2
d 1890 04 30 05 28 00 GREE             0    96     0    56 2411487.72778 -24.42  -4.09
g 1890 04 30 05 28 00   2123           0    96     0    56  26.20 233.20   2.20 356.10 0.5010 0 0
s 1890 04 30 05 28 00   2123     1     0    96     0    56  26.20 233.20   2.20 356.10 0.5010 0 0
d 1890 05 01 09 25 01 GREE             0    52     0    32 2411488.89237 -24.22  -3.97
g 1890 05 01 09 25 01   2123           0    52     0    32  26.60 234.10  18.50 330.20 0.5710 0 0
s 1890 05 01 09 25 01   2123     1     0    52     0    32  26.60 234.10  18.50 330.20 0.5710 0 0
d 1890 05 02 09 36 00 GREE             0     0     0     0 2411489.90000 -24.03  -3.87
d 1890 05 03 09 36 00 GREE             0     0     0     0 2411490.90000 -23.84  -3.76
d 1890 05 04 04 48 00 GREE             0     0     0     0 2411491.70000 -23.68  -3.68
d 1890 05 05 12 00 00 GREE             0     0     0     0 2411493.00000 -23.41  -3.54
d 1890 05 06 14 24 00 GREE             0     0     0     0 2411494.10000 -23.17  -3.42
d 1890 05 07 04 48 00 GREE             0     0     0     0 2411494.70000 -23.04  -3.36
d 1890 05 08 05 35 01 GREE             0     3     0     6 2411495.73265 -22.81  -3.25
g 1890 05 08 05 35 01   2124           0     3     0     6 -29.50  52.80 -72.40 120.20 0.9600 0 0
s 1890 05 08 05 35 01   2124     1     0     3     0     6 -29.50  52.80 -72.40 120.20 0.9600 0 0
d 1890 05 09 04 50 01 GREE             6    31     7    32 2411496.70140 -22.58  -3.14
g 1890 05 09 04 50 01   2124           6    31     7    32 -28.20  54.60 -57.70 121.30 0.8720 0 2
s 1890 05 09 04 50 01   2124     1     6    31     7    32 -28.20  54.60 -57.70 121.30 0.8720 0 2
d 1890 05 10 10 43 01 GREE            28   147    21   110 2411497.94654 -22.28  -3.00
g 1890 05 10 10 43 01   2124          28   147    21   110 -28.00  53.50 -42.40 126.60 0.7420 0 4
s 1890 05 10 10 43 01   2124     1    28   147    21   110 -28.00  53.50 -42.40 126.60 0.7420 0 4
d 1890 05 11 13 22 00 GREE            42   233    27   154 2411499.05694 -22.00  -2.88
g 1890 05 11 13 22 00   2124          39   197    24   120 -27.40  55.10 -26.20 136.60 0.5710 0 4
s 1890 05 11 13 22 00   2124     1    39   197    24   120 -27.40  55.10 -26.20 136.60 0.5710 0 4
g 1890 05 11 13 22 00   2125           3    36     3    34  22.00 135.30  54.00 298.40 0.8520 0 2
s 1890 05 11 13 22 00   2125     1     3    36     3    34  22.00 135.30  54.00 298.40 0.8520 0 2
d 1890 05 12 12 33 00 GREE            24   123    14    70 2411500.02292 -21.75  -2.77
g 1890 05 12 12 33 00   2124          24   123    14    70 -27.80  54.40 -14.00 152.70 0.4670 0 4
s 1890 05 12 12 33 00   2124     1    24   123    14    70 -27.80  54.40 -14.00 152.70 0.4670 0 4
d 1890 05 13 14 02 00 GREE             5    43     3    24 2411501.08472 -21.47  -2.65
g 1890 05 13 14 02 00   2124           5    43     3    24 -27.30  55.50   1.10 182.40 0.4130 0 4
s 1890 05 13 14 02 00   2124     1     5    43     3    24 -27.30  55.50   1.10 182.40 0.4130 0 4
d 1890 05 14 09 36 00 GREE             0     0     0     0 2411501.90000 -21.25  -2.56
d 1890 05 15 09 36 00 GREE             0     0     0     0 2411502.90000 -20.98  -2.44
d 1890 05 16 09 33 00 GREE             0     4     0    16 2411503.89792 -20.70  -2.33
g 1890 05 16 09 33 00   2126           0     4     0    16  20.10 295.90 -81.20  69.40 0.9920 0 0
s 1890 05 16 09 33 00   2126     1     0     4     0    16  20.10 295.90 -81.20  69.40 0.9920 0 0
d 1890 05 16 09 36 00 GREE             0     0     0     0 2411503.90000 -20.70  -2.33
d 1890 05 17 09 57 01 GREE             5    71     3    64 2411504.91459 -20.40  -2.21
g 1890 05 17 09 57 01   2124           0     9     0     9 -26.70  58.00  54.30 239.60 0.8410 0 2
s 1890 05 17 09 57 01   2124     1     0     9     0     9 -26.70  58.00  54.30 239.60 0.8410 0 2
g 1890 05 17 09 57 01   2126           0    20     0    30  20.20 296.00 -67.70  67.60 0.9390 0 0
s 1890 05 17 09 57 01   2126     1     0    20     0    30  20.20 296.00 -67.70  67.60 0.9390 0 0
g 1890 05 17 09 57 01   2127           5    42     3    25 -33.30  10.50   6.80 191.00 0.5200 0 5
s 1890 05 17 09 57 01   2127     1     5    42     3    25 -33.30  10.50   6.80 191.00 0.5200 0 5
d 1890 05 18 12 01 00 GREE             8   104     5    69 2411506.00069 -20.08  -2.09
g 1890 05 18 12 01 00   2126           0    11     0    11  20.40 295.50 -53.90  63.70 0.8450 0 0
s 1890 05 18 12 01 00   2126     1     0    11     0    11  20.40 295.50 -53.90  63.70 0.8450 0 0
g 1890 05 18 12 01 00   2127           8    93     5    58 -33.80   9.10  19.70 208.50 0.5870 0 5
s 1890 05 18 12 01 00   2127     1     8    93     5    58 -33.80   9.10  19.70 208.50 0.5870 0 5
d 1890 05 19 14 25 00 GREE            12    51     9    37 2411507.10069 -19.75  -1.96
g 1890 05 19 14 25 00   2126           5    16     4    12  20.50 295.20 -39.70  57.90 0.7060 0 0
s 1890 05 19 14 25 00   2126     1     5    16     4    12  20.50 295.20 -39.70  57.90 0.7060 0 0
g 1890 05 19 14 25 00   2127           7    35     5    25 -34.40   8.20  33.30 220.30 0.7010 0 5
s 1890 05 19 14 25 00   2127     1     7    35     5    25 -34.40   8.20  33.30 220.30 0.7010 0 5
d 1890 05 20 11 28 00 GREE             9    49     8    36 2411507.97778 -19.48  -1.86
g 1890 05 20 11 28 00   2126           1    11     1     7  20.40 295.70 -27.50  48.60 0.5770 0 0
s 1890 05 20 11 28 00   2126     1     1    11     1     7  20.40 295.70 -27.50  48.60 0.5770 0 0
g 1890 05 20 11 28 00   2127           7    24     6    20 -34.30   7.10  43.90 226.60 0.7880 0 0
s 1890 05 20 11 28 00   2127     1     7    24     6    20 -34.30   7.10  43.90 226.60 0.7880 0 0
g 1890 05 20 11 28 00   2128           1    14     1     9 -10.90 357.00  33.80 254.50 0.5670 0 2
s 1890 05 20 11 28 00   2128     1     1    14     1     9 -10.90 357.00  33.80 254.50 0.5670 0 2
d 1890 05 21 13 30 01 GREE             1    27     1    21 2411509.06251 -19.14  -1.73
g 1890 05 21 13 30 01   2126           1    12     1     7  20.50 296.00 -12.90  29.50 0.4250 0 0
s 1890 05 21 13 30 01   2126     1     1    12     1     7  20.50 296.00 -12.90  29.50 0.4250 0 0
g 1890 05 21 13 30 01   2127           0     4     0     5 -34.50   6.00  57.10 231.50 0.8840 0 0
s 1890 05 21 13 30 01   2127     1     0     4     0     5 -34.50   6.00  57.10 231.50 0.8840 0 0
g 1890 05 21 13 30 01   2128           0    11     0     9  -8.90 359.70  50.80 259.90 0.7690 0 0
s 1890 05 21 13 30 01   2128     1     0    11     0     9  -8.90 359.70  50.80 259.90 0.7690 0 0
d 1890 05 22 10 22 00 GREE             0    12     0    10 2411509.93194 -18.86  -1.63
g 1890 05 22 10 22 00   2126           0    10     0     6  22.60 294.80  -2.60   6.00 0.4040 0 2
s 1890 05 22 10 22 00   2126     1     0    10     0     6  22.60 294.80  -2.60   6.00 0.4040 0 2
g 1890 05 22 10 22 00   2127           0     2     0     4 -33.70   5.00  67.60 234.70 0.9420 0 0
s 1890 05 22 10 22 00   2127     1     0     2     0     4 -33.70   5.00  67.60 234.70 0.9420 0 0
d 1890 05 23 09 24 00 GREE             0     7     0     4 2411510.89167 -18.55  -1.51
g 1890 05 23 09 24 00   2126           0     7     0     4  20.50 290.70   6.10 344.70 0.3770 0 0
s 1890 05 23 09 24 00   2126     1     0     7     0     4  20.50 290.70   6.10 344.70 0.3770 0 0
d 1890 05 24 09 36 00 GREE             0     5     0     3 2411511.90000 -18.21  -1.39
g 1890 05 24 09 36 00   2126           0     5     0     3  20.90 290.70  19.40 318.90 0.4720 0 0
s 1890 05 24 09 36 00   2126     1     0     5     0     3  20.90 290.70  19.40 318.90 0.4720 0 0
d 1890 05 25 09 36 00 GREE             0     0     0     0 2411512.90000 -17.87  -1.27
d 1890 05 26 04 48 00 GREE             0     0     0     0 2411513.70000 -17.60  -1.18
d 1890 05 27 12 00 00 GREE             0     0     0     0 2411515.00000 -17.15  -1.02
d 1890 05 28 12 00 00 GREE             0     0     0     0 2411516.00000 -16.79  -0.90
d 1890 05 29 12 00 00 GREE             0     0     0     0 2411517.00000 -16.43  -0.78
d 1890 05 30 10 33 01 GREE             0     3     0     3 2411517.93959 -16.09  -0.67
g 1890 05 30 10 33 01   2129           0     3     0     3  24.40 248.30  56.90 298.70 0.8720 0 0
s 1890 05 30 10 33 01   2129     1     0     3     0     3  24.40 248.30  56.90 298.70 0.8720 0 0
d 1890 05 31 09 36 00 GREE             0     0     0     0 2411518.90000 -15.73  -0.55
d 1890 06 01 12 00 00 GREE             0     0     0     0 2411520.00000 -15.32  -0.42
d 1890 06 02 14 24 00 GREE             0     0     0     0 2411521.10000 -14.90  -0.29
d 1890 06 03 14 24 00 GREE             0     0     0     0 2411522.10000 -14.52  -0.17
d 1890 06 04 04 48 00 GREE             0     0     0     0 2411522.70000 -14.28  -0.09
d 1890 06 05 11 28 00 GREE             0    24     0    14 2411523.97778 -13.78   0.06
g 1890 06 05 11 28 00   2130           0    24     0    14 -24.80 126.60  15.10 210.40 0.4680 0 9
s 1890 06 05 11 28 00   2130     1     0    24     0    14 -24.80 126.60  15.10 210.40 0.4680 0 9
d 1890 06 06 05 41 00 GREE             0    50     0    29 2411524.73681 -13.48   0.15
g 1890 06 06 05 41 00   2130           0    50     0    29 -25.10 127.40  25.90 222.90 0.5820 0 8
s 1890 06 06 05 41 00   2130     1     0    50     0    29 -25.10 127.40  25.90 222.90 0.5820 0 8
d 1890 06 07 10 48 00 GREE            43   143    32   105 2411525.95000 -12.99   0.30
g 1890 06 07 10 48 00   2130          43   143    32   105 -24.90 127.70  42.30 236.50 0.7320 0 2
s 1890 06 07 10 48 00   2130     1    43   143    32   105 -24.90 127.70  42.30 236.50 0.7320 0 2
d 1890 06 08 05 57 00 GREE            21    99    20    94 2411526.74792 -12.67   0.39
g 1890 06 08 05 57 00   2130          21    99    20    94 -24.70 129.00  54.20 240.50 0.8470 0 3
s 1890 06 08 05 57 00   2130     1    21    99    20    94 -24.70 129.00  54.20 240.50 0.8470 0 3
d 1890 06 09 09 36 00 GREE             0    14     0    21 2411527.90000 -12.19   0.53
g 1890 06 09 09 36 00   2130           0    14     0    21 -24.70 127.00  67.40 243.40 0.9380 0 2
s 1890 06 09 09 36 00   2130     1     0    14     0    21 -24.70 127.00  67.40 243.40 0.9380 0 2
d 1890 06 10 10 07 01 GREE             2    19     2    15 2411528.92154 -11.77   0.66
g 1890 06 10 10 07 01   2131           2    19     2    15 -25.90   4.10 -41.90 126.50 0.7460 0 2
s 1890 06 10 10 07 01   2131     1     2    19     2    15 -25.90   4.10 -41.90 126.50 0.7460 0 2
d 1890 06 11 09 36 00 GREE             0     0     0     0 2411529.90000 -11.36   0.77
d 1890 06 12 04 48 00 GREE             0     0     0     0 2411530.70000 -11.03   0.87
d 1890 06 13 04 48 00 GREE             0     0     0     0 2411531.70000 -10.60   0.99
d 1890 06 14 07 12 00 GREE             0     0     0     0 2411532.80000 -10.13   1.12
d 1890 06 15 09 36 00 GREE             0     0     0     0 2411533.90000  -9.66   1.25
d 1890 06 16 09 36 00 GREE             0     0     0     0 2411534.90000  -9.23   1.37
d 1890 06 17 07 12 00 GREE             0     0     0     0 2411535.80000  -8.83   1.48
d 1890 06 18 09 36 00 GREE             0     0     0     0 2411536.90000  -8.35   1.60
d 1890 06 19 09 36 00 GREE             0     0     0     0 2411537.90000  -7.91   1.72
d 1890 06 20 09 36 00 GREE             0     0     0     0 2411538.90000  -7.47   1.84
d 1890 06 21 04 48 00 GREE             0     0     0     0 2411539.70000  -7.11   1.93
d 1890 06 22 09 36 00 GREE             0     0     0     0 2411540.90000  -6.57   2.07
d 1890 06 23 12 00 00 GREE             0     0     0     0 2411542.00000  -6.08   2.20
d 1890 06 24 12 00 00 GREE             0     0     0     0 2411543.00000  -5.63   2.31
d 1890 06 25 12 00 00 GREE             0     0     0     0 2411544.00000  -5.18   2.43
d 1890 06 26 07 12 00 GREE             0     0     0     0 2411544.80000  -4.82   2.52
d 1890 06 27 12 00 00 GREE             0     0     0     0 2411546.00000  -4.27   2.65
d 1890 06 28 12 00 00 GREE             0     0     0     0 2411547.00000  -3.82   2.76
d 1890 06 29 07 12 00 GREE             0     0     0     0 2411547.80000  -3.45   2.85
d 1890 06 30 14 24 00 GREE             0     0     0     0 2411549.10000  -2.86   2.99
d 1890 07 01 12 00 00 GREE             0     0     0     0 2411550.00000  -2.45   3.09
d 1890 07 02 04 48 00 GREE             0     0     0     0 2411550.70000  -2.13   3.17
d 1890 07 03 09 36 00 GREE             0     0     0     0 2411551.90000  -1.58   3.30
d 1890 07 04 09 21 01 GREE             0    19     0   111 2411552.88959  -1.13   3.40
g 1890 07 04 09 21 01   2132           0    19     0   111 -23.30   6.80 -82.00 114.10 0.9960 0 0
s 1890 07 04 09 21 01   2132     1     0    19     0   111 -23.30   6.80 -82.00 114.10 0.9960 0 0
d 1890 07 05 10 19 00 GREE            30   204    53   360 2411553.92986  -0.65   3.51
g 1890 07 05 10 19 00   2132          30   204    53   360 -25.20   5.60 -69.40 118.00 0.9590 0 8
s 1890 07 05 10 19 00   2132     1    30   204    53   360 -25.20   5.60 -69.40 118.00 0.9590 0 8
d 1890 07 06 06 15 01 GREE            71   293    80   330 2411554.76043  -0.27   3.60
g 1890 07 06 06 15 01   2132          71   293    80   330 -24.20   5.30 -58.70 119.60 0.8960 0 8
s 1890 07 06 06 15 01   2132     1    71   293    80   330 -24.20   5.30 -58.70 119.60 0.8960 0 8
d 1890 07 07 11 08 00 GREE            50   413    40   323 2411555.96389   0.28   3.73
g 1890 07 07 11 08 00   2132          50   388    40   307 -23.80   4.70 -43.40 125.70 0.7740 0 8
s 1890 07 07 11 08 00   2132     1    50   388    40   307 -23.80   4.70 -43.40 125.70 0.7740 0 8
g 1890 07 07 11 08 00   2133           0    25     0    16 -20.40  20.10 -28.00 132.20 0.5940 0 2
s 1890 07 07 11 08 00   2133     1     0    25     0    16 -20.40  20.10 -28.00 132.20 0.5940 0 2
d 1890 07 08 12 33 00 GREE            70   462    46   301 2411557.02292   0.76   3.84
g 1890 07 08 12 33 00   2132          63   427    42   281 -23.60   3.40 -30.70 134.00 0.6500 0 8
s 1890 07 08 12 33 00   2132     1    63   427    42   281 -23.60   3.40 -30.70 134.00 0.6500 0 8
g 1890 07 08 12 33 00   2133           7    35     4    20 -21.30  21.60 -12.50 154.60 0.4700 0 1
s 1890 07 08 12 33 00   2133     1     7    35     4    20 -21.30  21.60 -12.50 154.60 0.4700 0 1
d 1890 07 09 04 24 01 GREE            83   389    50   236 2411557.68334   1.06   3.90
g 1890 07 09 04 24 01   2132          69   359    42   219 -23.40   3.00 -22.40 142.20 0.5700 0 8
s 1890 07 09 04 24 01   2132     1    69   359    42   219 -23.40   3.00 -22.40 142.20 0.5700 0 8
g 1890 07 09 04 24 01   2133          14    30     8    17 -21.20  23.20  -2.20 175.20 0.4240 0 1
s 1890 07 09 04 24 01   2133     1    14    30     8    17 -21.20  23.20  -2.20 175.20 0.4240 0 1
d 1890 07 10 11 13 01 GREE            50   324    29   185 2411558.96737   1.64   4.03
g 1890 07 10 11 13 01   2132          19   114    11    65 -23.60 359.40  -8.90 162.70 0.4780 0 9
s 1890 07 10 11 13 01   2132     1    19   114    11    65 -23.60 359.40  -8.90 162.70 0.4780 0 9
g 1890 07 10 11 13 01   2133          31   210    18   120 -21.90  23.10  14.80 209.30 0.4840 0 1
s 1890 07 10 11 13 01   2133     1    31   210    18   120 -21.90  23.10  14.80 209.30 0.4840 0 1
d 1890 07 11 15 12 01 GREE            33   207    22   131 2411560.13334   2.17   4.15
g 1890 07 11 15 12 01   2132           0    44     0    25 -23.90   0.70   7.80 195.30 0.4710 0 9
s 1890 07 11 15 12 01   2132     1     0    44     0    25 -23.90   0.70   7.80 195.30 0.4710 0 9
g 1890 07 11 15 12 01   2133          33   163    22   106 -21.60  24.10  31.20 229.10 0.6370 0 1
s 1890 07 11 15 12 01   2133     1    33   163    22   106 -21.60  24.10  31.20 229.10 0.6370 0 1
d 1890 07 12 10 56 01 GREE            20    77    15    58 2411560.95557   2.54   4.23
g 1890 07 12 10 56 01   2133          20    77    15    58 -20.70  24.60  42.50 238.50 0.7410 0 1
s 1890 07 12 10 56 01   2133     1    20    77    15    58 -20.70  24.60  42.50 238.50 0.7410 0 1
d 1890 07 13 12 33 00 GREE            18    94    19    96 2411562.02292   3.02   4.33
g 1890 07 13 12 33 00   2133          18    94    19    96 -21.10  24.60  56.70 243.50 0.8710 0 1
s 1890 07 13 12 33 00   2133     1    18    94    19    96 -21.10  24.60  56.70 243.50 0.8710 0 1
d 1890 07 14 10 19 00 GREE             6    73    10   115 2411562.92986   3.43   4.42
g 1890 07 14 10 19 00   2133           6    73    10   115 -20.80  24.10  68.20 246.40 0.9470 0 1
s 1890 07 14 10 19 00   2133     1     6    73    10   115 -20.80  24.10  68.20 246.40 0.9470 0 1
d 1890 07 15 09 36 00 GREE             0     0     0     0 2411563.90000   3.86   4.51
d 1890 07 16 07 12 00 GREE             0     0     0     0 2411564.80000   4.26   4.60
d 1890 07 17 07 12 00 GREE             0     0     0     0 2411565.80000   4.70   4.69
d 1890 07 18 09 36 00 GREE             0     0     0     0 2411566.90000   5.19   4.79
d 1890 07 19 12 00 00 GREE             0     0     0     0 2411568.00000   5.67   4.89
d 1890 07 20 14 24 00 GREE             0     0     0     0 2411569.10000   6.15   4.99
d 1890 07 21 14 24 00 GREE             0     0     0     0 2411570.10000   6.59   5.07
d 1890 07 22 14 11 00 GREE             8    67    30   229 2411571.09097   7.01   5.16
g 1890 07 22 14 11 00   2134           0     2     0     6 -34.80 139.40 -68.60 127.90 0.9690 0 0
s 1890 07 22 14 11 00   2134     1     0     2     0     6 -34.80 139.40 -68.60 127.90 0.9690 0 0
g 1890 07 22 14 11 00   2135           8    65    30   223  -6.90 127.80 -80.20  98.40 0.9890 0 5
s 1890 07 22 14 11 00   2135     1     8    65    30   223  -6.90 127.80 -80.20  98.40 0.9890 0 5
d 1890 07 23 11 25 00 GREE            23   155    35   228 2411571.97569   7.39   5.23
g 1890 07 23 11 25 00   2134           0     7     1    10 -34.40 137.70 -58.50 130.80 0.9290 0 2
s 1890 07 23 11 25 00   2134     1     0     7     1    10 -34.40 137.70 -58.50 130.80 0.9290 0 2
g 1890 07 23 11 25 00   2135          23   148    34   218  -6.90 127.90 -68.30 101.10 0.9400 0 5
s 1890 07 23 11 25 00   2135     1    23   148    34   218  -6.90 127.90 -68.30 101.10 0.9400 0 5
d 1890 07 24 11 41 00 GREE            36   224    34   207 2411572.98681   7.82   5.32
g 1890 07 24 11 41 00   2135          36   224    34   207  -7.00 127.90 -55.00 104.60 0.8400 0 5
s 1890 07 24 11 41 00   2135     1    36   224    34   207  -7.00 127.90 -55.00 104.60 0.8400 0 5
d 1890 07 25 09 27 00 GREE            38   251    27   176 2411573.89375   8.21   5.39
g 1890 07 25 09 27 00   2135          38   251    27   176  -6.70 128.80 -42.10 107.70 0.6990 0 5
s 1890 07 25 09 27 00   2135     1    38   251    27   176  -6.70 128.80 -42.10 107.70 0.6990 0 5
d 1890 07 26 10 58 00 GREE            47   296    28   173 2411574.95694   8.66   5.48
g 1890 07 26 10 58 00   2135          47   296    28   173  -6.60 128.50 -28.40 113.70 0.5160 0 5
s 1890 07 26 10 58 00   2135     1    47   296    28   173  -6.60 128.50 -28.40 113.70 0.5160 0 5
d 1890 07 27 08 41 00 GREE            41   299    22   160 2411575.86181   9.03   5.55
g 1890 07 27 08 41 00   2135          41   299    22   160  -6.40 128.30 -16.50 125.80 0.3480 0 5
s 1890 07 27 08 41 00   2135     1    41   299    22   160  -6.40 128.30 -16.50 125.80 0.3480 0 5
d 1890 07 28 09 47 01 GREE            41   297    46   274 2411576.90765   9.47   5.63
g 1890 07 28 09 47 01   2135          31   244    16   125  -6.30 128.70  -2.30 169.00 0.2090 0 5
s 1890 07 28 09 47 01   2135     1    31   244    16   125  -6.30 128.70  -2.30 169.00 0.2090 0 5
g 1890 07 28 09 47 01   2136          10    53    30   149  18.50  50.30 -80.70  72.00 0.9840 0 0
s 1890 07 28 09 47 01   2136     1    10    53    30   149  18.50  50.30 -80.70  72.00 0.9840 0 0
d 1890 07 29 09 33 00 GREE            68   395    58   323 2411577.89792   9.87   5.70
g 1890 07 29 09 33 00   2135          45   252    23   128  -6.20 128.50  10.60 222.00 0.2470 0 5
s 1890 07 29 09 33 00   2135     1    45   252    23   128  -6.20 128.50  10.60 222.00 0.2470 0 5
g 1890 07 29 09 33 00   2136          21   105    33   163  18.50  50.50 -67.40  67.70 0.9460 0 0
s 1890 07 29 09 33 00   2136     1    21   105    33   163  18.50  50.50 -67.40  67.70 0.9460 0 0
g 1890 07 29 09 33 00   2137           2    38     2    32 -21.70  65.30 -52.60 119.70 0.8540 0 3
s 1890 07 29 09 33 00   2137     1     2    38     2    32 -21.70  65.30 -52.60 119.70 0.8540 0 3
d 1890 07 31 04 26 00 GREE            44   257    31   179 2411579.68472  10.60   5.83
g 1890 07 31 04 26 00   2135           6    27     4    17  -5.50 129.80  35.60 253.10 0.5940 0 5
s 1890 07 31 04 26 00   2135     1     6    27     4    17  -5.50 129.80  35.60 253.10 0.5940 0 5
g 1890 07 31 04 26 00   2136          38   230    27   162  18.30  50.30 -43.90  69.20 0.7040 0 0
s 1890 07 31 04 26 00   2136     1    38   230    27   162  18.30  50.30 -43.90  69.20 0.7040 0 0
d 1890 08 01 10 13 00 GREE            50   281    29   163 2411580.92569  11.10   5.92
g 1890 08 01 10 13 00   2135           0     4     0     4  -5.80 130.10  52.20 259.30 0.8000 0 5
s 1890 08 01 10 13 00   2135     1     0     4     0     4  -5.80 130.10  52.20 259.30 0.8000 0 5
g 1890 08 01 10 13 00   2136          50   234    29   134  18.40  51.00 -26.90  62.70 0.4830 0 1
s 1890 08 01 10 13 00   2136     1    50   234    29   134  18.40  51.00 -26.90  62.70 0.4830 0 1
g 1890 08 01 10 13 00   2137           0    43     0    25 -22.80  73.40  -4.50 171.30 0.4760 0 8
s 1890 08 01 10 13 00   2137     1     0    43     0    25 -22.80  73.40  -4.50 171.30 0.4760 0 8
d 1890 08 02 04 23 01 GREE            49   298    27   161 2411581.68265  11.40   5.97
g 1890 08 02 04 23 01   2136          46   256    25   137  18.20  51.20 -16.60  51.50 0.3470 0 0
s 1890 08 02 04 23 01   2136     1    46   256    25   137  18.20  51.20 -16.60  51.50 0.3470 0 0
g 1890 08 02 04 23 01   2137           3    42     2    24 -21.10  74.10   6.30 192.70 0.4640 0 8
s 1890 08 02 04 23 01   2137     1     3    42     2    24 -21.10  74.10   6.30 192.70 0.4640 0 8
d 1890 08 03 10 50 01 GREE            43   240    22   123 2411582.95140  11.90   6.06
g 1890 08 03 10 50 01   2136          43   240    22   123  18.00  51.90   0.90 355.80 0.2060 0 0
s 1890 08 03 10 50 01   2136     1    43   240    22   123  18.00  51.90   0.90 355.80 0.2060 0 0
d 1890 08 04 13 56 01 GREE            30   132    16    70 2411584.08057  12.34   6.13
g 1890 08 04 13 56 01   2136          30   132    16    70  17.50  52.10  16.00 305.80 0.3240 0 0
s 1890 08 04 13 56 01   2136     1    30   132    16    70  17.50  52.10  16.00 305.80 0.3240 0 0
d 1890 08 05 11 00 01 GREE            12   108     7    63 2411584.95834  12.68   6.19
g 1890 08 05 11 00 01   2136          12    70     7    40  17.40  52.20  27.70 293.60 0.4840 0 9
s 1890 08 05 11 00 01   2136     1    12    70     7    40  17.40  52.20  27.70 293.60 0.4840 0 9
g 1890 08 05 11 00 01   2138           0    38     0    23 -21.10   6.60 -17.90 147.90 0.5400 0 2
s 1890 08 05 11 00 01   2138     1     0    38     0    23 -21.10   6.60 -17.90 147.90 0.5400 0 2
d 1890 08 06 09 36 00 GREE            23   102    14    60 2411585.90000  13.04   6.25
g 1890 08 06 09 36 00   2136           6    24     4    16  17.50  52.20  40.10 288.60 0.6480 0 9
s 1890 08 06 09 36 00   2136     1     6    24     4    16  17.50  52.20  40.10 288.60 0.6480 0 9
g 1890 08 06 09 36 00   2138          17    78    10    44 -20.70   6.40  -5.70 168.20 0.4540 0 3
s 1890 08 06 09 36 00   2138     1    17    78    10    44 -20.70   6.40  -5.70 168.20 0.4540 0 3
d 1890 08 07 14 12 00 GREE             0    58     0    33 2411587.09167  13.49   6.32
g 1890 08 07 14 12 00   2138           0    58     0    33 -20.10   5.70   9.40 199.30 0.4640 0 3
s 1890 08 07 14 12 00   2138     1     0    58     0    33 -20.10   5.70   9.40 199.30 0.4640 0 3
d 1890 08 08 09 36 00 GREE             0     0     0     0 2411587.90000  13.79   6.37
d 1890 08 09 12 00 00 GREE             0     0     0     0 2411589.00000  14.20   6.43
d 1890 08 10 14 24 00 GREE             0     0     0     0 2411590.10000  14.60   6.49
d 1890 08 11 12 01 00 GREE             1    15     1    10 2411591.00069  14.92   6.54
g 1890 08 11 12 01 00   2139           1    15     1    10  26.90 343.40  38.70 303.50 0.6710 0 2
s 1890 08 11 12 01 00   2139     1     1    15     1    10  26.90 343.40  38.70 303.50 0.6710 0 2
d 1890 08 12 04 48 00 GREE             0     0     0     0 2411591.70000  15.17   6.58
d 1890 08 13 09 36 00 GREE             0     0     0     0 2411592.90000  15.59   6.64
d 1890 08 14 12 00 00 GREE             0     0     0     0 2411594.00000  15.98   6.69
d 1890 08 15 12 00 00 GREE             0     0     0     0 2411595.00000  16.32   6.74
d 1890 08 16 12 00 00 GREE             0     0     0     0 2411596.00000  16.66   6.78
d 1890 08 17 12 00 00 GREE             0     0     0     0 2411597.00000  16.99   6.82
d 1890 08 18 09 36 00 GREE             0     0     0     0 2411597.90000  17.28   6.86
d 1890 08 19 04 48 00 GREE             0     0     0     0 2411598.70000  17.54   6.89
d 1890 08 20 09 36 00 GREE             0     0     0     0 2411599.90000  17.93   6.93
d 1890 08 21 04 48 00 GREE             0     0     0     0 2411600.70000  18.18   6.96
d 1890 08 22 09 36 00 GREE             0     0     0     0 2411601.90000  18.55   7.00
d 1890 08 23 12 00 00 GREE             0     0     0     0 2411603.00000  18.88   7.03
d 1890 08 24 11 29 01 GREE             6    36     4    22 2411603.97848  19.18   7.06
g 1890 08 24 11 29 01   2140           6    36     4    22 -21.00 151.20  18.00 211.90 0.5460 0 2
s 1890 08 24 11 29 01   2140     1     6    36     4    22 -21.00 151.20  18.00 211.90 0.5460 0 2
d 1890 08 25 09 38 01 GREE             9    68    21    91 2411604.90140  19.45   7.09
g 1890 08 25 09 38 01   2140           0    37     0    25 -21.10 151.80  30.80 227.10 0.6520 0 2
s 1890 08 25 09 38 01   2140     1     0    37     0    25 -21.10 151.80  30.80 227.10 0.6520 0 2
g 1890 08 25 09 38 01   2141           9    31    21    66  20.50  43.20 -77.80  70.40 0.9720 0 2
s 1890 08 25 09 38 01   2141     1     9    31    21    66  20.50  43.20 -77.80  70.40 0.9720 0 2
d 1890 08 26 09 51 01 GREE            27   135    35   171 2411605.91043  19.74   7.11
g 1890 08 26 09 51 01   2141          27   135    35   171  20.90  40.60 -67.10  69.60 0.9180 0 2
s 1890 08 26 09 51 01   2141     1    27   135    35   171  20.90  40.60 -67.10  69.60 0.9180 0 2
d 1890 08 27 14 11 00 GREE            96   641    82   548 2411607.09097  20.07   7.14
g 1890 08 27 14 11 00   2140           0    11     0    13 -20.70 150.20  58.20 243.00 0.8920 0 0
s 1890 08 27 14 11 00   2140     1     0    11     0    13 -20.70 150.20  58.20 243.00 0.8920 0 0
g 1890 08 27 14 11 00   2141          96   630    82   535  21.70  38.00 -54.00  68.50 0.8080 0 6
s 1890 08 27 14 11 00   2141     1    96   630    82   535  21.70  38.00 -54.00  68.50 0.8080 0 6
d 1890 08 28 09 36 00 GREE           151  1040   107   758 2411607.90000  20.29   7.16
g 1890 08 28 09 36 00   2140           0    15     0    34 -20.40 154.50  73.20 247.40 0.9720 0 2
s 1890 08 28 09 36 00   2140     1     0    15     0    34 -20.40 154.50  73.20 247.40 0.9720 0 2
g 1890 08 28 09 36 00   2141         151  1025   107   724  21.40  37.90 -43.40  65.00 0.7060 0 6
s 1890 08 28 09 36 00   2141     1   151  1025   107   724  21.40  37.90 -43.40  65.00 0.7060 0 6
d 1890 08 29 10 16 00 GREE           206  1421   123   845 2411608.92778  20.57   7.17
g 1890 08 29 10 16 00   2141         206  1421   123   845  21.50  37.70 -30.00  59.30 0.5410 0 6
s 1890 08 29 10 16 00   2141     1   206  1421   123   845  21.50  37.70 -30.00  59.30 0.5410 0 6
d 1890 08 30 09 38 01 GREE           243  1614   131   867 2411609.90140  20.83   7.19
g 1890 08 30 09 38 01   2141         243  1614   131   867  21.50  38.40 -16.50  46.40 0.3650 0 6
s 1890 08 30 09 38 01   2141     1   243  1614   131   867  21.50  38.40 -16.50  46.40 0.3650 0 6
d 1890 08 31 08 36 01 GREE           244  1745   126   901 2411610.85834  21.08   7.20
g 1890 08 31 08 36 01   2141         244  1745   126   901  21.60  38.60  -3.70  13.90 0.2490 0 6
s 1890 08 31 08 36 01   2141     1   244  1745   126   901  21.60  38.60  -3.70  13.90 0.2490 0 6
d 1890 09 01 10 07 01 GREE           301  1728   158   909 2411611.92154  21.36   7.22
g 1890 09 01 10 07 01   2141         301  1682   158   881  21.30  39.50  11.30 322.10 0.2970 0 6
s 1890 09 01 10 07 01   2141     1   301  1682   158   881  21.30  39.50  11.30 322.10 0.2970 0 6
g 1890 09 01 10 07 01   2142           0    46     0    28 -19.20   5.90 -22.30 141.00 0.5700 0 2
s 1890 09 01 10 07 01   2142     1     0    46     0    28 -19.20   5.90 -22.30 141.00 0.5700 0 2
d 1890 09 02 10 16 00 GREE           227  1600   129   905 2411612.92778  21.61   7.23
g 1890 09 02 10 16 00   2141         210  1479   119   837  21.20  40.70  25.80 299.90 0.4680 0 6
s 1890 09 02 10 16 00   2141     1   210  1479   119   837  21.20  40.70  25.80 299.90 0.4680 0 6
g 1890 09 02 10 16 00   2142          17   121    10    68 -19.20   8.10  -6.80 165.80 0.4550 0 2
s 1890 09 02 10 16 00   2142     1    17   121    10    68 -19.20   8.10  -6.80 165.80 0.4550 0 2
d 1890 09 03 12 01 00 GREE           153  1010   103   674 2411614.00069  21.87   7.24
g 1890 09 03 12 01 00   2141         143   946    97   638  21.10  42.20  41.40 293.10 0.6710 0 6
s 1890 09 03 12 01 00   2141     1   143   946    97   638  21.10  42.20  41.40 293.10 0.6710 0 6
g 1890 09 03 12 01 00   2142          10    64     6    36 -19.20   7.30   6.50 193.70 0.4520 0 2
s 1890 09 03 12 01 00   2142     1    10    64     6    36 -19.20   7.30   6.50 193.70 0.4520 0 2
d 1890 09 04 04 16 00 GREE           136   698   108   546 2411614.67778  22.03   7.24
g 1890 09 04 04 16 00   2141         131   647   105   516  20.90  43.40  51.60 290.00 0.7790 0 6
s 1890 09 04 04 16 00   2141     1   131   647   105   516  20.90  43.40  51.60 290.00 0.7790 0 6
g 1890 09 04 04 16 00   2142           5    51     3    30 -19.20   7.20  15.40 209.80 0.5040 0 3
s 1890 09 04 04 16 00   2142     1     5    51     3    30 -19.20   7.20  15.40 209.80 0.5040 0 3
d 1890 09 05 10 45 00 GREE            50   367    64   452 2411615.94792  22.33   7.25
g 1890 09 05 10 45 00   2141          46   314    61   417  20.80  44.20  69.20 289.30 0.9260 0 6
s 1890 09 05 10 45 00   2141     1    46   314    61   417  20.80  44.20  69.20 289.30 0.9260 0 6
g 1890 09 05 10 45 00   2142           4    53     3    35 -19.20   6.50  31.50 229.70 0.6470 0 3
s 1890 09 05 10 45 00   2142     1     4    53     3    35 -19.20   6.50  31.50 229.70 0.6470 0 3
d 1890 09 06 03 17 00 GREE            53   312    89   511 2411616.63681  22.48   7.25
g 1890 09 06 03 17 00   2141          35   195    76   417  20.40  44.70  78.80 288.90 0.9720 0 2
s 1890 09 06 03 17 00   2141     1    35   195    76   417  20.40  44.70  78.80 288.90 0.9720 0 2
g 1890 09 06 03 17 00   2142          13    82    10    61 -19.60   6.00  40.10 235.40 0.7370 0 2
s 1890 09 06 03 17 00   2142     1    13    82    10    61 -19.60   6.00  40.10 235.40 0.7370 0 2
g 1890 09 06 03 17 00   2143           0     7     0    12 -22.80  34.70  68.80 243.60 0.9610 0 0
s 1890 09 06 03 17 00   2143     1     0     7     0    12 -22.80  34.70  68.80 243.60 0.9610 0 0
g 1890 09 06 03 17 00   2144           5    24     3    16 -19.80 355.40  29.50 226.70 0.6430 0 2
s 1890 09 06 03 17 00   2144     1     5    24     3    16 -19.80 355.40  29.50 226.70 0.6430 0 2
g 1890 09 06 03 17 00   2145           0     4     0     5  24.00 261.10 -64.80  66.70 0.9000 0 9
s 1890 09 06 03 17 00   2145     1     0     4     0     5  24.00 261.10 -64.80  66.70 0.9000 0 9
d 1890 09 07 11 39 01 GREE            54   372    56   377 2411617.98543  22.78   7.25
g 1890 09 07 11 39 01   2142          54   342    56   354 -19.50   4.90  56.80 244.30 0.8750 0 2
s 1890 09 07 11 39 01   2142     1    54   342    56   354 -19.50   4.90  56.80 244.30 0.8750 0 2
g 1890 09 07 11 39 01   2145           0    30     0    23  24.20 260.50 -47.60  63.30 0.7540 0 9
s 1890 09 07 11 39 01   2145     1     0    30     0    23  24.20 260.50 -47.60  63.30 0.7540 0 9
d 1890 09 08 09 27 00 GREE            23   182    34   261 2411618.89375  22.98   7.25
g 1890 09 08 09 27 00   2142          18   155    29   238 -19.60   3.90  67.80 247.40 0.9450 0 2
s 1890 09 08 09 27 00   2142     1    18   155    29   238 -19.60   3.90  67.80 247.40 0.9450 0 2
g 1890 09 08 09 27 00   2145           0     4     0     3  23.20 262.40 -33.70  59.50 0.5920 0 9
s 1890 09 08 09 27 00   2145     1     0     4     0     3  23.20 262.40 -33.70  59.50 0.5920 0 9
g 1890 09 08 09 27 00   2146           5    23     5    20 -24.30 251.10 -45.00 127.20 0.8090 0 0
s 1890 09 08 09 27 00   2146     1     5    23     5    20 -24.30 251.10 -45.00 127.20 0.8090 0 0
d 1890 09 09 11 26 01 GREE            18   168    11   248 2411619.97640  23.21   7.24
g 1890 09 09 11 26 01   2142           0    47     0   177 -19.30   1.40  79.60 249.50 0.9910 0 2
s 1890 09 09 11 26 01   2142     1     0    47     0   177 -19.30   1.40  79.60 249.50 0.9910 0 2
g 1890 09 09 11 26 01   2145          16   104     9    58  23.70 261.30 -20.50  48.40 0.4290 0 4
s 1890 09 09 11 26 01   2145     1    16   104     9    58  23.70 261.30 -20.50  48.40 0.4290 0 4
g 1890 09 09 11 26 01   2146           2    13     2     9 -24.20 251.20 -30.60 137.50 0.6870 0 0
s 1890 09 09 11 26 01   2146     1     2    13     2     9 -24.20 251.20 -30.60 137.50 0.6870 0 0
g 1890 09 09 11 26 01   2147           0     4     0     4 -28.60 239.30 -42.50 133.20 0.8150 0 2
s 1890 09 09 11 26 01   2147     1     0     4     0     4 -28.60 239.30 -42.50 133.20 0.8150 0 2
d 1890 09 10 10 49 00 GREE            15   105     8    56 2411620.95069  23.40   7.24
g 1890 09 10 10 49 00   2145          15   105     8    56  24.20 259.90  -9.10  23.90 0.3250 0 4
s 1890 09 10 10 49 00   2145     1    15   105     8    56  24.20 259.90  -9.10  23.90 0.3250 0 4
d 1890 09 11 10 07 01 GREE            13    85     7    49 2411621.92154  23.59   7.23
g 1890 09 11 10 07 01   2145          13    78     7    41  25.60 258.30   2.20 353.50 0.3070 0 2
s 1890 09 11 10 07 01   2145     1    13    78     7    41  25.60 258.30   2.20 353.50 0.3070 0 2
g 1890 09 11 10 07 01   2148           0     7     0     8 -22.80 200.50 -55.60 120.70 0.8850 0 0
s 1890 09 11 10 07 01   2148     1     0     7     0     8 -22.80 200.50 -55.60 120.70 0.8850 0 0
d 1890 09 12 08 51 00 GREE             0    72     0    44 2411622.86875  23.78   7.22
g 1890 09 12 08 51 00   2145           0    55     0    30  24.80 258.80  15.20 320.00 0.3700 0 1
s 1890 09 12 08 51 00   2145     1     0    55     0    30  24.80 258.80  15.20 320.00 0.3700 0 1
g 1890 09 12 08 51 00   2148           0    17     0    14 -22.20 201.10 -42.50 126.30 0.7760 0 0
s 1890 09 12 08 51 00   2148     1     0    17     0    14 -22.20 201.10 -42.50 126.30 0.7760 0 0
d 1890 09 13 10 17 01 GREE             0    20     0    12 2411623.92848  23.97   7.21
g 1890 09 13 10 17 01   2145           0    20     0    12  25.30 257.60  28.00 306.10 0.5250 0 0
s 1890 09 13 10 17 01   2145     1     0    20     0    12  25.30 257.60  28.00 306.10 0.5250 0 0
d 1890 09 14 04 55 00 GREE             0     9     0     6 2411624.70486  24.11   7.19
g 1890 09 14 04 55 00   2145           0     9     0     6  25.70 257.50  38.10 300.30 0.6440 0 0
s 1890 09 14 04 55 00   2145     1     0     9     0     6  25.70 257.50  38.10 300.30 0.6440 0 0
d 1890 09 15 14 19 01 GREE             0    22     0   128 2411626.09654  24.35   7.17
g 1890 09 15 14 19 01   2149           0    22     0   128 -20.00 119.80 -81.20 111.20 0.9960 0 0
s 1890 09 15 14 19 01   2149     1     0    22     0   128 -20.00 119.80 -81.20 111.20 0.9960 0 0
d 1890 09 16 08 52 01 GREE             6    52    11    92 2411626.86946  24.48   7.16
g 1890 09 16 08 52 01   2149           6    52    11    92 -19.90 121.60 -69.20 113.60 0.9590 0 0
s 1890 09 16 08 52 01   2149     1     6    52    11    92 -19.90 121.60 -69.20 113.60 0.9590 0 0
d 1890 09 17 10 24 01 GREE            34   262    29   228 2411627.93334  24.65   7.13
g 1890 09 17 10 24 01   2149          13   120    14   129 -20.30 120.20 -56.60 117.70 0.8840 0 2
s 1890 09 17 10 24 01   2149     1    13   120    14   129 -20.30 120.20 -56.60 117.70 0.8840 0 2
g 1890 09 17 10 24 01   2150          21   142    15    99 -26.90 147.70 -29.10 141.30 0.6940 0 8
s 1890 09 17 10 24 01   2150     1    21   142    15    99 -26.90 147.70 -29.10 141.30 0.6940 0 8
d 1890 09 18 11 29 01 GREE            61   363    41   244 2411628.97848  24.81   7.11
g 1890 09 18 11 29 01   2149          13   105    11    83 -19.90 119.90 -43.10 123.80 0.7730 0 3
s 1890 09 18 11 29 01   2149     1    13   105    11    83 -19.90 119.90 -43.10 123.80 0.7730 0 3
g 1890 09 18 11 29 01   2150          48   258    30   161 -26.90 147.20 -15.80 156.00 0.5960 0 2
s 1890 09 18 11 29 01   2150     1    48   258    30   161 -26.90 147.20 -15.80 156.00 0.5960 0 2
d 1890 09 19 09 53 00 GREE            26   204    16   126 2411629.91181  24.95   7.09
g 1890 09 19 09 53 00   2149           0    54     0    36 -20.00 120.30 -30.40 133.00 0.6500 0 3
s 1890 09 19 09 53 00   2149     1     0    54     0    36 -20.00 120.30 -30.40 133.00 0.6500 0 3
g 1890 09 19 09 53 00   2150          26   150    16    90 -26.90 146.20  -4.50 172.70 0.5510 0 3
s 1890 09 19 09 53 00   2150     1    26   150    16    90 -26.90 146.20  -4.50 172.70 0.5510 0 3
d 1890 09 20 09 43 00 GREE            14    77     9    47 2411630.90486  25.09   7.06
g 1890 09 20 09 43 00   2150          14    77     9    47 -27.10 145.60   8.10 192.70 0.5720 0 3
s 1890 09 20 09 43 00   2150     1    14    77     9    47 -27.10 145.60   8.10 192.70 0.5720 0 3
d 1890 09 21 12 00 00 GREE             0     0     0     0 2411632.00000  25.23   7.03
d 1890 09 22 09 36 00 GREE             0     0     0     0 2411632.90000  25.35   7.00
d 1890 09 23 09 36 00 GREE             0     0     0     0 2411633.90000  25.47   6.97
d 1890 09 24 09 23 00 GREE             3    41     3    32 2411634.89097  25.58   6.93
g 1890 09 24 09 23 00   2151           3    41     3    32  21.70  36.20 -48.70  67.10 0.7580 0 2
s 1890 09 24 09 23 00   2151     1     3    41     3    32  21.70  36.20 -48.70  67.10 0.7580 0 2
d 1890 09 25 09 53 00 GREE            56   356    36   227 2411635.91181  25.69   6.89
g 1890 09 25 09 53 00   2151          56   356    36   227  22.80  35.00 -36.50  62.20 0.6200 0 4
s 1890 09 25 09 53 00   2151     1    56   356    36   227  22.80  35.00 -36.50  62.20 0.6200 0 4
d 1890 09 27 12 57 01 GREE            45   273    24   143 2411638.03959  25.90   6.81
g 1890 09 27 12 57 01   2151          45   273    24   143  22.10  36.40  -7.00  23.00 0.2890 0 4
s 1890 09 27 12 57 01   2151     1    45   273    24   143  22.10  36.40  -7.00  23.00 0.2890 0 4
d 1890 09 28 04 19 00 GREE            38   181    20    94 2411638.67986  25.96   6.78
g 1890 09 28 04 19 00   2151          38   181    20    94  21.90  38.10   3.20 348.10 0.2510 0 8
s 1890 09 28 04 19 00   2151     1    38   181    20    94  21.90  38.10   3.20 348.10 0.2510 0 8
d 1890 09 29 08 08 00 GREE             7   102     4    55 2411639.83889  26.05   6.72
g 1890 09 29 08 08 00   2151           7    81     4    44  22.60  36.40  16.80 314.60 0.3750 0 8
s 1890 09 29 08 08 00   2151     1     7    81     4    44  22.60  36.40  16.80 314.60 0.3750 0 8
g 1890 09 29 08 08 00   2152           0    21     0    11  20.50  27.40   7.80 330.90 0.2610 0 2
s 1890 09 29 08 08 00   2152     1     0    21     0    11  20.50  27.40   7.80 330.90 0.2610 0 2
d 1890 09 30 10 27 01 GREE            28   304    17   175 2411640.93543  26.13   6.67
g 1890 09 30 10 27 01   2151          16   120    10    73  22.40  37.90  32.80 297.40 0.5640 0 8
s 1890 09 30 10 27 01   2151     1    16   120    10    73  22.40  37.90  32.80 297.40 0.5640 0 8
g 1890 09 30 10 27 01   2152          12   184     7   102  20.60  27.90  22.80 301.20 0.4240 0 2
s 1890 09 30 10 27 01   2152     1    12   184     7   102  20.60  27.90  22.80 301.20 0.4240 0 2
d 1890 10 01 05 05 00 GREE            27   119    17    75 2411641.71181  26.18   6.63
g 1890 10 01 05 05 00   2151           1    16     1    12  21.80  40.30  45.40 293.00 0.7180 0 7
s 1890 10 01 05 05 00   2151     1     1    16     1    12  21.80  40.30  45.40 293.00 0.7180 0 7
g 1890 10 01 05 05 00   2152          26   101    16    62  20.60  28.30  33.40 295.50 0.5710 0 2
s 1890 10 01 05 05 00   2152     1    26   101    16    62  20.60  28.30  33.40 295.50 0.5710 0 2
g 1890 10 01 05 05 00   2153           0     2     0     1 -16.50   6.20  11.30 205.70 0.4350 0 0
s 1890 10 01 05 05 00   2153     1     0     2     0     1 -16.50   6.20  11.30 205.70 0.4350 0 0
d 1890 10 02 13 20 01 GREE             8    42     7    34 2411643.05557  26.26   6.56
g 1890 10 02 13 20 01   2152           8    42     7    34  20.20  29.30  52.00 289.80 0.7860 0 2
s 1890 10 02 13 20 01   2152     1     8    42     7    34  20.20  29.30  52.00 289.80 0.7860 0 2
d 1890 10 03 09 36 00 GREE             0     0     0     0 2411643.90000  26.31   6.52
d 1890 10 04 09 36 00 GREE             0     0     0     0 2411644.90000  26.35   6.46
d 1890 10 05 13 22 00 GREE             0    20     0    12 2411646.05694  26.40   6.40
g 1890 10 05 13 22 00   2154           0    20     0    12 -26.30 303.10   5.40 189.00 0.5420 0 2
s 1890 10 05 13 22 00   2154     1     0    20     0    12 -26.30 303.10   5.40 189.00 0.5420 0 2
d 1890 10 06 09 40 00 GREE             4    37     3    25 2411646.90278  26.42   6.35
g 1890 10 06 09 40 00   2154           4    27     3    17 -25.60 304.40  17.90 208.40 0.5830 0 2
s 1890 10 06 09 40 00   2154     1     4    27     3    17 -25.60 304.40  17.90 208.40 0.5830 0 2
g 1890 10 06 09 40 00   2155           0    10     0     8 -11.10 232.40 -54.10 107.90 0.8380 0 2
s 1890 10 06 09 40 00   2155     1     0    10     0     8 -11.10 232.40 -54.10 107.90 0.8380 0 2
d 1890 10 07 08 45 01 GREE             5    32     4    22 2411647.86459  26.44   6.29
g 1890 10 07 08 45 01   2154           5    32     4    22 -25.80 304.40  30.60 222.30 0.6810 0 2
s 1890 10 07 08 45 01   2154     1     5    32     4    22 -25.80 304.40  30.60 222.30 0.6810 0 2
d 1890 10 08 09 21 01 GREE             0     3     0     3 2411648.88959  26.46   6.22
g 1890 10 08 09 21 01   2154           0     3     0     3 -25.40 305.60  45.40 233.00 0.8050 0 2
s 1890 10 08 09 21 01   2154     1     0     3     0     3 -25.40 305.60  45.40 233.00 0.8050 0 2
d 1890 10 09 09 36 00 GREE             0     0     0     0 2411649.90000  26.47   6.16
d 1890 10 10 12 00 00 GREE             0     0     0     0 2411651.00000  26.47   6.08
d 1890 10 11 09 36 00 GREE             0     0     0     0 2411651.90000  26.47   6.02
d 1890 10 12 09 36 00 GREE             0     0     0     0 2411652.90000  26.45   5.95
d 1890 10 13 09 36 00 GREE             0     0     0     0 2411653.90000  26.43   5.88
d 1890 10 14 04 48 00 GREE             0     0     0     0 2411654.70000  26.41   5.82
d 1890 10 15 04 48 00 GREE             0     0     0     0 2411655.70000  26.38   5.74
d 1890 10 16 12 00 00 GREE             0     0     0     0 2411657.00000  26.32   5.64
d 1890 10 17 07 12 00 GREE             0     0     0     0 2411657.80000  26.28   5.58
d 1890 10 18 09 36 00 GREE             0     0     0     0 2411658.90000  26.22   5.49
d 1890 10 19 06 31 01 GREE             3    22    44   250 2411659.77154  26.16   5.41
g 1890 10 19 06 31 01   2156           3    22    44   250 -22.30  31.70 -85.00 112.70 0.9990 0 0
s 1890 10 19 06 31 01   2156     1     3    22    44   250 -22.30  31.70 -85.00 112.70 0.9990 0 0
d 1890 10 20 10 23 01 GREE            16   347    30   629 2411660.93265  26.07   5.32
g 1890 10 20 10 23 01   2156          16   347    30   629 -22.80  31.10 -70.30 115.40 0.9610 0 0
s 1890 10 20 10 23 01   2156     1    16   347    30   629 -22.80  31.10 -70.30 115.40 0.9610 0 0
d 1890 10 21 12 04 00 GREE           155  1102   163  1153 2411662.00278  25.99   5.22
g 1890 10 21 12 04 00   2156         155  1086   162  1135 -22.50  31.00 -56.30 118.90 0.8780 0 0
s 1890 10 21 12 04 00   2156     1   155  1086   162  1135 -22.50  31.00 -56.30 118.90 0.8780 0 0
g 1890 10 21 12 04 00   2157           0    16     1    18  -5.20  25.40 -61.90  99.60 0.8910 0 9
s 1890 10 21 12 04 00   2157     1     0    16     1    18  -5.20  25.40 -61.90  99.60 0.8910 0 9
d 1890 10 22 09 21 01 GREE           176  1330   147  1106 2411662.88959  25.91   5.15
g 1890 10 22 09 21 01   2156         173  1306   144  1086 -24.00  30.90 -44.60 126.60 0.7990 0 0
s 1890 10 22 09 21 01   2156     1   173  1306   144  1086 -24.00  30.90 -44.60 126.60 0.7990 0 0
g 1890 10 22 09 21 01   2157           3    24     3    20  -5.80  25.90 -49.60 104.30 0.7820 0 9
s 1890 10 22 09 21 01   2157     1     3    24     3    20  -5.80  25.90 -49.60 104.30 0.7820 0 9
d 1890 10 23 04 30 01 GREE           256  1437   179  1003 2411663.68751  25.83   5.07
g 1890 10 23 04 30 01   2156         256  1415   179   988 -23.20  30.30 -34.80 131.30 0.6980 0 1
s 1890 10 23 04 30 01   2156     1   256  1415   179   988 -23.20  30.30 -34.80 131.30 0.6980 0 1
g 1890 10 23 04 30 01   2157           0    22     0    15  -5.40  25.80 -39.30 107.20 0.6600 0 9
s 1890 10 23 04 30 01   2157     1     0    22     0    15  -5.40  25.80 -39.30 107.20 0.6600 0 9
d 1890 10 24 04 14 01 GREE           173  1259   107   775 2411664.67640  25.73   4.98
g 1890 10 24 04 14 01   2156         166  1208   103   746 -23.30  29.60 -22.50 143.10 0.5860 0 1
s 1890 10 24 04 14 01   2156     1   166  1208   103   746 -23.30  29.60 -22.50 143.10 0.5860 0 1
g 1890 10 24 04 14 01   2157           7    51     4    29  -5.90  27.10 -25.00 111.90 0.4530 0 9
s 1890 10 24 04 14 01   2157     1     7    51     4    29  -5.90  27.10 -25.00 111.90 0.4530 0 9
d 1890 10 25 07 00 00 GREE           186  1141   107   653 2411665.79167  25.60   4.88
g 1890 10 25 07 00 00   2156         186  1107   107   635 -23.10  28.80  -8.50 163.90 0.4890 0 1
s 1890 10 25 07 00 00   2156     1   186  1107   107   635 -23.10  28.80  -8.50 163.90 0.4890 0 1
g 1890 10 25 07 00 00   2157           0    34     0    18  -5.90  25.90 -11.40 133.50 0.2710 0 9
s 1890 10 25 07 00 00   2157     1     0    34     0    18  -5.90  25.90 -11.40 133.50 0.2710 0 9
d 1890 10 26 13 09 00 GREE           149   988    86   569 2411667.04792  25.45   4.76
g 1890 10 26 13 09 00   2156         149   988    86   569 -24.70  28.00   7.20 193.30 0.4950 0 1
s 1890 10 26 13 09 00   2156     1   149   988    86   569 -24.70  28.00   7.20 193.30 0.4950 0 1
d 1890 10 27 09 43 00 GREE           140   632    83   373 2411667.90486  25.34   4.68
g 1890 10 27 09 43 00   2156         140   632    83   373 -23.60  26.70  17.20 210.70 0.5310 0 1
s 1890 10 27 09 43 00   2156     1   140   632    83   373 -23.60  26.70  17.20 210.70 0.5310 0 1
d 1890 10 28 04 20 01 GREE           124   467    79   297 2411668.68057  25.23   4.61
g 1890 10 28 04 20 01   2156         124   467    79   297 -23.70  26.00  26.80 222.10 0.6160 0 1
s 1890 10 28 04 20 01   2156     1   124   467    79   297 -23.70  26.00  26.80 222.10 0.6160 0 1
d 1890 10 29 06 54 01 GREE           105   358    82   279 2411669.78751  25.07   4.50
g 1890 10 29 06 54 01   2156         105   358    82   279 -22.90  28.00  43.40 235.60 0.7670 0 1
s 1890 10 29 06 54 01   2156     1   105   358    82   279 -22.90  28.00  43.40 235.60 0.7670 0 1
d 1890 10 30 07 23 01 GREE            47   215    47   214 2411670.80765  24.92   4.39
g 1890 10 30 07 23 01   2156          47   215    47   214 -22.80  26.50  55.40 241.40 0.8640 0 1
s 1890 10 30 07 23 01   2156     1    47   215    47   214 -22.80  26.50  55.40 241.40 0.8640 0 1
d 1890 10 31 04 19 00 GREE            14   104    20   142 2411671.67986  24.78   4.31
g 1890 10 31 04 19 00   2156          14   104    20   142 -23.50  24.70  65.10 243.40 0.9300 0 0
s 1890 10 31 04 19 00   2156     1    14   104    20   142 -23.50  24.70  65.10 243.40 0.9300 0 0
d 1890 11 01 05 28 00 GREE             6    31    21    99 2411672.72778  24.61   4.20
g 1890 11 01 05 28 00   2156           6    31    21    99 -23.70  24.60  78.70 245.50 0.9870 0 0
s 1890 11 01 05 28 00   2156     1     6    31    21    99 -23.70  24.60  78.70 245.50 0.9870 0 0
d 1890 11 02 04 48 00 GREE             0     0     0     0 2411673.70000  24.44   4.10
d 1890 11 03 04 48 00 GREE             0     0     0     0 2411674.70000  24.25   3.99
d 1890 11 04 09 36 00 GREE             0     0     0     0 2411675.90000  24.02   3.87
d 1890 11 05 12 00 00 GREE             0     0     0     0 2411677.00000  23.80   3.75
d 1890 11 06 07 12 00 GREE             0     0     0     0 2411677.80000  23.64   3.66
d 1890 11 07 06 04 00 GREE             0    38     0   125 2411678.75278  23.43   3.55
g 1890 11 07 06 04 00   2158           0    38     0   125 -25.00 148.00 -78.40 116.00 0.9880 0 1
s 1890 11 07 06 04 00   2158     1     0    38     0   125 -25.00 148.00 -78.40 116.00 0.9880 0 1
d 1890 11 08 10 24 01 GREE            35   199    45   254 2411679.93334  23.17   3.42
g 1890 11 08 10 24 01   2158          35   199    45   254 -24.30 148.00 -62.90 118.10 0.9200 0 1
s 1890 11 08 10 24 01   2158     1    35   199    45   254 -24.30 148.00 -62.90 118.10 0.9200 0 1
d 1890 11 09 05 32 01 GREE            36   212    35   204 2411680.73057  22.98   3.33
g 1890 11 09 05 32 01   2158          36   212    35   204 -24.40 147.50 -52.80 121.70 0.8530 0 1
s 1890 11 09 05 32 01   2158     1    36   212    35   204 -24.40 147.50 -52.80 121.70 0.8530 0 1
d 1890 11 10 10 36 00 GREE            16   193    12   138 2411681.94167  22.70   3.20
g 1890 11 10 10 36 00   2158          16   193    12   138 -24.70 147.50 -36.90 130.00 0.7120 0 1
s 1890 11 10 10 36 00   2158     1    16   193    12   138 -24.70 147.50 -36.90 130.00 0.7120 0 1
d 1890 11 11 08 44 00 GREE            35   135    22    84 2411682.86389  22.47   3.09
g 1890 11 11 08 44 00   2158          35   135    22    84 -24.60 147.70 -24.50 140.70 0.5950 0 1
s 1890 11 11 08 44 00   2158     1    35   135    22    84 -24.60 147.70 -24.50 140.70 0.5950 0 1
d 1890 11 12 10 17 01 GREE             5    93     3    53 2411683.92848  22.20   2.97
g 1890 11 12 10 17 01   2158           5    93     3    53 -24.70 148.00 -10.10 160.60 0.4790 0 1
s 1890 11 12 10 17 01   2158     1     5    93     3    53 -24.70 148.00 -10.10 160.60 0.4790 0 1
d 1890 11 13 05 31 00 GREE            14    79     8    45 2411684.72986  21.99   2.87
g 1890 11 13 05 31 00   2158          14    79     8    45 -25.00 147.20  -0.40 179.20 0.4660 0 0
s 1890 11 13 05 31 00   2158     1    14    79     8    45 -25.00 147.20  -0.40 179.20 0.4660 0 0
d 1890 11 14 10 29 00 GREE             0    18     0    11 2411685.93681  21.66   2.73
g 1890 11 14 10 29 00   2158           0    18     0    11 -25.10 147.30  15.60 207.90 0.5210 0 0
s 1890 11 14 10 29 00   2158     1     0    18     0    11 -25.10 147.30  15.60 207.90 0.5210 0 0
d 1890 11 15 12 00 00 GREE             0     0     0     0 2411687.00000  21.37   2.61
d 1890 11 16 04 48 00 GREE             0     0     0     0 2411687.70000  21.17   2.52
d 1890 11 17 12 00 00 GREE             0     0     0     0 2411689.00000  20.79   2.37
d 1890 11 18 04 48 00 GREE             0     0     0     0 2411689.70000  20.58   2.28
d 1890 11 19 04 48 00 GREE             0     0     0     0 2411690.70000  20.27   2.16
d 1890 11 20 09 36 00 GREE             0     0     0     0 2411691.90000  19.89   2.02
d 1890 11 21 07 12 00 GREE             0     0     0     0 2411692.80000  19.61   1.90
d 1890 11 22 10 10 01 GREE             0    67     1   113 2411693.92362  19.24   1.77
g 1890 11 22 10 10 01   2159           0    67     1   113  19.10 314.50 -71.90  70.10 0.9550 0 2
s 1890 11 22 10 10 01   2159     1     0    67     1   113  19.10 314.50 -71.90  70.10 0.9550 0 2
d 1890 11 23 07 32 00 GREE            57   253    63   277 2411694.81389  18.94   1.66
g 1890 11 23 07 32 00   2159          57   253    63   277  19.00 313.80 -60.80  68.20 0.8890 0 3
s 1890 11 23 07 32 00   2159     1    57   253    63   277  19.00 313.80 -60.80  68.20 0.8890 0 3
d 1890 11 24 09 36 00 GREE            15   476    12   376 2411695.90000  18.57   1.52
g 1890 11 24 09 36 00   2159          15   476    12   376  20.20 312.00 -48.40  65.10 0.7740 0 3
s 1890 11 24 09 36 00   2159     1    15   476    12   376  20.20 312.00 -48.40  65.10 0.7740 0 3
d 1890 11 25 04 26 00 GREE            98   708    67   480 2411696.68472  18.29   1.42
g 1890 11 25 04 26 00   2159          98   708    67   480  20.20 311.20 -38.90  60.80 0.6750 0 3
s 1890 11 25 04 26 00   2159     1    98   708    67   480  20.20 311.20 -38.90  60.80 0.6750 0 3
d 1890 11 26 04 06 00 GREE           229  1204   135   707 2411697.67083  17.94   1.30
g 1890 11 26 04 06 00   2159         229  1204   135   707  20.30 311.40 -25.60  50.70 0.5240 0 3
s 1890 11 26 04 06 00   2159     1   229  1204   135   707  20.30 311.40 -25.60  50.70 0.5240 0 3
d 1890 11 27 07 09 00 GREE           320  1521   172   817 2411698.79792  17.54   1.16
g 1890 11 27 07 09 00   2159         320  1521   172   817  20.60 312.20 -10.00  26.50 0.3640 0 3
s 1890 11 27 07 09 00   2159     1   320  1521   172   817  20.60 312.20 -10.00  26.50 0.3640 0 3
d 1890 11 28 04 29 00 GREE           236  1319   125   698 2411699.68681  17.21   1.04
g 1890 11 28 04 29 00   2159         236  1319   125   698  20.20 312.20   1.70 355.10 0.3270 0 3
s 1890 11 28 04 29 00   2159     1   236  1319   125   698  20.20 312.20   1.70 355.10 0.3270 0 3
d 1890 11 29 04 35 00 GREE           129  1002    71   548 2411700.69097  16.83   0.92
g 1890 11 29 04 35 00   2159         129  1002    71   548  20.30 312.20  14.90 323.50 0.4050 0 3
s 1890 11 29 04 35 00   2159     1   129  1002    71   548  20.30 312.20  14.90 323.50 0.4050 0 3
d 1890 11 30 04 55 00 GREE           169   684   103   415 2411701.70486  16.45   0.79
g 1890 11 30 04 55 00   2159         169   684   103   415  20.00 313.30  29.40 305.30 0.5650 0 3
s 1890 11 30 04 55 00   2159     1   169   684   103   415  20.00 313.30  29.40 305.30 0.5650 0 3
d 1890 12 01 05 08 00 GREE           108   448    78   322 2411702.71389  16.06   0.66
g 1890 12 01 05 08 00   2159         108   448    78   322  20.00 313.00  42.40 297.90 0.7170 0 3
s 1890 12 01 05 08 00   2159     1   108   448    78   322  20.00 313.00  42.40 297.90 0.7170 0 3
d 1890 12 02 04 24 01 GREE            74   296    69   273 2411703.68334  15.68   0.54
g 1890 12 02 04 24 01   2159          74   296    69   273  19.60 313.40  55.60 292.30 0.8400 0 3
s 1890 12 02 04 24 01   2159     1    74   296    69   273  19.60 313.40  55.60 292.30 0.8400 0 3
d 1890 12 03 10 09 00 GREE            25   149    38   226 2411704.92292  15.18   0.38
g 1890 12 03 10 09 00   2159          25   149    38   226  19.80 311.30  69.90 290.60 0.9440 0 0
s 1890 12 03 10 09 00   2159     1    25   149    38   226  19.80 311.30  69.90 290.60 0.9440 0 0
d 1890 12 04 08 49 01 GREE             0    59     0   221 2411705.86737  14.80   0.26
g 1890 12 04 08 49 01   2159           0    59     0   221  19.50 311.20  82.20 289.50 0.9910 0 0
s 1890 12 04 08 49 01   2159     1     0    59     0   221  19.50 311.20  82.20 289.50 0.9910 0 0
d 1890 12 05 04 48 00 GREE             0     0     0     0 2411706.70000  14.46   0.15
d 1890 12 06 07 12 00 GREE             0     0     0     0 2411707.80000  14.00   0.01
d 1890 12 07 05 34 00 GREE             0    11     0     9 2411708.73194  13.61  -0.11
g 1890 12 07 05 34 00   2160           0    11     0     9 -31.70 234.80  43.60 229.00 0.7770 0 0
s 1890 12 07 05 34 00   2160     1     0    11     0     9 -31.70 234.80  43.60 229.00 0.7770 0 0
d 1890 12 08 07 14 01 GREE             0    13     1    16 2411709.80140  13.15  -0.25
g 1890 12 08 07 14 01   2160           0    13     1    16 -32.40 238.40  61.20 234.50 0.9090 0 2
s 1890 12 08 07 14 01   2160     1     0    13     1    16 -32.40 238.40  61.20 234.50 0.9090 0 2
d 1890 12 09 07 22 00 GREE             0    12     0    23 2411710.80694  12.72  -0.38
g 1890 12 09 07 22 00   2160           0    12     0    23 -31.20 235.80  71.90 237.90 0.9600 0 3
s 1890 12 09 07 22 00   2160     1     0    12     0    23 -31.20 235.80  71.90 237.90 0.9600 0 3
d 1890 12 10 04 48 00 GREE             0     0     0     0 2411711.70000  12.33  -0.49
d 1890 12 11 04 36 00 GREE             0     4     0     4 2411712.69167  11.90  -0.62
g 1890 12 11 04 36 00   2161           0     4     0     4  19.20  83.00 -56.00  66.90 0.8530 0 0
s 1890 12 11 04 36 00   2161     1     0     4     0     4  19.20  83.00 -56.00  66.90 0.8530 0 0
d 1890 12 12 07 12 00 GREE             0     0     0     0 2411713.80000  11.41  -0.76
d 1890 12 13 11 05 00 GREE            13   138     8    85 2411714.96181  10.89  -0.91
g 1890 12 13 11 05 00   2162          13   138     8    85 -27.80  84.00 -25.20 139.60 0.5810 0 9
s 1890 12 13 11 05 00   2162     1    13   138     8    85 -27.80  84.00 -25.20 139.60 0.5810 0 9
d 1890 12 14 05 29 01 GREE            24   235    15   140 2411715.72848  10.54  -1.01
g 1890 12 14 05 29 01   2162          19   185    11   106 -27.70  85.80 -13.30 155.30 0.4880 0 9
s 1890 12 14 05 29 01   2162     1    19   185    11   106 -27.70  85.80 -13.30 155.30 0.4880 0 9
g 1890 12 14 05 29 01   2163           5    50     4    34  17.60  60.90 -38.20  60.50 0.6770 0 3
s 1890 12 14 05 29 01   2163     1     5    50     4    34  17.60  60.90 -38.20  60.50 0.6770 0 3
d 1890 12 15 08 36 01 GREE            26   220    15   123 2411716.85834  10.02  -1.15
g 1890 12 15 08 36 01   2162          23   198    13   110 -27.60  85.30   1.20 182.40 0.4350 0 9
s 1890 12 15 08 36 01   2162     1    23   198    13   110 -27.60  85.30   1.20 182.40 0.4350 0 9
g 1890 12 15 08 36 01   2163           3    22     2    13  19.60  61.30 -22.80  46.20 0.5060 0 0
s 1890 12 15 08 36 01   2163     1     3    22     2    13  19.60  61.30 -22.80  46.20 0.5060 0 0
d 1890 12 17 09 43 00 GREE            17   219    11   140 2411718.90486   9.08  -1.41
g 1890 12 17 09 43 00   2162          17   219    11   140 -27.70  87.40  30.20 225.90 0.6200 0 9
s 1890 12 17 09 43 00   2162     1    17   219    11   140 -27.70  87.40  30.20 225.90 0.6200 0 9
d 1890 12 18 08 47 00 GREE            46   282    32   202 2411719.86597   8.63  -1.53
g 1890 12 18 08 47 00   2162          32   234    24   175 -27.80  87.50  42.90 234.20 0.7420 0 9
s 1890 12 18 08 47 00   2162     1    32   234    24   175 -27.80  87.50  42.90 234.20 0.7420 0 9
g 1890 12 18 08 47 00   2164          14    48     8    27  18.30  29.20 -15.40  36.80 0.4210 0 2
s 1890 12 18 08 47 00   2164     1    14    48     8    27  18.30  29.20 -15.40  36.80 0.4210 0 2
d 1890 12 19 07 06 00 GREE            67   271    52   229 2411720.79583   8.20  -1.65
g 1890 12 19 07 06 00   2162          37   193    36   187 -27.60  88.40  56.00 239.10 0.8560 0 9
s 1890 12 19 07 06 00   2162     1    37   193    36   187 -27.60  88.40  56.00 239.10 0.8560 0 9
g 1890 12 19 07 06 00   2164          30    78    16    42  18.40  29.00  -3.40   9.50 0.3420 0 3
s 1890 12 19 07 06 00   2164     1    30    78    16    42  18.40  29.00  -3.40   9.50 0.3420 0 3
d 1890 12 20 04 22 00 GREE             9   151     5   108 2411721.68194   7.78  -1.76
g 1890 12 20 04 22 00   2162           0    20     0    27 -26.20  87.80  67.10 243.10 0.9270 0 9
s 1890 12 20 04 22 00   2162     1     0    20     0    27 -26.20  87.80  67.10 243.10 0.9270 0 9
g 1890 12 20 04 22 00   2164           9   122     5    66  18.50  29.50   8.80 336.60 0.3650 0 3
s 1890 12 20 04 22 00   2164     1     9   122     5    66  18.50  29.50   8.80 336.60 0.3650 0 3
g 1890 12 20 04 22 00   2165           0     9     0    15  19.50 310.10 -70.60  68.90 0.9530 0 0
s 1890 12 20 04 22 00   2165     1     0     9     0    15  19.50 310.10 -70.60  68.90 0.9530 0 0
d 1890 12 21 09 30 00 GREE             6    57     4    38 2411722.89583   7.20  -1.91
g 1890 12 21 09 30 00   2164           6    47     4    28  18.60  31.50  26.80 307.80 0.5410 0 2
s 1890 12 21 09 30 00   2164     1     6    47     4    28  18.60  31.50  26.80 307.80 0.5410 0 2
g 1890 12 21 09 30 00   2165           0    10     0    10  20.80 310.00 -54.70  64.10 0.8480 0 0
s 1890 12 21 09 30 00   2165     1     0    10     0    10  20.80 310.00 -54.70  64.10 0.8480 0 0
d 1890 12 22 04 23 01 GREE             0    17     0    11 2411723.68265   6.83  -2.00
g 1890 12 22 04 23 01   2164           0    17     0    11  18.70  28.00  33.70 303.00 0.6270 0 0
s 1890 12 22 04 23 01   2164     1     0    17     0    11  18.70  28.00  33.70 303.00 0.6270 0 0
d 1890 12 23 06 24 00 GREE             0    26     0    19 2411724.76667   6.31  -2.14
g 1890 12 23 06 24 00   2165           0    26     0    19  22.20 300.70 -39.30  54.60 0.7190 0 0
s 1890 12 23 06 24 00   2165     1     0    26     0    19  22.20 300.70 -39.30  54.60 0.7190 0 0
d 1890 12 24 11 19 01 GREE             0    15     0     9 2411725.97154   5.73  -2.29
g 1890 12 24 11 19 01   2165           0    15     0     9  21.10 303.80 -20.40  38.90 0.5180 0 0
s 1890 12 24 11 19 01   2165     1     0    15     0     9  21.10 303.80 -20.40  38.90 0.5180 0 0
d 1890 12 25 08 08 00 GREE             3    14     2     8 2411726.83889   5.31  -2.39
g 1890 12 25 08 08 00   2165           3    14     2     8  20.80 304.90  -7.80  18.20 0.4060 0 0
s 1890 12 25 08 08 00   2165     1     3    14     2     8  20.80 304.90  -7.80  18.20 0.4060 0 0
d 1890 12 26 07 19 00 GREE            20    84    11    46 2411727.80486   4.84  -2.51
g 1890 12 26 07 19 00   2165          20    84    11    46  21.40 300.70   0.80 358.10 0.4000 0 1
s 1890 12 26 07 19 00   2165     1    20    84    11    46  21.40 300.70   0.80 358.10 0.4000 0 1
d 1890 12 27 07 09 00 GREE             3    68     2    38 2411728.79792   4.36  -2.63
g 1890 12 27 07 09 00   2165           3    68     2    38  21.20 299.70  12.70 332.60 0.4450 0 1
s 1890 12 27 07 09 00   2165     1     3    68     2    38  21.20 299.70  12.70 332.60 0.4450 0 1
d 1890 12 28 06 36 00 GREE             3    11     2     7 2411729.77500   3.89  -2.74
g 1890 12 28 06 36 00   2165           3    11     2     7  20.50 298.60  24.50 314.00 0.5400 0 0
s 1890 12 28 06 36 00   2165     1     3    11     2     7  20.50 298.60  24.50 314.00 0.5400 0 0
d 1890 12 29 05 31 00 GREE             3    35     3    31 2411730.72986   3.42  -2.86
g 1890 12 29 05 31 00   2166           3    35     3    31  28.80 214.40 -47.00  51.50 0.8190 0 0
s 1890 12 29 05 31 00   2166     1     3    35     3    31  28.80 214.40 -47.00  51.50 0.8190 0 0
d 1890 12 30 07 27 01 GREE             0    14     0    10 2411731.81043   2.89  -2.99
g 1890 12 30 07 27 01   2166           0    14     0    10  28.60 214.80 -32.50  42.20 0.7020 0 0
s 1890 12 30 07 27 01   2166     1     0    14     0    10  28.60 214.80 -32.50  42.20 0.7020 0 0
d 1890 12 31 06 59 00 GREE             4    26     3    17 2411732.79097   2.41  -3.10
g 1890 12 31 06 59 00   2166           4    26     3    17  28.50 212.40 -22.00  33.40 0.6210 0 7
s 1890 12 31 06 59 00   2166     1     4    26     3    17  28.50 212.40 -22.00  33.40 0.6210 0 7
