d 1912 01 01 08 49 01 GREE             0     0     0     0 2419402.86737   2.44  -3.06
d 1912 01 02 10 40 01 GREE             0     0     0     0 2419403.94446   1.91  -3.19
d 1912 01 03 03 53 00 GREE             0     0     0     0 2419404.66181   1.56  -3.27
d 1912 01 04 09 57 01 GREE             0     0     0     0 2419405.91459   0.95  -3.41
d 1912 01 05 10 42 00 GREE             0     0     0     0 2419406.94583   0.45  -3.53
d 1912 01 06 10 53 01 GREE             0     0     0     0 2419407.95348  -0.04  -3.64
d 1912 01 07 09 50 00 GREE             0     0     0     0 2419408.90972  -0.51  -3.75
d 1912 01 08 10 32 00 GREE             0     0     0     0 2419409.93889  -1.01  -3.86
d 1912 01 09 09 59 00 GREE             0     0     0     0 2419410.91597  -1.48  -3.97
d 1912 01 10 11 19 01 GREE             0     0     0     0 2419411.97154  -1.99  -4.08
d 1912 01 11 03 50 00 GREE             0     0     0     0 2419412.65972  -2.32  -4.16
d 1912 01 12 10 50 01 GREE             0     0     0     0 2419413.95140  -2.94  -4.29
d 1912 01 13 04 00 00 GREE             0     0     0     0 2419414.66667  -3.28  -4.36
d 1912 01 14 06 54 01 GREE             0     0     0     0 2419415.78751  -3.82  -4.48
d 1912 01 15 10 55 00 GREE             0     0     0     0 2419416.95486  -4.37  -4.60
d 1912 01 16 10 40 01 GREE             0     0     0     0 2419417.94446  -4.84  -4.69
d 1912 01 17 10 56 01 GREE             0     0     0     0 2419418.95557  -5.32  -4.79
d 1912 01 18 12 28 01 GREE             0     0     0     0 2419420.01946  -5.81  -4.89
d 1912 01 19 10 52 00 GREE             0     0     0     0 2419420.95278  -6.25  -4.98
d 1912 01 20 10 58 00 GREE             0     0     0     0 2419421.95694  -6.71  -5.08
d 1912 01 21 09 51 01 GREE             0     0     0     0 2419422.91043  -7.15  -5.16
d 1912 01 22 10 36 00 GREE             0     0     0     0 2419423.94167  -7.61  -5.25
d 1912 01 23 07 23 01 GREE             0     0     0     0 2419424.80765  -8.01  -5.33
d 1912 01 24 13 06 00 GREE             0     0     0     0 2419426.04583  -8.56  -5.44
d 1912 01 25 12 27 00 GREE             0     0     0     0 2419427.01875  -8.99  -5.52
d 1912 01 26 06 54 01 GREE             0     0     0     0 2419427.78751  -9.33  -5.58
d 1912 01 27 11 21 00 GREE             0     0     0     0 2419428.97292  -9.85  -5.68
d 1912 01 28 12 34 01 GREE             0     0     0     0 2419430.02362 -10.30  -5.76
d 1912 01 29 10 49 00 GREE             0     0     0     0 2419430.95069 -10.70  -5.83
d 1912 01 30 10 14 01 GREE             0     0     0     0 2419431.92640 -11.12  -5.91
d 1912 01 31 14 32 01 GREE             0     0     0     0 2419433.10557 -11.61  -5.99
d 1912 02 01 04 04 01 GREE             0     0     0     0 2419433.66946 -11.85  -6.03
d 1912 02 02 11 35 01 GREE             0     0     0     0 2419434.98265 -12.39  -6.13
d 1912 02 03 11 58 01 GREE             0     0     0     0 2419435.99862 -12.80  -6.20
d 1912 02 04 09 44 01 GREE             0     0     0     0 2419436.90557 -13.16  -6.26
d 1912 02 05 12 30 00 GREE             0     0     0     0 2419438.02083 -13.61  -6.33
d 1912 02 06 15 33 00 GREE             0     0     0     0 2419439.14792 -14.05  -6.40
d 1912 02 07 10 33 01 GREE             0     0     0     0 2419439.93959 -14.35  -6.44
d 1912 02 08 10 55 00 GREE             0     0     0     0 2419440.95486 -14.74  -6.50
d 1912 02 09 14 22 01 GREE             0     0     0     0 2419442.09862 -15.17  -6.57
d 1912 02 10 11 51 00 GREE             0     0     0     0 2419442.99375 -15.50  -6.61
d 1912 02 11 12 31 01 GREE             0     0     0     0 2419444.02154 -15.88  -6.67
d 1912 02 12 05 39 01 GREE             0     0     0     0 2419444.73543 -16.14  -6.70
d 1912 02 13 10 45 00 GREE             0     0     0     0 2419445.94792 -16.57  -6.76
d 1912 02 14 12 14 00 GREE             0     0     0     0 2419447.00972 -16.94  -6.81
d 1912 02 15 11 15 00 GREE             0     0     0     0 2419447.96875 -17.27  -6.85
d 1912 02 16 10 00 00 GREE             0     0     0     0 2419448.91667 -17.59  -6.89
d 1912 02 17 10 12 00 GREE             0     0     0     0 2419449.92500 -17.93  -6.93
d 1912 02 18 16 00 00 GREE             0     0     0     0 2419451.16667 -18.34  -6.97
d 1912 02 19 13 06 00 GREE             0     0     0     0 2419452.04583 -18.62  -7.00
d 1912 02 20 04 09 00 GREE             0     0     0     0 2419452.67292 -18.82  -7.02
d 1912 02 21 10 46 01 GREE             0     0     0     0 2419453.94862 -19.21  -7.06
d 1912 02 22 04 03 00 GREE             0     0     0     0 2419454.66875 -19.43  -7.08
d 1912 02 23 10 55 00 GREE             0     0     0     0 2419455.95486 -19.82  -7.11
d 1912 02 24 10 13 00 GREE             0     0     0     0 2419456.92569 -20.10  -7.14
d 1912 02 25 11 21 00 GREE             0     0     0     0 2419457.97292 -20.40  -7.16
d 1912 02 26 10 52 00 GREE             0     0     0     0 2419458.95278 -20.67  -7.18
d 1912 02 27 11 54 00 GREE             0     0     0     0 2419459.99583 -20.96  -7.20
d 1912 02 28 12 30 00 GREE             0     0     0     0 2419461.02083 -21.23  -7.21
d 1912 02 29 14 49 01 GREE             0     0     0     0 2419462.11737 -21.52  -7.22
d 1912 03 01 06 17 00 GREE             0     0     0     0 2419462.76181 -21.68  -7.23
d 1912 03 02 12 07 00 GREE             0     0     0     0 2419464.00486 -21.99  -7.24
d 1912 03 03 12 20 00 GREE             0     0     0     0 2419465.01389 -22.24  -7.25
d 1912 03 04 12 21 01 GREE             0     4     0     3 2419466.01459 -22.47  -7.25
g 1912 03 04 12 21 01  6977a           0     4     0     3  -6.20  94.00  46.90 268.50 0.7400 0 0
s 1912 03 04 12 21 01  6977a     1     0     4     0     3  -6.20  94.00  46.90 268.50 0.7400 0 0
d 1912 03 05 09 53 00 GREE             0     0     0     0 2419466.91181 -22.68  -7.25
d 1912 03 06 11 57 00 GREE             0     0     0     0 2419467.99792 -22.92  -7.25
d 1912 03 07 10 00 00 GREE            12   102    22   188 2419468.91667 -23.12  -7.25
g 1912 03 07 10 00 00   6977          12   102    22   188 -12.00 293.50 -75.40 100.60 0.9640 0 1
s 1912 03 07 10 00 00   6977     1    12   102    22   188 -12.00 293.50 -75.40 100.60 0.9640 0 1
d 1912 03 08 11 00 01 GREE            33   265    36   292 2419469.95834 -23.34  -7.24
g 1912 03 08 11 00 01   6977          33   265    36   292 -12.40 291.50 -63.70 100.30 0.8910 0 1
s 1912 03 08 11 00 01   6977     1    33   265    36   292 -12.40 291.50 -63.70 100.30 0.8910 0 1
d 1912 03 09 09 57 01 GREE            54   252    41   193 2419470.91459 -23.53  -7.23
g 1912 03 09 09 57 01   6977          54   252    41   193 -12.20 292.90 -49.70 100.00 0.7590 0 1
s 1912 03 09 09 57 01   6977     1    54   252    41   193 -12.20 292.90 -49.70 100.00 0.7590 0 1
d 1912 03 10 11 16 01 GREE            57   325    35   199 2419471.96946 -23.74  -7.22
g 1912 03 10 11 16 01   6977          57   325    35   199 -12.20 293.90 -34.80 101.00 0.5710 0 1
s 1912 03 10 11 16 01   6977     1    57   325    35   199 -12.20 293.90 -34.80 101.00 0.5710 0 1
d 1912 03 11 14 26 01 GREE            57   327    30   175 2419473.10140 -23.95  -7.21
g 1912 03 11 14 26 01   6977          57   327    30   175 -12.60 293.90 -19.80 107.00 0.3480 0 1
s 1912 03 11 14 26 01   6977     1    57   327    30   175 -12.60 293.90 -19.80 107.00 0.3480 0 1
d 1912 03 12 10 20 01 GREE            47   273    23   140 2419473.93057 -24.11  -7.20
g 1912 03 12 10 20 01   6977          47   273    23   140 -12.80 293.80  -9.00 123.80 0.1850 0 1
s 1912 03 12 10 20 01   6977     1    47   273    23   140 -12.80 293.80  -9.00 123.80 0.1850 0 1
d 1912 03 13 10 40 01 GREE            54   270    26   135 2419474.94446 -24.28  -7.18
g 1912 03 13 10 40 01   6977          54   270    26   135 -12.50 295.30   5.90 219.40 0.1580 0 1
s 1912 03 13 10 40 01   6977     1    54   270    26   135 -12.50 295.30   5.90 219.40 0.1580 0 1
d 1912 03 14 14 31 00 GREE            38   189    20   101 2419476.10486 -24.48  -7.16
g 1912 03 14 14 31 00   6977          38   189    20   101 -12.40 295.80  21.60 254.60 0.3760 0 1
s 1912 03 14 14 31 00   6977     1    38   189    20   101 -12.40 295.80  21.60 254.60 0.3760 0 1
d 1912 03 15 13 17 01 GREE            42   203    25   123 2419477.05348 -24.63  -7.14
g 1912 03 15 13 17 01   6977          42   203    25   123 -12.60 295.30  33.70 258.00 0.5560 0 1
s 1912 03 15 13 17 01   6977     1    42   203    25   123 -12.60 295.30  33.70 258.00 0.5560 0 1
d 1912 03 16 10 00 00 GREE            35   156    24   113 2419477.91667 -24.77  -7.12
g 1912 03 16 10 00 00   6977          35   156    24   113 -12.30 296.30  46.00 259.80 0.7160 0 1
s 1912 03 16 10 00 00   6977     1    35   156    24   113 -12.30 296.30  46.00 259.80 0.7160 0 1
d 1912 03 17 09 12 01 GREE            18    73    17    70 2419478.88334 -24.91  -7.09
g 1912 03 17 09 12 01   6977          18    73    17    70 -12.70 296.60  59.10 259.40 0.8530 0 1
s 1912 03 17 09 12 01   6977     1    18    73    17    70 -12.70 296.60  59.10 259.40 0.8530 0 1
d 1912 03 18 10 55 00 GREE             9    28    14    47 2419479.95486 -25.07  -7.06
g 1912 03 18 10 55 00   6977           9    28    14    47 -13.60 297.40  74.00 258.00 0.9560 0 1
s 1912 03 18 10 55 00   6977     1     9    28    14    47 -13.60 297.40  74.00 258.00 0.9560 0 1
d 1912 03 19 12 15 01 GREE             0     0     0     0 2419481.01043 -25.21  -7.03
d 1912 03 20 10 23 01 GREE             0     0     0     0 2419481.93265 -25.33  -7.00
d 1912 03 21 10 49 00 GREE             0     0     0     0 2419482.95069 -25.45  -6.97
d 1912 03 22 12 24 00 GREE             0     0     0     0 2419484.01667 -25.57  -6.93
d 1912 03 23 11 02 00 GREE             0     0     0     0 2419484.95972 -25.68  -6.90
d 1912 03 24 12 10 00 GREE             0     0     0     0 2419486.00694 -25.78  -6.85
d 1912 03 25 10 52 00 GREE             0     0     0     0 2419486.95278 -25.87  -6.82
d 1912 03 26 10 32 00 GREE             0     0     0     0 2419487.93889 -25.96  -6.77
d 1912 03 27 10 04 01 GREE             0     0     0     0 2419488.91946 -26.03  -6.73
d 1912 03 28 10 46 01 GREE             0     0     0     0 2419489.94862 -26.11  -6.68
d 1912 03 29 10 01 01 GREE             0     0     0     0 2419490.91737 -26.17  -6.63
d 1912 03 30 10 17 01 GREE             0     0     0     0 2419491.92848 -26.23  -6.58
d 1912 03 31 09 47 01 GREE             0     0     0     0 2419492.90765 -26.28  -6.52
d 1912 04 01 08 31 00 GREE             0     8     0     5 2419493.85486 -26.32  -6.47
g 1912 04 01 08 31 00   6978           0     8     0     5  11.90  68.00  27.90 303.30 0.5510 0 0
s 1912 04 01 08 31 00   6978     1     0     8     0     5  11.90  68.00  27.90 303.30 0.5510 0 0
d 1912 04 02 12 59 00 GREE             0     0     0     0 2419495.04097 -26.37  -6.40
d 1912 04 03 08 39 01 GREE             0     0     0     0 2419495.86043 -26.39  -6.36
d 1912 04 04 13 35 00 GREE             0     0     0     0 2419497.06597 -26.42  -6.28
d 1912 04 05 04 13 00 GREE             0     0     0     0 2419497.67569 -26.43  -6.24
d 1912 04 06 08 29 01 GREE             0     0     0     0 2419498.85348 -26.44  -6.17
d 1912 04 07 12 11 01 GREE             0     9     0     5 2419500.00765 -26.44  -6.09
g 1912 04 07 12 11 01   6979           0     9     0     5  -7.40 310.00  -8.90  98.90 0.1560 0 2
s 1912 04 07 12 11 01   6979     1     0     9     0     5  -7.40 310.00  -8.90  98.90 0.1560 0 2
d 1912 04 08 09 11 01 GREE             9    96     4    48 2419500.88265 -26.43  -6.03
g 1912 04 08 09 11 01   6979           0    33     0    17  -8.50 310.20   2.90 229.30 0.0660 0 2
s 1912 04 08 09 11 01   6979     1     0    33     0    17  -8.50 310.20   2.90 229.30 0.0660 0 2
g 1912 04 08 09 11 01   6980           9    63     4    31 -11.60 303.10  -4.20 143.40 0.1210 0 9
s 1912 04 08 09 11 01   6980     1     9    63     4    31 -11.60 303.10  -4.20 143.40 0.1210 0 9
d 1912 04 09 08 48 00 GREE            25   182    12    93 2419501.86667 -26.42  -5.96
g 1912 04 09 08 48 00   6979           4    25     2    13  -7.70 310.30  16.00 262.90 0.2770 0 2
s 1912 04 09 08 48 00   6979     1     4    25     2    13  -7.70 310.30  16.00 262.90 0.2770 0 2
g 1912 04 09 08 48 00   6980          21   157    10    80 -11.20 303.60   9.30 239.80 0.1840 0 9
s 1912 04 09 08 48 00   6980     1    21   157    10    80 -11.20 303.60   9.30 239.80 0.1840 0 9
d 1912 04 10 08 41 00 GREE           135   536    73   293 2419502.86181 -26.40  -5.89
g 1912 04 10 08 41 00   6980         135   536    73   293 -10.60 304.40  23.20 256.90 0.4000 0 6
s 1912 04 10 08 41 00   6980     1   135   536    73   293 -10.60 304.40  23.20 256.90 0.4000 0 6
d 1912 04 11 08 35 01 GREE           132   516    83   325 2419503.85765 -26.37  -5.82
g 1912 04 11 08 35 01   6980         132   516    83   325 -10.60 305.20  37.40 260.10 0.6030 0 6
s 1912 04 11 08 35 01   6980     1   132   516    83   325 -10.60 305.20  37.40 260.10 0.6030 0 6
d 1912 04 12 08 32 01 GREE           131   664   102   518 2419504.85557 -26.33  -5.74
g 1912 04 12 08 32 01   6980         131   664   102   518 -10.70 305.20  50.30 260.90 0.7670 0 6
s 1912 04 12 08 32 01   6980     1   131   664   102   518 -10.70 305.20  50.30 260.90 0.7670 0 6
d 1912 04 13 09 47 01 GREE           120   522   134   596 2419505.90765 -26.29  -5.66
g 1912 04 13 09 47 01   6980         120   522   134   596 -10.90 305.50  64.50 260.70 0.8990 0 6
s 1912 04 13 09 47 01   6980     1   120   522   134   596 -10.90 305.50  64.50 260.70 0.8990 0 6
d 1912 04 14 02 12 00 GREE            64   412   107   685 2419506.59167 -26.26  -5.61
g 1912 04 14 02 12 00   6980          64   412   107   685 -11.20 305.80  73.80 260.10 0.9550 0 6
s 1912 04 14 02 12 00   6980     1    64   412   107   685 -11.20 305.80  73.80 260.10 0.9550 0 6
d 1912 04 15 12 47 01 GREE             0     0     0     0 2419508.03265 -26.17  -5.50
d 1912 04 16 09 57 01 GREE             0     0     0     0 2419508.91459 -26.12  -5.42
d 1912 04 17 09 01 00 GREE             0     0     0     0 2419509.87569 -26.05  -5.34
d 1912 04 18 09 01 00 GREE             0     0     0     0 2419510.87569 -25.97  -5.26
d 1912 04 19 08 41 00 GREE             0     0     0     0 2419511.86181 -25.88  -5.17
d 1912 04 20 08 36 01 GREE             0     0     0     0 2419512.85834 -25.78  -5.09
d 1912 04 21 12 28 01 GREE             2    29     1    18 2419514.01946 -25.67  -4.98
g 1912 04 21 12 28 01   6981           2    29     1    18  12.30 164.50  30.60 299.50 0.5900 0 7
s 1912 04 21 12 28 01   6981     1     2    29     1    18  12.30 164.50  30.60 299.50 0.5900 0 7
d 1912 04 22 08 38 00 GREE             0     0     0     0 2419514.85972 -25.57  -4.91
d 1912 04 23 08 58 01 GREE             0     0     0     0 2419515.87362 -25.45  -4.82
d 1912 04 24 08 26 01 GREE             0     0     0     0 2419516.85140 -25.33  -4.73
d 1912 04 25 08 25 00 GREE             0     0     0     0 2419517.85069 -25.20  -4.63
d 1912 04 26 12 28 01 GREE             0     0     0     0 2419519.01946 -25.04  -4.52
d 1912 04 27 12 18 01 GREE             0     0     0     0 2419520.01251 -24.89  -4.42
d 1912 04 28 10 42 00 GREE             0     0     0     0 2419520.94583 -24.75  -4.33
d 1912 04 29 09 34 01 GREE             0     0     0     0 2419521.89862 -24.60  -4.24
d 1912 04 30 08 11 00 GREE             5    30     9    61 2419522.84097 -24.44  -4.14
g 1912 04 30 08 11 00   6982           5    26     9    47 -10.30 303.50 -73.80  99.50 0.9610 0 7
s 1912 04 30 08 11 00   6982     1     5    26     9    47 -10.30 303.50 -73.80  99.50 0.9610 0 7
g 1912 04 30 08 11 00   6983           0     4     0    14  -8.60 308.50 -68.80  97.60 0.9320 0 0
s 1912 04 30 08 11 00   6983     1     0     4     0    14  -8.60 308.50 -68.80  97.60 0.9320 0 0
d 1912 05 01 07 55 00 GREE             8    57     9    62 2419523.82986 -24.26  -4.04
g 1912 05 01 07 55 00   6982           8    53     9    56 -11.20 302.90 -61.40 100.60 0.8780 0 7
s 1912 05 01 07 55 00   6982     1     8    53     9    56 -11.20 302.90 -61.40 100.60 0.8780 0 7
g 1912 05 01 07 55 00   6983           0     4     0     6  -8.20 309.50 -54.80  97.20 0.8170 0 0
s 1912 05 01 07 55 00   6983     1     0     4     0     6  -8.20 309.50 -54.80  97.20 0.8170 0 0
d 1912 05 02 08 13 01 GREE            19   134    14    98 2419524.84237 -24.08  -3.94
g 1912 05 02 08 13 01   6982          19   134    14    98 -10.70 304.20 -46.70 101.00 0.7300 0 7
s 1912 05 02 08 13 01   6982     1    19   134    14    98 -10.70 304.20 -46.70 101.00 0.7300 0 7
d 1912 05 03 06 59 00 GREE            19    85    12    52 2419525.79097 -23.90  -3.84
g 1912 05 03 06 59 00   6982          19    85    12    52 -11.40 304.20 -34.10 104.50 0.5690 0 7
s 1912 05 03 06 59 00   6982     1    19    85    12    52 -11.40 304.20 -34.10 104.50 0.5690 0 7
d 1912 05 04 11 11 00 GREE             4    86     2    49 2419526.96597 -23.67  -3.72
g 1912 05 04 11 11 00   6982           2    45     1    27 -11.60 304.20 -18.60 114.20 0.3430 0 7
s 1912 05 04 11 11 00   6982     1     2    45     1    27 -11.60 304.20 -18.60 114.20 0.3430 0 7
g 1912 05 04 11 11 00  6982a           2    10     1     5 -10.60 316.80  -6.00 139.40 0.1580 0 0
s 1912 05 04 11 11 00  6982a     1     2    10     1     5 -10.60 316.80  -6.00 139.40 0.1580 0 0
g 1912 05 04 11 11 00  6982b           0    31     0    17 -15.00 304.50 -18.30 123.20 0.3630 0 2
s 1912 05 04 11 11 00  6982b     1     0    31     0    17 -15.00 304.50 -18.30 123.20 0.3630 0 2
d 1912 05 05 09 53 00 GREE             4    65     2    35 2419527.91181 -23.47  -3.62
g 1912 05 05 09 53 00   6982           4    65     2    35 -11.80 303.10  -7.20 139.30 0.1880 0 7
s 1912 05 05 09 53 00   6982     1     4    65     2    35 -11.80 303.10  -7.20 139.30 0.1880 0 7
d 1912 05 06 15 56 00 GREE             0    21     0    11 2419529.16389 -23.21  -3.49
g 1912 05 06 15 56 00   6982           0    21     0    11 -11.10 304.90  11.20 235.00 0.2330 0 7
s 1912 05 06 15 56 00   6982     1     0    21     0    11 -11.10 304.90  11.20 235.00 0.2330 0 7
d 1912 05 07 10 14 01 GREE             2    84     1    44 2419529.92640 -23.04  -3.40
g 1912 05 07 10 14 01   6982           2    62     1    32 -10.70 306.80  23.20 251.20 0.4100 0 7
s 1912 05 07 10 14 01   6982     1     2    62     1    32 -10.70 306.80  23.20 251.20 0.4100 0 7
g 1912 05 07 10 14 01   6984           0    22     0    12  -5.60 309.00  25.40 264.50 0.4040 0 0
s 1912 05 07 10 14 01   6984     1     0    22     0    12  -5.60 309.00  25.40 264.50 0.4040 0 0
d 1912 05 08 10 01 01 GREE             8    47     4    26 2419530.91737 -22.82  -3.30
g 1912 05 08 10 01 01   6982           8    47     4    26 -12.10 305.70  35.10 253.80 0.5860 0 7
s 1912 05 08 10 01 01   6982     1     8    47     4    26 -12.10 305.70  35.10 253.80 0.5860 0 7
d 1912 05 09 08 06 01 GREE             4    25     2    14 2419531.83751 -22.60  -3.20
g 1912 05 09 08 06 01   6982           0     8     0     5 -11.60 304.60  46.20 257.00 0.7270 0 7
s 1912 05 09 08 06 01   6982     1     0     8     0     5 -11.60 304.60  46.20 257.00 0.7270 0 7
g 1912 05 09 08 06 01   6985           4    17     2     9 -15.00 273.20  14.80 230.10 0.3220 0 0
s 1912 05 09 08 06 01   6985     1     4    17     2     9 -15.00 273.20  14.80 230.10 0.3220 0 0
d 1912 05 10 07 40 01 GREE             0     9     0     5 2419532.81946 -22.37  -3.09
g 1912 05 10 07 40 01   6985           0     9     0     5 -13.80 273.60  28.20 247.30 0.4980 0 0
s 1912 05 10 07 40 01   6985     1     0     9     0     5 -13.80 273.60  28.20 247.30 0.4980 0 0
d 1912 05 11 07 27 01 GREE             0     0     0     0 2419533.81043 -22.13  -2.98
d 1912 05 12 10 36 00 GREE             0     0     0     0 2419534.94167 -21.84  -2.85
d 1912 05 13 07 43 01 GREE             2    25     1    15 2419535.82154 -21.61  -2.75
g 1912 05 13 07 43 01   6986           2    14     1     8   9.50 183.70 -22.00  60.60 0.4250 0 0
s 1912 05 13 07 43 01   6986     1     2    14     1     8   9.50 183.70 -22.00  60.60 0.4250 0 0
g 1912 05 13 07 43 01   6987           0    11     0     7  -7.20 161.30 -44.40  97.50 0.7010 0 0
s 1912 05 13 07 43 01   6987     1     0    11     0     7  -7.20 161.30 -44.40  97.50 0.7010 0 0
d 1912 05 14 07 33 01 GREE             0     8     0     5 2419536.81459 -21.35  -2.64
g 1912 05 14 07 33 01  6987a           0     8     0     5  14.00 179.80 -12.80  37.00 0.3570 0 0
s 1912 05 14 07 33 01  6987a     1     0     8     0     5  14.00 179.80 -12.80  37.00 0.3570 0 0
d 1912 05 15 09 46 00 GREE             0     0     0     0 2419537.90694 -21.05  -2.52
d 1912 05 16 10 19 00 GREE             0     0     0     0 2419538.92986 -20.76  -2.40
d 1912 05 17 07 27 01 GREE             0     0     0     0 2419539.81043 -20.51  -2.30
d 1912 05 18 08 00 01 GREE             0     0     0     0 2419540.83334 -20.21  -2.18
d 1912 05 19 09 48 01 GREE             0     0     0     0 2419541.90834 -19.89  -2.06
d 1912 05 20 11 13 01 GREE             0     0     0     0 2419542.96737 -19.57  -1.93
d 1912 05 21 07 49 00 GREE             0     0     0     0 2419543.82569 -19.30  -1.83
d 1912 05 22 10 45 00 GREE             0     0     0     0 2419544.94792 -18.95  -1.70
d 1912 05 23 08 15 00 GREE             0     0     0     0 2419545.84375 -18.66  -1.59
d 1912 05 24 15 34 01 GREE             0     0     0     0 2419547.14862 -18.23  -1.44
d 1912 05 25 07 17 01 GREE             0     0     0     0 2419547.80348 -18.01  -1.36
d 1912 05 26 11 39 01 GREE             0     8     3    12 2419548.98543 -17.60  -1.22
g 1912 05 26 11 39 01   6988           0     8     3    12  -8.10 321.90 -69.60  98.20 0.9390 0 7
s 1912 05 26 11 39 01   6988     1     0     8     3    12  -8.10 321.90 -69.60  98.20 0.9390 0 7
d 1912 05 27 10 17 01 GREE            10    53    10    49 2419549.92848 -17.28  -1.11
g 1912 05 27 10 17 01   6988          10    53    10    49  -7.90 321.80 -57.30  98.70 0.8430 0 7
s 1912 05 27 10 17 01   6988     1    10    53    10    49  -7.90 321.80 -57.30  98.70 0.8430 0 7
d 1912 05 28 08 28 00 GREE             9    74     7    54 2419550.85278 -16.95  -1.00
g 1912 05 28 08 28 00   6988           9    74     7    54  -8.30 320.90 -45.90 100.50 0.7230 0 7
s 1912 05 28 08 28 00   6988     1     9    74     7    54  -8.30 320.90 -45.90 100.50 0.7230 0 7
d 1912 05 29 11 48 00 GREE             8    73     5    43 2419551.99167 -16.54  -0.86
g 1912 05 29 11 48 00   6988           8    73     5    43  -8.40 321.50 -30.30 104.90 0.5170 0 7
s 1912 05 29 11 48 00   6988     1     8    73     5    43  -8.40 321.50 -30.30 104.90 0.5170 0 7
d 1912 05 30 10 20 01 GREE             0    24     0    14 2419552.93057 -16.20  -0.75
g 1912 05 30 10 20 01   6988           0    24     0    14 -10.10 323.00 -16.40 120.40 0.3220 0 7
s 1912 05 30 10 20 01   6988     1     0    24     0    14 -10.10 323.00 -16.40 120.40 0.3220 0 7
d 1912 05 31 14 24 00 GREE            12    96    11    75 2419554.10000 -15.77  -0.61
g 1912 05 31 14 24 00   6988           0    22     0    12  -8.90 319.50  -4.40 152.30 0.1630 0 7
s 1912 05 31 14 24 00   6988     1     0    22     0    12  -8.90 319.50  -4.40 152.30 0.1630 0 7
g 1912 05 31 14 24 00   6989           8    35     7    31  -8.20  18.40  54.50 260.40 0.8170 0 7
s 1912 05 31 14 24 00   6989     1     8    35     7    31  -8.20  18.40  54.50 260.40 0.8170 0 7
g 1912 05 31 14 24 00   6990           4    39     4    32  -9.30  15.70  51.80 258.70 0.7910 0 2
s 1912 05 31 14 24 00   6990     1     4    39     4    32  -9.30  15.70  51.80 258.70 0.7910 0 2
d 1912 06 01 07 23 01 GREE            18   153    20   166 2419554.80765 -15.51  -0.52
g 1912 06 01 07 23 01   6989           6    74     7    86  -7.40  19.00  64.50 262.10 0.9040 0 7
s 1912 06 01 07 23 01   6989     1     6    74     7    86  -7.40  19.00  64.50 262.10 0.9040 0 7
g 1912 06 01 07 23 01   6990          12    79    13    80 -10.00  14.70  60.20 258.80 0.8710 0 2
s 1912 06 01 07 23 01   6990     1    12    79    13    80 -10.00  14.70  60.20 258.80 0.8710 0 2
d 1912 06 02 14 22 01 GREE            11   100    21   283 2419556.09862 -15.02  -0.36
g 1912 06 02 14 22 01   6989           0    45     0   171  -6.80  19.90  82.50 263.20 0.9920 0 7
s 1912 06 02 14 22 01   6989     1     0    45     0   171  -6.80  19.90  82.50 263.20 0.9920 0 7
g 1912 06 02 14 22 01   6990          11    55    21   112 -11.10  13.00  75.60 258.70 0.9700 0 2
s 1912 06 02 14 22 01   6990     1    11    55    21   112 -11.10  13.00  75.60 258.70 0.9700 0 2
d 1912 06 03 07 22 00 GREE             0    14     0    71 2419556.80694 -14.75  -0.28
g 1912 06 03 07 22 00   6990           0    14     0    71 -11.10  12.00  84.00 258.90 0.9950 0 2
s 1912 06 03 07 22 00   6990     1     0    14     0    71 -11.10  12.00  84.00 258.90 0.9950 0 2
d 1912 06 04 10 50 01 GREE             0     0     0     0 2419557.95140 -14.31  -0.14
d 1912 06 05 10 03 00 GREE             0     0     0     0 2419558.91875 -13.93  -0.02
d 1912 06 06 07 30 01 GREE             0     0     0     0 2419559.81251 -13.57   0.08
d 1912 06 07 12 23 00 GREE             0     0     0     0 2419561.01597 -13.09   0.23
d 1912 06 08 11 09 01 GREE             0     0     0     0 2419561.96459 -12.71   0.34
d 1912 06 09 14 18 00 GREE             0     0     0     0 2419563.09583 -12.25   0.48
d 1912 06 10 08 08 00 GREE             0     0     0     0 2419563.83889 -11.94   0.57
d 1912 06 11 07 45 00 GREE             0     0     0     0 2419564.82292 -11.53   0.69
d 1912 06 12 05 06 01 GREE             0     0     0     0 2419565.71251 -11.16   0.79
d 1912 06 13 07 22 00 GREE             0     0     0     0 2419566.80694 -10.69   0.93
d 1912 06 14 11 26 01 GREE             0     0     0     0 2419567.97640 -10.20   1.06
d 1912 06 15 08 34 00 GREE             0     0     0     0 2419568.85694  -9.82   1.17
d 1912 06 16 12 18 01 GREE             2     9     1     4 2419570.01251  -9.32   1.31
g 1912 06 16 12 18 01   6991           2     9     1     4  -4.20 117.40   4.10 216.60 0.1200 0 0
s 1912 06 16 12 18 01   6991     1     2     9     1     4  -4.20 117.40   4.10 216.60 0.1200 0 0
d 1912 06 17 08 29 01 GREE            21   104    42   204 2419570.85348  -8.95   1.41
g 1912 06 17 08 29 01   6992          21   104    42   204  -6.50  27.00 -75.10  97.00 0.9680 0 0
s 1912 06 17 08 29 01   6992     1    21   104    42   204  -6.50  27.00 -75.10  97.00 0.9680 0 0
d 1912 06 18 10 42 00 GREE            33   213    33   196 2419571.94583  -8.48   1.54
g 1912 06 18 10 42 00  6991a           4    47     2    24   9.90 100.30  12.60 304.20 0.2600 0 7
s 1912 06 18 10 42 00  6991a     1     4    47     2    24   9.90 100.30  12.60 304.20 0.2600 0 7
g 1912 06 18 10 42 00   6992          29   166    31   172  -6.20  27.00 -60.70  97.90 0.8770 0 0
s 1912 06 18 10 42 00   6992     1    29   166    31   172  -6.20  27.00 -60.70  97.90 0.8770 0 0
d 1912 06 19 08 28 00 GREE            33   246    26   189 2419572.85278  -8.08   1.64
g 1912 06 19 08 28 00   6992          33   246    26   189  -6.20  26.90 -48.80  99.60 0.7610 0 0
s 1912 06 19 08 28 00   6992     1    33   246    26   189  -6.20  26.90 -48.80  99.60 0.7610 0 0
d 1912 06 20 07 26 00 GREE            54   293    34   183 2419573.80972  -7.66   1.75
g 1912 06 20 07 26 00   6992          54   293    34   183  -6.00  27.10 -35.90 102.50 0.6000 0 1
s 1912 06 20 07 26 00   6992     1    54   293    34   183  -6.00  27.10 -35.90 102.50 0.6000 0 1
d 1912 06 21 07 35 00 GREE            69   309    38   169 2419574.81597  -7.21   1.87
g 1912 06 21 07 35 00   6992          69   309    38   169  -5.90  27.00 -22.70 109.10 0.4060 0 0
s 1912 06 21 07 35 00   6992     1    69   309    38   169  -5.90  27.00 -22.70 109.10 0.4060 0 0
d 1912 06 22 07 20 01 GREE            62   283    33   155 2419575.80557  -6.77   1.99
g 1912 06 22 07 20 01   6992          62   283    33   155  -5.90  27.20  -9.40 130.10 0.2120 0 0
s 1912 06 22 07 20 01   6992     1    62   283    33   155  -5.90  27.20  -9.40 130.10 0.2120 0 0
d 1912 06 23 11 22 01 GREE            66   317    33   162 2419576.97362  -6.24   2.12
g 1912 06 23 11 22 01   6992          66   317    33   162  -5.80  27.50   6.40 212.60 0.2060 0 0
s 1912 06 23 11 22 01   6992     1    66   317    33   162  -5.80  27.50   6.40 212.60 0.2060 0 0
d 1912 06 24 07 58 00 GREE            55   304    27   154 2419577.83194  -5.86   2.22
g 1912 06 24 07 58 00   6992          55   304    27   154  -5.80  27.70  17.90 245.80 0.3360 0 0
s 1912 06 24 07 58 00   6992     1    55   304    27   154  -5.80  27.70  17.90 245.80 0.3360 0 0
d 1912 06 25 09 59 00 GREE            35   258    21   156 2419578.91597  -5.37   2.34
g 1912 06 25 09 59 00   6992          35   243    21   146  -5.80  27.90  32.50 255.80 0.5520 0 0
s 1912 06 25 09 59 00   6992     1    35   243    21   146  -5.80  27.90  32.50 255.80 0.5520 0 0
g 1912 06 25 09 59 00   6993           0    15     0    10 -15.10 334.10 -21.30 130.20 0.4600 0 9
s 1912 06 25 09 59 00   6993     1     0    15     0    10 -15.10 334.10 -21.30 130.20 0.4600 0 9
d 1912 06 26 07 43 01 GREE            42   212    30   150 2419579.82154  -4.96   2.45
g 1912 06 26 07 43 01   6992          42   202    30   144  -5.70  28.10  44.70 259.50 0.7120 0 0
s 1912 06 26 07 43 01   6992     1    42   202    30   144  -5.70  28.10  44.70 259.50 0.7120 0 0
g 1912 06 26 07 43 01   6993           0    10     0     6 -15.10 334.30  -9.10 153.10 0.3380 0 9
s 1912 06 26 07 43 01   6993     1     0    10     0     6 -15.10 334.30  -9.10 153.10 0.3380 0 9
d 1912 06 27 10 19 00 GREE            33   145    33   142 2419580.92986  -4.46   2.57
g 1912 06 27 10 19 00   6992          33   138    33   138  -5.50  28.00  59.30 262.10 0.8660 0 0
s 1912 06 27 10 19 00   6992     1    33   138    33   138  -5.50  28.00  59.30 262.10 0.8660 0 0
g 1912 06 27 10 19 00   6993           0     7     0     4 -14.70 332.60   3.90 192.50 0.3420 0 9
s 1912 06 27 10 19 00   6993     1     0     7     0     4 -14.70 332.60   3.90 192.50 0.3420 0 9
d 1912 06 28 11 54 00 GREE            21    80    38   146 2419581.99583  -3.97   2.69
g 1912 06 28 11 54 00   6992          21    80    38   146  -5.50  28.40  73.80 263.50 0.9630 0 0
s 1912 06 28 11 54 00   6992     1    21    80    38   146  -5.50  28.40  73.80 263.50 0.9630 0 0
d 1912 06 29 11 39 01 GREE             0     0     0     0 2419582.98543  -3.52   2.80
d 1912 06 30 14 22 01 GREE             0     0     0     0 2419584.09862  -3.02   2.92
d 1912 07 01 09 53 00 GREE             0     0     0     0 2419584.91181  -2.65   3.01
d 1912 07 02 10 50 01 GREE             0     7     0    13 2419585.95140  -2.17   3.13
g 1912 07 02 10 50 01   6994           0     2     0     9 -12.80 194.90 -67.40 105.00 0.9330 0 9
s 1912 07 02 10 50 01   6994     1     0     2     0     9 -12.80 194.90 -67.40 105.00 0.9330 0 9
g 1912 07 02 10 50 01  6994a           0     5     0     4  -6.70 206.80 -55.50 100.20 0.8330 0 0
s 1912 07 02 10 50 01  6994a     1     0     5     0     4  -6.70 206.80 -55.50 100.20 0.8330 0 0
d 1912 07 03 09 27 00 GREE             2     5     2     8 2419586.89375  -1.74   3.23
g 1912 07 03 09 27 00   6994           2     5     2     8 -12.50 194.90 -54.90 107.20 0.8380 0 9
s 1912 07 03 09 27 00   6994     1     2     5     2     8 -12.50 194.90 -54.90 107.20 0.8380 0 9
d 1912 07 04 15 44 01 GREE             0    22     0    19 2419588.15557  -1.17   3.36
g 1912 07 04 15 44 01   6994           0    22     0    19 -11.50 197.60 -35.50 113.30 0.6210 0 9
s 1912 07 04 15 44 01   6994     1     0    22     0    19 -11.50 197.60 -35.50 113.30 0.6210 0 9
d 1912 07 05 14 22 01 GREE             3    26     2    20 2419589.09862  -0.74   3.46
g 1912 07 05 14 22 01   6994           0    18     0    12 -11.60 197.80 -22.80 123.90 0.4580 0 9
s 1912 07 05 14 22 01   6994     1     0    18     0    12 -11.60 197.80 -22.80 123.90 0.4580 0 9
g 1912 07 05 14 22 01   6995           3     8     2     8  -3.70 177.60 -43.00  99.00 0.6900 0 0
s 1912 07 05 14 22 01   6995     1     3     8     2     8  -3.70 177.60 -43.00  99.00 0.6900 0 0
d 1912 07 06 07 50 01 GREE            11    29     7    21 2419589.82640  -0.40   3.54
g 1912 07 06 07 50 01   6995          11    29     7    21  -2.50 176.00 -35.00  99.30 0.5820 0 4
s 1912 07 06 07 50 01   6995     1    11    29     7    21  -2.50 176.00 -35.00  99.30 0.5820 0 4
d 1912 07 07 12 05 01 GREE            22    75    12    40 2419591.00348   0.13   3.66
g 1912 07 07 12 05 01   6995          22    75    12    40  -3.00 176.90 -18.50 109.50 0.3370 0 4
s 1912 07 07 12 05 01   6995     1    22    75    12    40  -3.00 176.90 -18.50 109.50 0.3370 0 4
d 1912 07 08 08 03 01 GREE             8    74     4    40 2419591.83543   0.51   3.75
g 1912 07 08 08 03 01   6995           8    74     4    40  -3.00 176.30  -8.10 129.60 0.1830 0 4
s 1912 07 08 08 03 01   6995     1     8    74     4    40  -3.00 176.30  -8.10 129.60 0.1830 0 4
d 1912 07 09 07 32 00 GREE            25   106    12    54 2419592.81389   0.96   3.85
g 1912 07 09 07 32 00   6995          25   106    12    54  -3.20 176.50   5.00 215.50 0.1870 0 4
s 1912 07 09 07 32 00   6995     1    25   106    12    54  -3.20 176.50   5.00 215.50 0.1870 0 4
d 1912 07 10 11 39 01 GREE            12    57     6    29 2419593.98543   1.49   3.97
g 1912 07 10 11 39 01   6995          12    57     6    29  -3.60 176.00  20.00 249.60 0.3650 0 4
s 1912 07 10 11 39 01   6995     1    12    57     6    29  -3.60 176.00  20.00 249.60 0.3650 0 4
d 1912 07 11 07 09 00 GREE             5    48     2    26 2419594.79792   1.85   4.05
g 1912 07 11 07 09 00   6995           5    48     2    26  -3.00 176.30  31.10 257.70 0.5290 0 4
s 1912 07 11 07 09 00   6995     1     5    48     2    26  -3.00 176.30  31.10 257.70 0.5290 0 4
d 1912 07 12 08 24 00 GREE             0     8     0     5 2419595.85000   2.33   4.16
g 1912 07 12 08 24 00   6995           0     8     0     5  -3.10 177.30  46.00 261.80 0.7280 0 0
s 1912 07 12 08 24 00   6995     1     0     8     0     5  -3.10 177.30  46.00 261.80 0.7280 0 0
d 1912 07 13 08 51 00 GREE             0     8     0     6 2419596.86875   2.79   4.26
g 1912 07 13 08 51 00   6995           0     8     0     6  -2.00 175.90  58.10 265.10 0.8540 0 0
s 1912 07 13 08 51 00   6995     1     0     8     0     6  -2.00 175.90  58.10 265.10 0.8540 0 0
d 1912 07 14 12 11 01 GREE             0     0     0     0 2419598.00765   3.30   4.37
d 1912 07 15 07 23 01 GREE             0     0     0     0 2419598.80765   3.66   4.44
d 1912 07 16 07 23 01 GREE             0     0     0     0 2419599.80765   4.10   4.54
d 1912 07 17 07 30 01 GREE             0     5     0     5 2419600.81251   4.55   4.63
g 1912 07 17 07 30 01   6996           0     5     0     5  -5.50  26.80 -38.80 104.20 0.6450 0 0
s 1912 07 17 07 30 01   6996     1     0     5     0     5  -5.50  26.80 -38.80 104.20 0.6450 0 0
d 1912 07 18 12 41 01 GREE             0    14     0     9 2419602.02848   5.08   4.74
g 1912 07 18 12 41 01   6996           0    14     0     9  -5.90  28.70 -20.80 116.80 0.3970 0 0
s 1912 07 18 12 41 01   6996     1     0    14     0     9  -5.90  28.70 -20.80 116.80 0.3970 0 0
d 1912 07 19 10 45 00 GREE             0     0     0     0 2419602.94792   5.49   4.83
d 1912 07 21 09 46 00 GREE             0     0     0     0 2419604.90694   6.34   5.00
d 1912 07 22 15 57 01 GREE             0     0     0     0 2419606.16459   6.88   5.11
d 1912 07 23 13 16 00 GREE             0     0     0     0 2419607.05278   7.26   5.19
d 1912 07 24 08 24 00 GREE             0     0     0     0 2419607.85000   7.60   5.25
d 1912 07 25 08 11 00 GREE             0     0     0     0 2419608.84097   8.03   5.33
d 1912 07 26 07 39 00 GREE             0     0     0     0 2419609.81875   8.44   5.41
d 1912 07 27 08 24 00 GREE             0     0     0     0 2419610.85000   8.87   5.50
d 1912 07 28 10 33 01 GREE             0     0     0     0 2419611.93959   9.32   5.58
d 1912 07 29 09 33 00 GREE             0     0     0     0 2419612.89792   9.72   5.65
d 1912 07 30 08 18 00 GREE             0     0     0     0 2419613.84583  10.10   5.73
d 1912 07 31 02 41 00 GREE             0     0     0     0 2419614.61181  10.41   5.78
d 1912 08 01 07 26 00 GREE             0     0     0     0 2419615.80972  10.90   5.87
d 1912 08 02 08 18 00 GREE             0     0     0     0 2419616.84583  11.31   5.94
d 1912 08 03 08 39 01 GREE             0     0     0     0 2419617.86043  11.71   6.01
d 1912 08 04 12 54 01 GREE             0     0     0     0 2419619.03751  12.17   6.09
d 1912 08 05 10 16 00 GREE             0     0     0     0 2419619.92778  12.51   6.15
d 1912 08 06 08 32 01 GREE             0     0     0     0 2419620.85557  12.87   6.21
d 1912 08 07 10 19 00 GREE             0     0     0     0 2419621.92986  13.27   6.27
d 1912 08 08 07 49 00 GREE             0     0     0     0 2419622.82569  13.61   6.33
d 1912 08 09 07 45 00 GREE             0     0     0     0 2419623.82292  13.98   6.38
d 1912 08 10 11 49 01 GREE             0     0     0     0 2419624.99237  14.41   6.45
d 1912 08 11 14 21 00 GREE             0     0     0     0 2419626.09792  14.81   6.51
d 1912 08 12 11 06 01 GREE             0     0     0     0 2419626.96251  15.12   6.56
d 1912 08 13 10 17 01 GREE             0     0     0     0 2419627.92848  15.46   6.61
d 1912 08 14 08 15 00 GREE             0     0     0     0 2419628.84375  15.78   6.65
d 1912 08 15 12 12 01 GREE             0     0     0     0 2419630.00834  16.18   6.71
d 1912 08 16 12 44 01 GREE             0     0     0     0 2419631.03057  16.52   6.75
d 1912 08 17 13 55 00 GREE             0     0     0     0 2419632.07986  16.87   6.80
d 1912 08 18 13 03 00 GREE             0     0     0     0 2419633.04375  17.19   6.84
d 1912 08 19 10 01 01 GREE             0     0     0     0 2419633.91737  17.47   6.87
d 1912 08 20 10 35 00 GREE             0     0     0     0 2419634.94097  17.80   6.91
d 1912 08 21 07 35 00 GREE             0     0     0     0 2419635.81597  18.08   6.94
d 1912 08 22 07 37 01 GREE             0     0     0     0 2419636.81737  18.39   6.98
d 1912 08 23 10 53 01 GREE             0     0     0     0 2419637.95348  18.74   7.01
d 1912 08 24 06 01 00 GREE             0     0     0     0 2419638.75069  18.98   7.04
d 1912 08 25 14 06 01 GREE             0     0     0     0 2419640.08751  19.37   7.08
d 1912 08 26 12 27 00 GREE             0     0     0     0 2419641.01875  19.64   7.10
d 1912 08 27 10 45 00 GREE             0     0     0     0 2419641.94792  19.90   7.12
d 1912 08 28 08 41 00 GREE             0    10     0     8 2419642.86181  20.16   7.14
g 1912 08 28 08 41 00   6997           0    10     0     8  -4.00 182.30 -47.30 101.50 0.7770 0 0
s 1912 08 28 08 41 00   6997     1     0    10     0     8  -4.00 182.30 -47.30 101.50 0.7770 0 0
d 1912 08 29 13 03 00 GREE             0     0     0     0 2419644.04375  20.48   7.17
d 1912 08 30 08 25 00 GREE             0     0     0     0 2419644.85069  20.70   7.18
d 1912 08 31 07 43 01 GREE             0     0     0     0 2419645.82154  20.95   7.20
d 1912 09 01 03 14 00 GREE             0     0     0     0 2419646.63472  21.16   7.21
d 1912 09 02 11 44 00 GREE             0     0     0     0 2419647.98889  21.50   7.22
d 1912 09 03 08 45 01 GREE             0     0     0     0 2419648.86459  21.72   7.23
d 1912 09 04 10 58 00 GREE             0     0     0     0 2419649.95694  21.98   7.24
d 1912 09 05 09 27 00 GREE             0     0     0     0 2419650.89375  22.20   7.25
d 1912 09 06 08 32 01 GREE             0     8     0    13 2419651.85557  22.42   7.25
g 1912 09 06 08 32 01   6998           0     8     0    13  -4.50  39.70 -71.10  97.10 0.9520 0 8
s 1912 09 06 08 32 01   6998     1     0     8     0    13  -4.50  39.70 -71.10  97.10 0.9520 0 8
d 1912 09 07 08 26 01 GREE             7    54     8    52 2419652.85140  22.64   7.25
g 1912 09 07 08 26 01   6998           7    42     8    43  -4.80  39.30 -58.40  99.80 0.8680 0 8
s 1912 09 07 08 26 01   6998     1     7    42     8    43  -4.80  39.30 -58.40  99.80 0.8680 0 8
g 1912 09 07 08 26 01  6998a           0    12     0     9  -5.80 156.50  58.80 259.20 0.8730 0 0
s 1912 09 07 08 26 01  6998a     1     0    12     0     9  -5.80 156.50  58.80 259.20 0.8730 0 0
d 1912 09 08 10 33 01 GREE            21   105    15    85 2419653.93959  22.88   7.25
g 1912 09 08 10 33 01   6998          21    95    15    68  -4.70  39.80 -43.50 104.00 0.7130 0 8
s 1912 09 08 10 33 01   6998     1    21    95    15    68  -4.70  39.80 -43.50 104.00 0.7130 0 8
g 1912 09 08 10 33 01  6998a           0    10     0    17  -7.40 154.80  71.50 260.00 0.9560 0 0
s 1912 09 08 10 33 01  6998a     1     0    10     0    17  -7.40 154.80  71.50 260.00 0.9560 0 0
d 1912 09 09 08 49 01 GREE            12    49     8    34 2419654.86737  23.08   7.25
g 1912 09 09 08 49 01   6998          12    49     8    34  -4.50  42.50 -28.60 111.30 0.5160 0 8
s 1912 09 09 08 49 01   6998     1    12    49     8    34  -4.50  42.50 -28.60 111.30 0.5160 0 8
d 1912 09 10 02 05 00 GREE            14    55     8    32 2419655.58681  23.22   7.24
g 1912 09 10 02 05 00   6998          14    55     8    32  -4.50  44.20 -17.40 123.30 0.3600 0 7
s 1912 09 10 02 05 00   6998     1    14    55     8    32  -4.50  44.20 -17.40 123.30 0.3600 0 7
d 1912 09 11 12 08 01 GREE             2    45     1    25 2419657.00557  23.51   7.23
g 1912 09 11 12 08 01   6998           2    45     1    25  -5.10  42.80   0.00 180.00 0.2200 0 7
s 1912 09 11 12 08 01   6998     1     2    45     1    25  -5.10  42.80   0.00 180.00 0.2200 0 7
d 1912 09 12 10 00 00 GREE             4    70     3    42 2419657.91667  23.68   7.23
g 1912 09 12 10 00 00   6998           0    51     0    26  -4.60  44.40  13.60 229.60 0.3100 0 7
s 1912 09 12 10 00 00   6998     1     0    51     0    26  -4.60  44.40  13.60 229.60 0.3100 0 7
g 1912 09 12 10 00 00   6999           4    19     3    16  -8.10 352.60 -38.20 111.00 0.6610 0 4
s 1912 09 12 10 00 00   6999     1     4    19     3    16  -8.10 352.60 -38.20 111.00 0.6610 0 4
d 1912 09 13 10 10 01 GREE            10    87     6    53 2419658.92362  23.87   7.21
g 1912 09 13 10 10 01   6998           0    36     0    19  -5.50  40.90  23.40 242.30 0.4500 0 7
s 1912 09 13 10 10 01   6998     1     0    36     0    19  -5.50  40.90  23.40 242.30 0.4500 0 7
g 1912 09 13 10 10 01   6999          10    51     6    34  -7.80 352.70 -24.80 120.60 0.4860 0 4
s 1912 09 13 10 10 01   6999     1    10    51     6    34  -7.80 352.70 -24.80 120.60 0.4860 0 4
d 1912 09 14 11 38 00 GREE            37   159    26   113 2419659.98472  24.06   7.20
g 1912 09 14 11 38 00   6999          29   128    16    74  -8.30 352.90 -10.60 145.30 0.3220 0 4
s 1912 09 14 11 38 00   6999     1    29   128    16    74  -8.30 352.90 -10.60 145.30 0.3220 0 4
g 1912 09 14 11 38 00   7000           8    31    10    39  -8.40  68.50  65.00 257.50 0.9170 0 7
s 1912 09 14 11 38 00   7000     1     8    31    10    39  -8.40  68.50  65.00 257.50 0.9170 0 7
d 1912 09 15 10 33 01 GREE            42   201    22   106 2419660.93959  24.23   7.18
g 1912 09 15 10 33 01   6999          42   201    22   106  -8.10 353.10   2.20 188.20 0.2660 0 4
s 1912 09 15 10 33 01   6999     1    42   201    22   106  -8.10 353.10   2.20 188.20 0.2660 0 4
d 1912 09 16 02 48 00 GREE            48   188    24    98 2419661.61667  24.35   7.17
g 1912 09 16 02 48 00   6999          48   188    24    98  -8.20 353.70  11.70 217.60 0.3310 0 4
s 1912 09 16 02 48 00   6999     1    48   188    24    98  -8.20 353.70  11.70 217.60 0.3310 0 4
d 1912 09 17 04 37 01 GREE            22   114    11    60 2419662.69237  24.52   7.15
g 1912 09 17 04 37 01   6999          22   114    11    60  -8.90 351.70  23.90 236.60 0.4830 0 4
s 1912 09 17 04 37 01   6999     1    22   114    11    60  -8.90 351.70  23.90 236.60 0.4830 0 4
d 1912 09 18 09 20 00 GREE            53   236    37   163 2419663.88889  24.71   7.13
g 1912 09 18 09 20 00   6999          53   236    37   163  -8.70 352.80  40.80 249.50 0.6920 0 4
s 1912 09 18 09 20 00   6999     1    53   236    37   163  -8.70 352.80  40.80 249.50 0.6920 0 4
d 1912 09 19 01 55 00 GREE            71   317    59   262 2419664.57986  24.81   7.11
g 1912 09 19 01 55 00   6999          71   317    59   262  -8.60 353.30  50.40 253.50 0.7970 0 4
s 1912 09 19 01 55 00   6999     1    71   317    59   262  -8.60 353.30  50.40 253.50 0.7970 0 4
d 1912 09 20 10 39 00 GREE            13   103    20   159 2419665.94375  25.01   7.08
g 1912 09 20 10 39 00   6999          13   103    20   159  -9.10 354.60  69.70 257.90 0.9470 0 4
s 1912 09 20 10 39 00   6999     1    13   103    20   159  -9.10 354.60  69.70 257.90 0.9470 0 4
d 1912 09 21 08 36 01 GREE             0     0     0     0 2419666.85834  25.13   7.05
d 1912 09 22 12 07 00 GREE             0     0     0     0 2419668.00486  25.28   7.02
d 1912 09 23 08 52 01 GREE             0     0     0     0 2419668.86946  25.39   6.99
d 1912 09 24 09 44 01 GREE             0     0     0     0 2419669.90557  25.51   6.95
d 1912 09 25 09 54 01 GREE             8    18     9    21 2419670.91251  25.62   6.92
g 1912 09 25 09 54 01   7001           8    18     9    21  -5.30 169.20 -50.10 102.30 0.7880 0 4
s 1912 09 25 09 54 01   7001     1     8    18     9    21  -5.30 169.20 -50.10 102.30 0.7880 0 4
d 1912 09 26 08 35 01 GREE            25    99    17    65 2419671.85765  25.72   6.88
g 1912 09 26 08 35 01   7001          25    99    17    65  -5.50 168.60 -38.20 106.90 0.6480 0 4
s 1912 09 26 08 35 01   7001     1    25    99    17    65  -5.50 168.60 -38.20 106.90 0.6480 0 4
d 1912 09 27 08 39 01 GREE            12    45     7    29 2419672.86043  25.82   6.84
g 1912 09 27 08 39 01   7001          12    45     7    29  -5.70 170.10 -23.50 117.40 0.4500 0 4
s 1912 09 27 08 39 01   7001     1    12    45     7    29  -5.70 170.10 -23.50 117.40 0.4500 0 4
d 1912 09 28 09 18 01 GREE             2    10     1     6 2419673.88751  25.91   6.80
g 1912 09 28 09 18 01   7001           2    10     1     6  -5.30 171.70  -8.30 145.20 0.2540 0 4
s 1912 09 28 09 18 01   7001     1     2    10     1     6  -5.30 171.70  -8.30 145.20 0.2540 0 4
d 1912 09 29 11 44 00 GREE             0     0     0     0 2419674.98889  26.00   6.75
d 1912 09 30 14 52 01 GREE             0     0     0     0 2419676.11946  26.08   6.69
d 1912 10 01 11 42 01 GREE             0     0     0     0 2419676.98751  26.14   6.65
d 1912 10 02 02 19 01 GREE             0     0     0     0 2419677.59654  26.18   6.62
d 1912 10 03 10 01 01 GREE             0     0     0     0 2419678.91737  26.26   6.55
d 1912 10 04 10 52 00 GREE             0     0     0     0 2419679.95278  26.30   6.50
d 1912 10 05 11 18 00 GREE            38   130    20    71 2419680.97083  26.35   6.44
g 1912 10 05 11 18 00   7002          38   130    20    71  -6.70  80.60  -5.90 155.60 0.2490 0 6
s 1912 10 05 11 18 00   7002     1    38   130    20    71  -6.70  80.60  -5.90 155.60 0.2490 0 6
d 1912 10 06 13 04 01 GREE           136   444    70   230 2419682.04446  26.38   6.38
g 1912 10 06 13 04 01   7002         136   444    70   230  -7.30  80.70   8.30 213.90 0.2570 0 6
s 1912 10 06 13 04 01   7002     1   136   444    70   230  -7.30  80.70   8.30 213.90 0.2570 0 6
d 1912 10 07 12 11 01 GREE           126   693    70   362 2419683.00765  26.41   6.32
g 1912 10 07 12 11 01   7002         126   693    70   362  -8.00  81.10  21.40 236.60 0.4350 0 6
s 1912 10 07 12 11 01   7002     1   126   693    70   362  -8.00  81.10  21.40 236.60 0.4350 0 6
d 1912 10 08 11 29 01 GREE           106   614    67   386 2419683.97848  26.42   6.26
g 1912 10 08 11 29 01   7002         106   614    67   386  -8.00  81.50  34.60 247.90 0.6080 0 6
s 1912 10 08 11 29 01   7002     1   106   614    67   386  -8.00  81.50  34.60 247.90 0.6080 0 6
d 1912 10 09 11 05 00 GREE            61   348    48   273 2419684.96181  26.43   6.19
g 1912 10 09 11 05 00   7002          61   348    48   273  -8.40  82.30  48.40 253.70 0.7720 0 5
s 1912 10 09 11 05 00   7002     1    61   348    48   273  -8.40  82.30  48.40 253.70 0.7720 0 5
d 1912 10 10 10 33 01 GREE            31   154    37   181 2419685.93959  26.44   6.13
g 1912 10 10 10 33 01   7002          31   154    37   181  -8.80  84.30  63.30 257.30 0.9060 0 5
s 1912 10 10 10 33 01   7002     1    31   154    37   181  -8.80  84.30  63.30 257.30 0.9060 0 5
d 1912 10 11 12 11 01 GREE             8    58    23   164 2419687.00765  26.44   6.06
g 1912 10 11 12 11 01   7002           8    58    23   164  -8.90  85.60  78.70 259.80 0.9850 0 0
s 1912 10 11 12 11 01   7002     1     8    58    23   164  -8.90  85.60  78.70 259.80 0.9850 0 0
d 1912 10 12 10 49 00 GREE             0     0     0     0 2419687.95069  26.42   5.99
d 1912 10 13 11 45 01 GREE             0     0     0     0 2419688.98959  26.41   5.92
d 1912 10 14 06 31 01 GREE             0     0     0     0 2419689.77154  26.39   5.86
d 1912 10 15 11 31 00 GREE             0     0     0     0 2419690.97986  26.35   5.77
d 1912 10 16 10 29 00 GREE             0     0     0     0 2419691.93681  26.31   5.70
d 1912 10 17 11 11 00 GREE             0     0     0     0 2419692.96597  26.26   5.61
d 1912 10 18 10 04 01 GREE             0     5     0    20 2419693.91946  26.20   5.54
g 1912 10 18 10 04 01   7003           0     5     0    20  -4.60 207.30 -68.40  97.00 0.9380 0 9
s 1912 10 18 10 04 01   7003     1     0     5     0    20  -4.60 207.30 -68.40  97.00 0.9380 0 9
d 1912 10 19 10 22 00 GREE             2     6     2     9 2419694.93194  26.14   5.45
g 1912 10 19 10 22 00   7003           2     6     2     9  -5.20 207.90 -54.50 100.10 0.8270 0 9
s 1912 10 19 10 22 00   7003     1     2     6     2     9  -5.20 207.90 -54.50 100.10 0.8270 0 9
d 1912 10 20 09 57 01 GREE             0     8     0     8 2419695.91459  26.07   5.37
g 1912 10 20 09 57 01   7003           0     8     0     8  -4.70 207.60 -41.80 102.70 0.6840 0 9
s 1912 10 20 09 57 01   7003     1     0     8     0     8  -4.70 207.60 -41.80 102.70 0.6840 0 9
d 1912 10 21 10 32 00 GREE             0     0     0     0 2419696.93889  25.99   5.29
d 1912 10 22 12 36 00 GREE             0     0     0     0 2419698.02500  25.89   5.19
d 1912 10 23 11 13 01 GREE             0     0     0     0 2419698.96737  25.80   5.11
d 1912 10 24 10 55 00 GREE             0     0     0     0 2419699.95486  25.70   5.02
d 1912 10 25 11 21 00 GREE             0     0     0     0 2419700.97292  25.59   4.92
d 1912 10 26 06 10 00 GREE             0     0     0     0 2419701.75694  25.50   4.85
d 1912 10 27 09 38 01 GREE             0     0     0     0 2419702.90140  25.36   4.74
d 1912 10 28 12 02 01 GREE             0     0     0     0 2419704.00140  25.21   4.64
d 1912 10 29 10 12 00 GREE             0     0     0     0 2419704.92500  25.08   4.55
d 1912 10 30 10 00 00 GREE             0     0     0     0 2419705.91667  24.93   4.45
d 1912 10 31 09 18 01 GREE             0     0     0     0 2419706.88751  24.78   4.35
d 1912 11 01 11 00 01 GREE             0     0     0     0 2419707.95834  24.60   4.24
d 1912 11 02 10 49 00 GREE             0     0     0     0 2419708.95069  24.43   4.14
d 1912 11 03 09 38 01 GREE             0     0     0     0 2419709.90140  24.25   4.04
d 1912 11 04 09 31 01 GREE             0     0     0     0 2419710.89654  24.07   3.93
d 1912 11 05 10 30 01 GREE             0     0     0     0 2419711.93751  23.86   3.82
d 1912 11 06 09 51 01 GREE             0     0     0     0 2419712.91043  23.66   3.72
d 1912 11 07 14 25 00 GREE             0     0     0     0 2419714.10069  23.41   3.59
d 1912 11 08 13 29 00 GREE             0     0     0     0 2419715.06181  23.19   3.48
d 1912 11 09 11 54 00 GREE             0     0     0     0 2419715.99583  22.98   3.38
d 1912 11 10 09 57 01 GREE             0     0     0     0 2419716.91459  22.76   3.27
d 1912 11 11 11 35 01 GREE             0     0     0     0 2419717.98265  22.50   3.15
d 1912 11 12 10 20 01 GREE             0     0     0     0 2419718.93057  22.26   3.04
d 1912 11 13 13 19 00 GREE             0     0     0     0 2419720.05486  21.97   2.91
d 1912 11 14 12 17 00 GREE             0     0     0     0 2419721.01181  21.72   2.80
d 1912 11 15 12 05 01 GREE             0     0     0     0 2419722.00348  21.44   2.68
d 1912 11 16 09 46 00 GREE             0     4     0     8 2419722.90694  21.19   2.58
g 1912 11 16 09 46 00   7004           0     4     0     8  -2.40 190.10 -63.40  94.00 0.8960 0 9
s 1912 11 16 09 46 00   7004     1     0     4     0     8  -2.40 190.10 -63.40  94.00 0.8960 0 9
d 1912 11 17 09 44 01 GREE            10    33     8    27 2419723.90557  20.90   2.46
g 1912 11 17 09 44 01   7004          10    33     8    27  -2.90 189.50 -50.90  95.70 0.7800 0 9
s 1912 11 17 09 44 01   7004     1    10    33     8    27  -2.90 189.50 -50.90  95.70 0.7800 0 9
d 1912 11 18 12 08 01 GREE             6    25     4    20 2419725.00557  20.57   2.32
g 1912 11 18 12 08 01   7004           6    25     4    20  -2.70 190.20 -35.70  97.80 0.5890 0 9
s 1912 11 18 12 08 01   7004     1     6    25     4    20  -2.70 190.20 -35.70  97.80 0.5890 0 9
d 1912 11 19 10 13 00 GREE            10    49     6    31 2419725.92569  20.29   2.21
g 1912 11 19 10 13 00   7004          10    49     6    31  -2.40 189.30 -24.40 100.50 0.4200 0 9
s 1912 11 19 10 13 00   7004     1    10    49     6    31  -2.40 189.30 -24.40 100.50 0.4200 0 9
d 1912 11 20 07 00 00 GREE             0     0     0     0 2419726.79167  20.02   2.11
d 1912 11 21 08 35 01 GREE             0     0     0     0 2419727.85765  19.68   1.98
d 1912 11 22 11 32 01 GREE             0     0     0     0 2419728.98057  19.32   1.84
d 1912 11 23 03 47 01 GREE             0     0     0     0 2419729.65765  19.09   1.75
d 1912 11 24 11 32 01 GREE             0     0     0     0 2419730.98057  18.64   1.59
d 1912 11 25 04 17 01 GREE             0     0     0     0 2419731.67848  18.40   1.50
d 1912 11 26 09 00 00 GREE             0     0     0     0 2419732.87500  17.98   1.35
d 1912 11 27 10 29 00 GREE             0     0     0     0 2419733.93681  17.60   1.22
d 1912 11 28 13 04 01 GREE             0     0     0     0 2419735.04446  17.19   1.08
d 1912 11 29 07 53 01 GREE             0     0     0     0 2419735.82848  16.90   0.98
d 1912 11 30 07 27 01 GREE             0     0     0     0 2419736.81043  16.53   0.86
d 1912 12 01 09 51 01 GREE             0     0     0     0 2419737.91043  16.11   0.72
d 1912 12 02 10 43 01 GREE             0     0     0     0 2419738.94654  15.70   0.58
d 1912 12 03 08 51 00 GREE             0     0     0     0 2419739.86875  15.34   0.47
d 1912 12 04 09 54 01 GREE             0     0     0     0 2419740.91251  14.92   0.33
d 1912 12 05 07 52 00 GREE             0     0     0     0 2419741.82778  14.54   0.22
d 1912 12 06 07 26 00 GREE             0     0     0     0 2419742.80972  14.14   0.09
d 1912 12 07 07 48 00 GREE             0     0     0     0 2419743.82500  13.71  -0.04
d 1912 12 08 03 12 01 GREE             0     0     0     0 2419744.63334  13.37  -0.14
d 1912 12 09 09 05 01 GREE             0     0     0     0 2419745.87848  12.84  -0.30
d 1912 12 10 08 58 01 GREE             0     0     0     0 2419746.87362  12.41  -0.43
d 1912 12 11 09 48 01 GREE             0     0     0     0 2419747.90834  11.95  -0.56
d 1912 12 12 11 24 00 GREE            10    33    17    62 2419748.97500  11.48  -0.70
g 1912 12 12 11 24 00   7005           0     1     0     6  -1.20 198.10 -71.90  91.00 0.9510 0 7
s 1912 12 12 11 24 00   7005     1     0     1     0     6  -1.20 198.10 -71.90  91.00 0.9510 0 7
g 1912 12 12 11 24 00   7006          10    32    17    56  -1.50 196.50 -73.50  91.40 0.9600 0 1
s 1912 12 12 11 24 00   7006     1    10    32    17    56  -1.50 196.50 -73.50  91.40 0.9600 0 1
d 1912 12 13 07 46 01 GREE            34   197    37   212 2419749.82362  11.10  -0.81
g 1912 12 13 07 46 01   7005           5    37     5    36  -1.60 200.20 -58.60  91.40 0.8540 0 7
s 1912 12 13 07 46 01   7005     1     5    37     5    36  -1.60 200.20 -58.60  91.40 0.8540 0 7
g 1912 12 13 07 46 01   7006          29   160    32   176  -1.70 195.90 -62.90  91.50 0.8920 0 1
s 1912 12 13 07 46 01   7006     1    29   160    32   176  -1.70 195.90 -62.90  91.50 0.8920 0 1
d 1912 12 14 08 03 01 GREE            62   329    47   248 2419750.83543  10.65  -0.94
g 1912 12 14 08 03 01   7005          21    79    15    55  -1.50 201.30 -44.20  91.20 0.6970 0 7
s 1912 12 14 08 03 01   7005     1    21    79    15    55  -1.50 201.30 -44.20  91.20 0.6970 0 7
g 1912 12 14 08 03 01   7006          41   250    32   193  -1.70 196.00 -49.50  91.40 0.7630 0 1
s 1912 12 14 08 03 01   7006     1    41   250    32   193  -1.70 196.00 -49.50  91.40 0.7630 0 1
d 1912 12 15 09 43 00 GREE            87   452    53   273 2419751.90486  10.16  -1.07
g 1912 12 15 09 43 00   7005          32   152    19    88  -1.80 201.50 -29.90  91.80 0.4990 0 7
s 1912 12 15 09 43 00   7005     1    32   152    19    88  -1.80 201.50 -29.90  91.80 0.4990 0 7
g 1912 12 15 09 43 00   7006          55   300    34   185  -1.70 195.70 -35.70  91.40 0.5850 0 1
s 1912 12 15 09 43 00   7006     1    55   300    34   185  -1.70 195.70 -35.70  91.40 0.5850 0 1
d 1912 12 16 12 25 01 GREE            70   428    37   225 2419753.01737   9.65  -1.21
g 1912 12 16 12 25 01   7005          27   191    14    98  -1.80 204.00 -12.70  92.80 0.2200 0 7
s 1912 12 16 12 25 01   7005     1    27   191    14    98  -1.80 204.00 -12.70  92.80 0.2200 0 7
g 1912 12 16 12 25 01   7006          43   206    23   110  -1.80 196.30 -20.40  91.90 0.3490 0 1
s 1912 12 16 12 25 01   7006     1    43   206    23   110  -1.80 196.30 -20.40  91.90 0.3490 0 1
g 1912 12 16 12 25 01   7007           0    31     0    17  20.20 226.80  10.10 333.70 0.3710 0 9
s 1912 12 16 12 25 01   7007     1     0    31     0    17  20.20 226.80  10.10 333.70 0.3710 0 9
d 1912 12 17 10 14 01 GREE            95   431    49   228 2419753.92640   9.23  -1.33
g 1912 12 17 10 14 01   7005          45   195    23   100  -1.90 204.80   0.10 189.90 0.0100 0 7
s 1912 12 17 10 14 01   7005     1    45   195    23   100  -1.90 204.80   0.10 189.90 0.0100 0 7
g 1912 12 17 10 14 01   7006          24   110    12    59  -1.90 196.10  -8.60  93.90 0.1500 0 1
s 1912 12 17 10 14 01   7006     1    24   110    12    59  -1.90 196.10  -8.60  93.90 0.1500 0 1
g 1912 12 17 10 14 01   7007          26   126    14    69  20.10 227.30  22.60 315.20 0.5120 0 9
s 1912 12 17 10 14 01   7007     1    26   126    14    69  20.10 227.30  22.60 315.20 0.5120 0 9
d 1912 12 18 09 00 00 GREE            85   362    42   187 2419754.87500   8.79  -1.45
g 1912 12 18 09 00 00   7005          63   253    31   127  -1.80 204.50  12.30 268.20 0.2130 0 8
s 1912 12 18 09 00 00   7005     1    63   253    31   127  -1.80 204.50  12.30 268.20 0.2130 0 8
g 1912 12 18 09 00 00   7006           9    51     4    26  -1.60 196.40   4.20 267.90 0.0730 0 1
s 1912 12 18 09 00 00   7006     1     9    51     4    26  -1.60 196.40   4.20 267.90 0.0730 0 1
g 1912 12 18 09 00 00   7007          13    58     7    34  20.30 228.60  36.40 303.30 0.6660 0 9
s 1912 12 18 09 00 00   7007     1    13    58     7    34  20.30 228.60  36.40 303.30 0.6660 0 9
d 1912 12 19 11 21 00 GREE            87   548    49   279 2419755.97292   8.28  -1.59
g 1912 12 19 11 21 00   7005          87   548    49   279  -2.10 203.50  25.70 268.50 0.4340 0 8
s 1912 12 19 11 21 00   7005     1    87   548    49   279  -2.10 203.50  25.70 268.50 0.4340 0 8
d 1912 12 20 08 34 00 GREE            77   501    49   318 2419756.85694   7.86  -1.70
g 1912 12 20 08 34 00   7005          77   501    49   318  -2.20 204.10  38.00 268.60 0.6170 0 8
s 1912 12 20 08 34 00   7005     1    77   501    49   318  -2.20 204.10  38.00 268.60 0.6170 0 8
d 1912 12 21 13 26 00 GREE            67   295    57   250 2419758.05972   7.29  -1.85
g 1912 12 21 13 26 00   7005          67   295    57   250  -2.00 204.20  53.90 268.90 0.8090 0 8
s 1912 12 21 13 26 00   7005     1    67   295    57   250  -2.00 204.20  53.90 268.90 0.8090 0 8
d 1912 12 22 13 00 00 GREE            16   103    21   136 2419759.04167   6.83  -1.97
g 1912 12 22 13 00 00   7005          16   103    21   136  -2.10 205.10  67.80 268.50 0.9260 0 8
s 1912 12 22 13 00 00   7005     1    16   103    21   136  -2.10 205.10  67.80 268.50 0.9260 0 8
d 1912 12 23 10 26 00 GREE             0     0     0     0 2419759.93472   6.40  -2.08
d 1912 12 24 07 42 00 GREE             0     0     0     0 2419760.82083   5.98  -2.19
d 1912 12 25 09 17 00 GREE             0     0     0     0 2419761.88681   5.46  -2.32
d 1912 12 26 08 21 00 GREE             0     0     0     0 2419762.84792   5.00  -2.44
d 1912 12 27 08 57 00 GREE             0     0     0     0 2419763.87292   4.50  -2.56
d 1912 12 28 07 20 01 GREE             0     0     0     0 2419764.80557   4.05  -2.67
d 1912 12 29 12 11 01 GREE            10    64     5    37 2419766.00765   3.47  -2.81
g 1912 12 29 12 11 01   7008          10    64     5    37  26.20  56.80  11.20 339.00 0.4870 0 4
s 1912 12 29 12 11 01   7008     1    10    64     5    37  26.20  56.80  11.20 339.00 0.4870 0 4
d 1912 12 30 10 45 00 GREE             9    53     5    31 2419766.94792   3.01  -2.93
g 1912 12 30 10 45 00   7008           9    53     5    31  26.30  55.90  22.70 324.40 0.5960 0 4
s 1912 12 30 10 45 00   7008     1     9    53     5    31  26.30  55.90  22.70 324.40 0.5960 0 4
d 1912 12 31 12 30 00 GREE             9    59     7    43 2419768.02083   2.48  -3.05
g 1912 12 31 12 30 00   7008           9    59     7    43  25.70  56.80  37.70 310.50 0.7260 0 4
s 1912 12 31 12 30 00   7008     1     9    59     7    43  25.70  56.80  37.70 310.50 0.7260 0 4
