d 1889 01 01 07 12 00 GREE             0     0     0     0 2411003.80000   1.68  -3.28
d 1889 01 02 04 48 00 GREE             0     0     0     0 2411004.70000   1.24  -3.38
d 1889 01 03 04 48 00 GREE             0     0     0     0 2411005.70000   0.75  -3.49
d 1889 01 04 04 48 00 GREE             0     0     0     0 2411006.70000   0.27  -3.60
d 1889 01 05 09 36 00 GREE             0     0     0     0 2411007.90000  -0.32  -3.74
d 1889 01 06 07 12 00 GREE             0     0     0     0 2411008.80000  -0.76  -3.84
d 1889 01 07 04 48 00 GREE             0     0     0     0 2411009.70000  -1.19  -3.93
d 1889 01 08 07 12 00 GREE             0     0     0     0 2411010.80000  -1.73  -4.05
d 1889 01 09 04 48 00 GREE             0     0     0     0 2411011.70000  -2.16  -4.15
d 1889 01 10 04 48 00 GREE             0     0     0     0 2411012.70000  -2.64  -4.25
d 1889 01 11 12 00 00 GREE             0     0     0     0 2411014.00000  -3.27  -4.39
d 1889 01 12 09 36 00 GREE             0     0     0     0 2411014.90000  -3.70  -4.48
d 1889 01 13 07 12 00 GREE             0     0     0     0 2411015.80000  -4.13  -4.57
d 1889 01 14 07 12 00 GREE             0     0     0     0 2411016.80000  -4.60  -4.67
d 1889 01 16 09 10 00 GREE             6    70     4    41 2411018.88194  -5.58  -4.87
g 1889 01 16 09 10 00   2080           6    70     4    41   9.80 271.70 -26.10  59.70 0.5020 0 3
s 1889 01 16 09 10 00   2080     1     6    70     4    41   9.80 271.70 -26.10  59.70 0.5020 0 3
d 1889 01 17 08 47 00 GREE            16    60     9    32 2411019.86597  -6.04  -4.96
g 1889 01 17 08 47 00   2080          16    60     9    32  10.20 272.50 -12.40  38.70 0.3380 0 3
s 1889 01 17 08 47 00   2080     1    16    60     9    32  10.20 272.50 -12.40  38.70 0.3380 0 3
d 1889 01 18 07 12 00 GREE             0     0     0     0 2411020.80000  -6.47  -5.05
d 1889 01 19 12 00 00 GREE             0     0     0     0 2411022.00000  -7.02  -5.16
d 1889 01 20 04 48 00 GREE             0     0     0     0 2411022.70000  -7.34  -5.22
d 1889 01 21 04 48 00 GREE             0     0     0     0 2411023.70000  -7.80  -5.31
d 1889 01 22 04 48 00 GREE             0     0     0     0 2411024.70000  -8.25  -5.40
d 1889 01 23 04 48 00 GREE             0     0     0     0 2411025.70000  -8.70  -5.48
d 1889 01 24 04 48 00 GREE             0     0     0     0 2411026.70000  -9.14  -5.57
d 1889 01 25 07 12 00 GREE             0     0     0     0 2411027.80000  -9.62  -5.66
d 1889 01 26 09 36 00 GREE             0     0     0     0 2411028.90000 -10.10  -5.74
d 1889 01 27 12 00 00 GREE             0     0     0     0 2411030.00000 -10.58  -5.83
d 1889 01 28 12 00 00 GREE             0     0     0     0 2411031.00000 -11.00  -5.91
d 1889 01 29 04 48 00 GREE             0     0     0     0 2411031.70000 -11.30  -5.96
d 1889 01 30 04 48 00 GREE             0     0     0     0 2411032.70000 -11.72  -6.03
d 1889 01 31 12 00 00 GREE             0     0     0     0 2411034.00000 -12.26  -6.12
d 1889 02 01 08 11 00 GREE             7    36     7    33 2411034.84097 -12.60  -6.18
g 1889 02 01 08 11 00   2081           7    36     7    33  -2.30  31.70 -56.10  88.70 0.8370 0 2
s 1889 02 01 08 11 00   2081     1     7    36     7    33  -2.30  31.70 -56.10  88.70 0.8370 0 2
d 1889 02 02 10 43 01 GREE            28   166    19   111 2411035.94654 -13.05  -6.25
g 1889 02 02 10 43 01   2081          28   166    19   111  -2.90  32.60 -40.60  87.20 0.6600 0 8
s 1889 02 02 10 43 01   2081     1    28   166    19   111  -2.90  32.60 -40.60  87.20 0.6600 0 8
d 1889 02 03 13 00 00 GREE            26   201    15   113 2411037.04167 -13.48  -6.32
g 1889 02 03 13 00 00   2081          26   201    15   113  -4.10  32.10 -26.70  86.60 0.4510 0 8
s 1889 02 03 13 00 00   2081     1    26   201    15   113  -4.10  32.10 -26.70  86.60 0.4510 0 8
d 1889 02 04 04 53 01 GREE            15   137     8    73 2411037.70348 -13.75  -6.36
g 1889 02 04 04 53 01   2081          15   137     8    73  -3.70  31.60 -18.50  82.70 0.3310 0 8
s 1889 02 04 04 53 01   2081     1    15   137     8    73  -3.70  31.60 -18.50  82.70 0.3310 0 8
d 1889 02 05 07 22 00 GREE             3    43     2    22 2411038.80694 -14.18  -6.43
g 1889 02 05 07 22 00   2081           3    43     2    22  -3.90  31.90  -3.60  55.10 0.0990 0 8
s 1889 02 05 07 22 00   2081     1     3    43     2    22  -3.90  31.90  -3.60  55.10 0.0990 0 8
d 1889 02 06 04 42 00 GREE             0    11     0     6 2411039.69583 -14.52  -6.48
g 1889 02 06 04 42 00   2081           0    11     0     6  -3.90  31.60   7.80 287.90 0.1390 0 8
s 1889 02 06 04 42 00   2081     1     0    11     0     6  -3.90  31.60   7.80 287.90 0.1390 0 8
d 1889 02 07 14 24 00 GREE             0     0     0     0 2411041.10000 -15.05  -6.56
d 1889 02 08 07 12 00 GREE             0     0     0     0 2411041.80000 -15.31  -6.60
d 1889 02 09 12 00 00 GREE             0     0     0     0 2411043.00000 -15.76  -6.66
d 1889 02 10 04 48 00 GREE             0     0     0     0 2411043.70000 -16.01  -6.69
d 1889 02 11 04 48 00 GREE             0     0     0     0 2411044.70000 -16.37  -6.74
d 1889 02 12 07 12 00 GREE             0     0     0     0 2411045.80000 -16.76  -6.79
d 1889 02 13 04 48 00 GREE             0     0     0     0 2411046.70000 -17.07  -6.83
d 1889 02 14 04 48 00 GREE             0     0     0     0 2411047.70000 -17.42  -6.87
d 1889 02 15 12 00 00 GREE             0     0     0     0 2411049.00000 -17.85  -6.93
d 1889 02 16 02 24 00 GREE             0     0     0     0 2411049.60000 -18.05  -6.95
d 1889 02 17 12 00 00 GREE             0     0     0     0 2411051.00000 -18.51  -7.00
d 1889 02 18 12 00 00 GREE             0     0     0     0 2411052.00000 -18.83  -7.03
d 1889 02 19 07 12 00 GREE             0     0     0     0 2411052.80000 -19.08  -7.05
d 1889 02 20 04 48 00 GREE             0     0     0     0 2411053.70000 -19.35  -7.08
d 1889 02 21 09 36 00 GREE             0     0     0     0 2411054.90000 -19.72  -7.11
d 1889 02 22 11 45 01 GREE             6    32     6    32 2411055.98959 -20.04  -7.14
g 1889 02 22 11 45 01   2082           6    32     6    32  -7.40 109.80 -59.40  98.50 0.8630 0 2
s 1889 02 22 11 45 01   2082     1     6    32     6    32  -7.40 109.80 -59.40  98.50 0.8630 0 2
d 1889 02 23 09 57 01 GREE            13    65    10    47 2411056.91459 -20.30  -7.16
g 1889 02 23 09 57 01   2082          13    65    10    47  -7.10 111.30 -45.80  96.50 0.7160 0 8
s 1889 02 23 09 57 01   2082     1    13    65    10    47  -7.10 111.30 -45.80  96.50 0.7160 0 8
d 1889 02 25 06 20 00 GREE             3    61     2    33 2411058.76389 -20.82  -7.19
g 1889 02 25 06 20 00   2082           3    61     2    33  -6.10 112.00 -20.70  93.10 0.3520 0 9
s 1889 02 25 06 20 00   2082     1     3    61     2    33  -6.10 112.00 -20.70  93.10 0.3520 0 9
d 1889 02 26 10 19 00 GREE             0    81     0    41 2411059.92986 -21.14  -7.21
g 1889 02 26 10 19 00   2082           0    81     0    41  -7.50 111.10  -6.20 100.80 0.1090 0 9
s 1889 02 26 10 19 00   2082     1     0    81     0    41  -7.50 111.10  -6.20 100.80 0.1090 0 9
d 1889 02 27 10 29 00 GREE            71   291    36   147 2411060.93681 -21.40  -7.22
g 1889 02 27 10 29 00   2082          71   291    36   147  -7.50 111.30   7.10 268.50 0.1180 0 9
s 1889 02 27 10 29 00   2082     1    71   291    36   147  -7.50 111.30   7.10 268.50 0.1180 0 9
d 1889 02 28 13 56 01 GREE            35   174    19    94 2411062.08057 -21.70  -7.23
g 1889 02 28 13 56 01   2082          35   174    19    94  -7.50 111.30  22.30 269.00 0.3720 0 9
s 1889 02 28 13 56 01   2082     1    35   174    19    94  -7.50 111.30  22.30 269.00 0.3720 0 9
d 1889 03 01 11 18 00 GREE            16   100    10    61 2411062.97083 -21.92  -7.24
g 1889 03 01 11 18 00   2082          16   100    10    61  -7.30 112.50  35.20 267.50 0.5650 0 9
s 1889 03 01 11 18 00   2082     1    16   100    10    61  -7.30 112.50  35.20 267.50 0.5650 0 9
d 1889 03 02 05 44 00 GREE             4    39     3    28 2411063.73889 -22.11  -7.24
g 1889 03 02 05 44 00   2082           4    39     3    28  -7.50 112.20  45.10 266.60 0.7010 0 9
s 1889 03 02 05 44 00   2082     1     4    39     3    28  -7.50 112.20  45.10 266.60 0.7010 0 9
d 1889 03 03 12 00 00 GREE             0     0     0     0 2411065.00000 -22.41  -7.25
d 1889 03 04 12 00 00 GREE             0     0     0     0 2411066.00000 -22.64  -7.25
d 1889 03 05 11 57 00 GREE             0     5     0     9 2411066.99792 -22.87  -7.25
g 1889 03 05 11 57 00   2083           0     5     0     9  -7.60 312.80 -71.40  98.10 0.9490 0 0
s 1889 03 05 11 57 00   2083     1     0     5     0     9  -7.60 312.80 -71.40  98.10 0.9490 0 0
d 1889 03 06 11 48 00 GREE             2    25     2    24 2411067.99167 -23.08  -7.25
g 1889 03 06 11 48 00   2083           2    25     2    24  -6.90 313.80 -57.30  93.60 0.8450 0 0
s 1889 03 06 11 48 00   2083     1     2    25     2    24  -6.90 313.80 -57.30  93.60 0.8450 0 0
d 1889 03 07 05 12 00 GREE             4    31     3    23 2411068.71667 -23.24  -7.24
g 1889 03 07 05 12 00   2083           4    31     3    23  -6.10 314.20 -47.40  95.20 0.7350 0 7
s 1889 03 07 05 12 00   2083     1     4    31     3    23  -6.10 314.20 -47.40  95.20 0.7350 0 7
d 1889 03 08 03 56 00 GREE             3    39     2    24 2411069.66389 -23.44  -7.24
g 1889 03 08 03 56 00   2083           3    39     2    24  -6.20 315.00 -34.10  92.70 0.5580 0 0
s 1889 03 08 03 56 00   2083     1     3    39     2    24  -6.20 315.00 -34.10  92.70 0.5580 0 0
d 1889 03 09 11 05 00 GREE            13    53     7    28 2411070.96181 -23.70  -7.22
g 1889 03 09 11 05 00   2083          13    53     7    28  -6.90 316.30 -15.70  89.80 0.2750 0 0
s 1889 03 09 11 05 00   2083     1    13    53     7    28  -6.90 316.30 -15.70  89.80 0.2750 0 0
d 1889 03 10 09 25 01 GREE            11    53     6    27 2411071.89237 -23.88  -7.21
g 1889 03 10 09 25 01   2083          11    53     6    27  -7.10 317.30  -2.40 117.90 0.0470 0 0
s 1889 03 10 09 25 01   2083     1    11    53     6    27  -7.10 317.30  -2.40 117.90 0.0470 0 0
d 1889 03 11 11 41 00 GREE             3    35     2    18 2411072.98681 -24.08  -7.20
g 1889 03 11 11 41 00   2083           3    35     2    18  -7.40 317.60  12.30 269.90 0.2010 0 1
s 1889 03 11 11 41 00   2083     1     3    35     2    18  -7.40 317.60  12.30 269.90 0.2010 0 1
d 1889 03 12 09 24 00 GREE            14    54     8    39 2411073.89167 -24.24  -7.18
g 1889 03 12 09 24 00   2083          14    47     8    26  -7.80 318.00  24.60 267.00 0.4130 0 1
s 1889 03 12 09 24 00   2083     1    14    47     8    26  -7.80 318.00  24.60 267.00 0.4130 0 1
g 1889 03 12 09 24 00   2084           0     7     0    13  -4.70   8.40  75.00 267.00 0.9650 0 0
s 1889 03 12 09 24 00   2084     1     0     7     0    13  -4.70   8.40  75.00 267.00 0.9650 0 0
d 1889 03 13 06 08 01 GREE            28   119    17    69 2411074.75557 -24.39  -7.17
g 1889 03 13 06 08 01   2083           4    20     3    13  -8.40 320.10  38.10 267.50 0.6110 0 1
s 1889 03 13 06 08 01   2083     1     4    20     3    13  -8.40 320.10  38.10 267.50 0.6110 0 1
g 1889 03 13 06 08 01   2085          24    99    14    56   5.90 306.50  24.50 294.10 0.4520 0 3
s 1889 03 13 06 08 01   2085     1    24    99    14    56   5.90 306.50  24.50 294.10 0.4520 0 3
d 1889 03 14 12 24 00 GREE            10   171     7   121 2411076.01667 -24.60  -7.14
g 1889 03 14 12 24 00   2083           0    12     0    11  -8.10 321.50  56.10 265.10 0.8200 0 0
s 1889 03 14 12 24 00   2083     1     0    12     0    11  -8.10 321.50  56.10 265.10 0.8200 0 0
g 1889 03 14 12 24 00   2085          10   159     7   110   6.70 307.90  42.50 286.90 0.6890 0 2
s 1889 03 14 12 24 00   2085     1    10   159     7   110   6.70 307.90  42.50 286.90 0.6890 0 2
d 1889 03 15 06 46 00 GREE            40   166    36   152 2411076.78194 -24.72  -7.12
g 1889 03 15 06 46 00   2083           0     5     0     7  -9.20 322.90  67.60 268.40 0.9130 0 0
s 1889 03 15 06 46 00   2083     1     0     5     0     7  -9.20 322.90  67.60 268.40 0.9130 0 0
g 1889 03 15 06 46 00   2085          40   161    36   145   6.10 310.00  54.70 282.10 0.8300 0 2
s 1889 03 15 06 46 00   2085     1    40   161    36   145   6.10 310.00  54.70 282.10 0.8300 0 2
d 1889 03 16 13 19 00 GREE            15   115    27   203 2411078.05486 -24.92  -7.09
g 1889 03 16 13 19 00   2085          15   115    27   203   6.50 311.70  73.20 277.30 0.9590 0 3
s 1889 03 16 13 19 00   2085     1    15   115    27   203   6.50 311.70  73.20 277.30 0.9590 0 3
d 1889 03 17 09 23 00 GREE             0    15     0    36 2411078.89097 -25.04  -7.07
g 1889 03 17 09 23 00   2085           0    15     0    36   6.00 304.90  77.40 276.00 0.9760 0 0
s 1889 03 17 09 23 00   2085     1     0    15     0    36   6.00 304.90  77.40 276.00 0.9760 0 0
d 1889 03 18 04 48 00 GREE             0     0     0     0 2411079.70000 -25.15  -7.05
d 1889 03 19 04 48 00 GREE             0     0     0     0 2411080.70000 -25.28  -7.02
d 1889 03 20 04 48 00 GREE             0     0     0     0 2411081.70000 -25.41  -6.98
d 1889 03 21 09 36 00 GREE             0     0     0     0 2411082.90000 -25.55  -6.94
d 1889 03 22 14 24 00 GREE             0     0     0     0 2411084.10000 -25.68  -6.89
d 1889 03 23 12 00 00 GREE             0     0     0     0 2411085.00000 -25.78  -6.86
d 1889 03 24 04 48 00 GREE             0     0     0     0 2411085.70000 -25.85  -6.83
d 1889 03 25 07 12 00 GREE             0     0     0     0 2411086.80000 -25.95  -6.78
d 1889 03 26 07 12 00 GREE             0     0     0     0 2411087.80000 -26.03  -6.74
d 1889 03 27 04 48 00 GREE             0     0     0     0 2411088.70000 -26.10  -6.69
d 1889 03 28 14 24 00 GREE             0     0     0     0 2411090.10000 -26.19  -6.63
d 1889 03 29 04 48 00 GREE             0     0     0     0 2411090.70000 -26.23  -6.59
d 1889 03 30 04 48 00 GREE             0     0     0     0 2411091.70000 -26.29  -6.54
d 1889 03 31 04 48 00 GREE             0     0     0     0 2411092.70000 -26.33  -6.49
d 1889 04 01 15 48 01 GREE            10    53    18    89 2411094.15834 -26.39  -6.40
g 1889 04 01 15 48 01   2086          10    53    18    89   4.90 314.80 -71.20  81.40 0.9540 0 0
s 1889 04 01 15 48 01   2086     1    10    53    18    89   4.90 314.80 -71.20  81.40 0.9540 0 0
d 1889 04 02 11 09 01 GREE            17    96    18   101 2411094.96459 -26.42  -6.36
g 1889 04 02 11 09 01   2086          17    96    18   101   5.00 315.10 -60.40  80.60 0.8780 0 0
s 1889 04 02 11 09 01   2086     1    17    96    18   101   5.00 315.10 -60.40  80.60 0.8780 0 0
d 1889 04 03 07 00 00 GREE            26   144    21   114 2411095.79167 -26.44  -6.31
g 1889 04 03 07 00 00   2086          26   144    21   114   5.50 315.30 -49.20  76.80 0.7740 0 0
s 1889 04 03 07 00 00   2086     1    26   144    21   114   5.50 315.30 -49.20  76.80 0.7740 0 0
d 1889 04 04 09 59 00 GREE            25   156    16    97 2411096.91597 -26.46  -6.24
g 1889 04 04 09 59 00   2086          25   156    16    97   5.00 315.10 -34.60  72.20 0.5940 0 0
s 1889 04 04 09 59 00   2086     1    25   156    16    97   5.00 315.10 -34.60  72.20 0.5940 0 0
d 1889 04 05 12 25 01 GREE            22   167    12    91 2411098.01737 -26.47  -6.16
g 1889 04 05 12 25 01   2086          22   167    12    91   5.10 315.20 -20.00  60.30 0.3920 0 0
s 1889 04 05 12 25 01   2086     1    22   167    12    91   5.10 315.20 -20.00  60.30 0.3920 0 0
d 1889 04 06 12 33 00 GREE            17   161     9    83 2411099.02292 -26.47  -6.10
g 1889 04 06 12 33 00   2086          17   161     9    83   5.50 315.30  -6.70  30.80 0.2270 0 0
s 1889 04 06 12 33 00   2086     1    17   161     9    83   5.50 315.30  -6.70  30.80 0.2270 0 0
d 1889 04 07 12 46 00 GREE            25   160    13    82 2411100.03194 -26.47  -6.03
g 1889 04 07 12 46 00   2086          25   160    13    82   5.50 315.20   6.50 329.00 0.2190 0 0
s 1889 04 07 12 46 00   2086     1    25   160    13    82   5.50 315.20   6.50 329.00 0.2190 0 0
d 1889 04 08 04 27 01 GREE            20   100    11    53 2411100.68543 -26.46  -5.98
g 1889 04 08 04 27 01   2086          20   100    11    53   5.20 315.20  15.20 305.10 0.3190 0 0
s 1889 04 08 04 27 01   2086     1    20   100    11    53   5.20 315.20  15.20 305.10 0.3190 0 0
d 1889 04 09 07 55 00 GREE            15    66     9    39 2411101.82986 -26.44  -5.90
g 1889 04 09 07 55 00   2086          15    66     9    39   5.50 315.20  30.40 288.50 0.5310 0 0
s 1889 04 09 07 55 00   2086     1    15    66     9    39   5.50 315.20  30.40 288.50 0.5310 0 0
d 1889 04 10 04 52 00 GREE             2    32     2    22 2411102.70278 -26.42  -5.84
g 1889 04 10 04 52 00   2086           2    32     2    22   5.80 314.70  41.40 284.90 0.6700 0 0
s 1889 04 10 04 52 00   2086     1     2    32     2    22   5.80 314.70  41.40 284.90 0.6700 0 0
d 1889 04 11 05 54 00 GREE             0    32     0    30 2411103.74583 -26.39  -5.76
g 1889 04 11 05 54 00   2086           0     7     0     7   5.20 315.40  55.90 278.10 0.8330 0 0
s 1889 04 11 05 54 00   2086     1     0     7     0     7   5.20 315.40  55.90 278.10 0.8330 0 0
g 1889 04 11 05 54 00   2087           0    25     0    23  -1.30 203.20 -56.30  87.80 0.8350 0 2
s 1889 04 11 05 54 00   2087     1     0    25     0    23  -1.30 203.20 -56.30  87.80 0.8350 0 2
d 1889 04 12 07 22 00 GREE             1    10     1     7 2411104.80694 -26.35  -5.68
g 1889 04 12 07 22 00   2087           1    10     1     7  -1.00 202.80 -42.70  85.40 0.6900 0 0
s 1889 04 12 07 22 00   2087     1     1    10     1     7  -1.00 202.80 -42.70  85.40 0.6900 0 0
d 1889 04 13 04 48 00 GREE             0     0     0     0 2411105.70000 -26.30  -5.61
d 1889 04 14 04 48 00 GREE             0     0     0     0 2411106.70000 -26.25  -5.53
d 1889 04 15 09 36 00 GREE             0     0     0     0 2411107.90000 -26.18  -5.43
d 1889 04 16 04 48 00 GREE             0     0     0     0 2411108.70000 -26.12  -5.37
d 1889 04 17 04 48 00 GREE             0     0     0     0 2411109.70000 -26.04  -5.28
d 1889 04 18 07 12 00 GREE             0     0     0     0 2411110.80000 -25.95  -5.19
d 1889 04 19 12 00 00 GREE             0     0     0     0 2411112.00000 -25.84  -5.08
d 1889 04 20 04 48 00 GREE             0     0     0     0 2411112.70000 -25.77  -5.02
d 1889 04 21 12 00 00 GREE             0     0     0     0 2411114.00000 -25.63  -4.91
d 1889 04 22 09 36 00 GREE             0     0     0     0 2411114.90000 -25.53  -4.82
d 1889 04 23 07 12 00 GREE             0     0     0     0 2411115.80000 -25.42  -4.74
d 1889 04 24 04 48 00 GREE             0     0     0     0 2411116.70000 -25.31  -4.66
d 1889 04 25 04 48 00 GREE             0     0     0     0 2411117.70000 -25.17  -4.56
d 1889 04 26 12 00 00 GREE             0     0     0     0 2411119.00000 -24.99  -4.44
d 1889 04 27 12 00 00 GREE             0     0     0     0 2411120.00000 -24.83  -4.34
d 1889 04 28 16 48 00 GREE             0     0     0     0 2411121.20000 -24.64  -4.22
d 1889 04 29 12 00 00 GREE             0     0     0     0 2411122.00000 -24.51  -4.14
d 1889 04 30 07 12 00 GREE             0     0     0     0 2411122.80000 -24.37  -4.06
d 1889 05 01 04 48 00 GREE             0     0     0     0 2411123.70000 -24.21  -3.97
d 1889 05 02 04 48 00 GREE             0     0     0     0 2411124.70000 -24.02  -3.86
d 1889 05 03 14 24 00 GREE             0     0     0     0 2411126.10000 -23.75  -3.72
d 1889 05 04 12 00 00 GREE             0     0     0     0 2411127.00000 -23.57  -3.62
d 1889 05 05 15 27 00 GREE             0    42     0   126 2411128.14375 -23.33  -3.50
g 1889 05 05 15 27 00   2088           0    42     0   126  -1.90 217.40 -79.90  93.70 0.9860 0 0
s 1889 05 05 15 27 00   2088     1     0    42     0   126  -1.90 217.40 -79.90  93.70 0.9860 0 0
d 1889 05 06 11 03 01 GREE            14    85    20   121 2411128.96043 -23.15  -3.41
g 1889 05 06 11 03 01   2088          14    85    20   121  -1.50 217.60 -68.80  95.30 0.9360 0 0
s 1889 05 06 11 03 01   2088     1    14    85    20   121  -1.50 217.60 -68.80  95.30 0.9360 0 0
d 1889 05 07 12 37 00 GREE            34   113    30   100 2411130.02569 -22.91  -3.30
g 1889 05 07 12 37 00   2088          34   113    30   100  -1.60 217.10 -55.30  93.10 0.8230 0 0
s 1889 05 07 12 37 00   2088     1    34   113    30   100  -1.60 217.10 -55.30  93.10 0.8230 0 0
d 1889 05 08 11 18 00 GREE            11    76     8    53 2411130.97083 -22.69  -3.19
g 1889 05 08 11 18 00   2088          11    76     8    53  -1.60 216.80 -43.10  88.90 0.6940 0 4
s 1889 05 08 11 18 00   2088     1    11    76     8    53  -1.60 216.80 -43.10  88.90 0.6940 0 4
d 1889 05 09 04 49 00 GREE             5    30     3    18 2411131.70069 -22.52  -3.11
g 1889 05 09 04 49 00   2088           5    30     3    18  -1.30 217.20 -33.00  87.60 0.5480 0 4
s 1889 05 09 04 49 00   2088     1     5    30     3    18  -1.30 217.20 -33.00  87.60 0.5480 0 4
d 1889 05 10 11 52 01 GREE             0    23     0    12 2411132.99446 -22.21  -2.97
g 1889 05 10 11 52 01   2088           0    23     0    12  -0.90 218.70 -14.40  82.10 0.2650 0 4
s 1889 05 10 11 52 01   2088     1     0    23     0    12  -0.90 218.70 -14.40  82.10 0.2650 0 4
d 1889 05 11 02 24 00 GREE             0     0     0     0 2411133.60000 -22.06  -2.90
d 1889 05 12 04 48 00 GREE             0     0     0     0 2411134.70000 -21.77  -2.78
d 1889 05 13 07 12 00 GREE             0     0     0     0 2411135.80000 -21.49  -2.65
d 1889 05 14 07 12 00 GREE             0     0     0     0 2411136.80000 -21.21  -2.54
d 1889 05 15 12 00 00 GREE             0     0     0     0 2411138.00000 -20.88  -2.40
d 1889 05 16 09 36 00 GREE             0     0     0     0 2411138.90000 -20.63  -2.30
d 1889 05 17 16 48 00 GREE             0     0     0     0 2411140.20000 -20.25  -2.15
d 1889 05 18 14 24 00 GREE             0     0     0     0 2411141.10000 -19.98  -2.05
d 1889 05 19 04 48 00 GREE             0     0     0     0 2411141.70000 -19.80  -1.98
d 1889 05 20 12 00 00 GREE             0     0     0     0 2411143.00000 -19.40  -1.82
d 1889 05 21 09 36 00 GREE             0     0     0     0 2411143.90000 -19.11  -1.72
d 1889 05 22 09 36 00 GREE             0     0     0     0 2411144.90000 -18.79  -1.60
d 1889 05 23 09 36 00 GREE             0     0     0     0 2411145.90000 -18.46  -1.48
d 1889 05 24 09 36 00 GREE             0     0     0     0 2411146.90000 -18.13  -1.36
d 1889 05 25 09 36 00 GREE             0     0     0     0 2411147.90000 -17.79  -1.24
d 1889 05 26 07 12 00 GREE             0     0     0     0 2411148.80000 -17.48  -1.13
d 1889 05 27 05 13 01 GREE             8    34     4    17 2411149.71737 -17.16  -1.02
g 1889 05 27 05 13 01   2089           8    34     4    17  -7.10  21.60   9.80 236.40 0.2020 0 7
s 1889 05 27 05 13 01   2089     1     8    34     4    17  -7.10  21.60   9.80 236.40 0.2020 0 7
d 1889 05 28 12 00 00 GREE             0     0     0     0 2411151.00000 -16.70  -0.87
d 1889 05 29 09 36 00 GREE             0     0     0     0 2411151.90000 -16.38  -0.76
d 1889 05 30 09 36 00 GREE             0     0     0     0 2411152.90000 -16.01  -0.64
d 1889 05 31 12 00 00 GREE             0     0     0     0 2411154.00000 -15.61  -0.51
d 1889 06 01 09 36 00 GREE             0     0     0     0 2411154.90000 -15.27  -0.40
d 1889 06 02 09 36 00 GREE             0     0     0     0 2411155.90000 -14.89  -0.28
d 1889 06 03 09 36 00 GREE             0     0     0     0 2411156.90000 -14.50  -0.16
d 1889 06 04 12 00 00 GREE             0     0     0     0 2411158.00000 -14.07  -0.03
d 1889 06 05 09 36 00 GREE             0     0     0     0 2411158.90000 -13.71   0.08
d 1889 06 06 12 00 00 GREE             0     0     0     0 2411160.00000 -13.28   0.21
d 1889 06 07 09 36 00 GREE             0     0     0     0 2411160.90000 -12.91   0.32
d 1889 06 08 02 24 00 GREE             0     0     0     0 2411161.60000 -12.63   0.41
d 1889 06 09 04 48 00 GREE             0     0     0     0 2411162.70000 -12.18   0.54
d 1889 06 10 04 48 00 GREE             0     0     0     0 2411163.70000 -11.76   0.66
d 1889 06 11 09 36 00 GREE             0     0     0     0 2411164.90000 -11.26   0.80
d 1889 06 12 07 12 00 GREE             0     0     0     0 2411165.80000 -10.88   0.91
d 1889 06 13 09 36 00 GREE             0     0     0     0 2411166.90000 -10.41   1.04
d 1889 06 14 04 48 00 GREE             0     0     0     0 2411167.70000 -10.07   1.14
d 1889 06 15 07 12 00 GREE             0     0     0     0 2411168.80000  -9.60   1.27
d 1889 06 16 11 18 00 GREE            47   231    91   447 2411169.97083  -9.09   1.41
g 1889 06 16 11 18 00   2090          47   231    91   447  -5.80  29.60 -74.30  97.50 0.9660 0 0
s 1889 06 16 11 18 00   2090     1    47   231    91   447  -5.80  29.60 -74.30  97.50 0.9660 0 0
d 1889 06 17 09 33 00 GREE            78   463    92   545 2411170.89792  -8.68   1.52
g 1889 06 17 09 33 00   2090          78   463    92   545  -5.60  27.80 -63.70  99.60 0.9050 0 7
s 1889 06 17 09 33 00   2090     1    78   463    92   545  -5.60  27.80 -63.70  99.60 0.9050 0 7
d 1889 06 18 15 00 00 GREE           128   722    96   538 2411172.12500  -8.15   1.66
g 1889 06 18 15 00 00   2090         128   722    96   538  -5.80  28.20 -47.20  99.90 0.7410 0 7
s 1889 06 18 15 00 00   2090     1   128   722    96   538  -5.80  28.20 -47.20  99.90 0.7410 0 7
d 1889 06 19 09 46 00 GREE           144   857    91   539 2411172.90694  -7.80   1.75
g 1889 06 19 09 46 00   2090         144   857    91   539  -5.80  28.60 -36.10 104.70 0.6060 0 7
s 1889 06 19 09 46 00   2090     1   144   857    91   539  -5.80  28.60 -36.10 104.70 0.6060 0 7
d 1889 06 20 09 31 01 GREE           169   943    93   519 2411173.89654  -7.36   1.87
g 1889 06 20 09 31 01   2090         169   943    93   519  -5.80  28.90 -22.80 112.40 0.4170 0 7
s 1889 06 20 09 31 01   2090     1   169   943    93   519  -5.80  28.90 -22.80 112.40 0.4170 0 7
d 1889 06 21 12 36 00 GREE           181  1087    92   552 2411175.02500  -6.86   2.00
g 1889 06 21 12 36 00   2090         181  1087    92   552  -5.80  30.30  -6.70 137.60 0.1720 0 1
s 1889 06 21 12 36 00   2090     1   181  1087    92   552  -5.80  30.30  -6.70 137.60 0.1720 0 1
d 1889 06 22 10 59 01 GREE           246  1250   125   633 2411175.95765  -6.44   2.11
g 1889 06 22 10 59 01   2090         246  1250   125   633  -5.70  30.80   6.30 224.40 0.1560 0 1
s 1889 06 22 10 59 01   2090     1   246  1250   125   633  -5.70  30.80   6.30 224.40 0.1560 0 1
d 1889 06 23 12 30 00 GREE           191  1016   103   547 2411177.02083  -5.96   2.23
g 1889 06 23 12 30 00   2090         191  1016   103   547  -5.70  31.20  20.70 251.90 0.3700 0 1
s 1889 06 23 12 30 00   2090     1   191  1016   103   547  -5.70  31.20  20.70 251.90 0.3700 0 1
d 1889 06 24 14 08 00 GREE           162   830   100   510 2411178.08889  -5.48   2.35
g 1889 06 24 14 08 00   2090         162   830   100   510  -5.20  31.80  35.50 257.90 0.5800 0 1
s 1889 06 24 14 08 00   2090     1   162   830   100   510  -5.20  31.80  35.50 257.90 0.5800 0 1
d 1889 06 25 10 04 01 GREE           138   662   102   487 2411178.91946  -5.11   2.45
g 1889 06 25 10 04 01   2090         138   662   102   487  -4.90  32.10  46.80 262.30 0.7330 0 0
s 1889 06 25 10 04 01   2090     1   138   662   102   487  -4.90  32.10  46.80 262.30 0.7330 0 0
d 1889 06 26 09 15 01 GREE            92   505    92   502 2411179.88543  -4.67   2.55
g 1889 06 26 09 15 01   2090          92   505    92   502  -4.80  32.70  60.10 263.00 0.8640 0 1
s 1889 06 26 09 15 01   2090     1    92   505    92   502  -4.80  32.70  60.10 263.00 0.8640 0 1
d 1889 06 27 10 37 01 GREE            45   224    81   400 2411180.94237  -4.19   2.67
g 1889 06 27 10 37 01   2090          45   224    81   400  -4.80  32.80  74.20 267.20 0.9600 0 0
s 1889 06 27 10 37 01   2090     1    45   224    81   400  -4.80  32.80  74.20 267.20 0.9600 0 0
d 1889 06 28 09 18 01 GREE             0    25     0   287 2411181.88751  -3.76   2.78
g 1889 06 28 09 18 01   2090           0    25     0   287  -5.40  33.00  86.90 264.30 0.9990 0 0
s 1889 06 28 09 18 01   2090     1     0    25     0   287  -5.40  33.00  86.90 264.30 0.9990 0 0
d 1889 06 29 12 08 01 GREE             0     1     0     1 2411183.00557  -3.25   2.90
g 1889 06 29 12 08 01   2091           0     1     0     1 -40.30 249.60 -41.70 143.20 0.8460 0 0
s 1889 06 29 12 08 01   2091     1     0     1     0     1 -40.30 249.60 -41.70 143.20 0.8460 0 0
d 1889 06 30 08 38 00 GREE             0    10     0     8 2411183.85972  -2.86   3.00
g 1889 06 30 08 38 00   2091           0    10     0     8 -40.30 252.50 -27.40 152.70 0.7660 0 0
s 1889 06 30 08 38 00   2091     1     0    10     0     8 -40.30 252.50 -27.40 152.70 0.7660 0 0
d 1889 07 01 09 36 00 GREE             0     0     0     0 2411184.90000  -2.38   3.11
d 1889 07 02 12 00 00 GREE             0     0     0     0 2411186.00000  -1.88   3.23
d 1889 07 03 04 48 00 GREE             0     0     0     0 2411186.70000  -1.56   3.30
d 1889 07 04 14 24 00 GREE             0     0     0     0 2411188.10000  -0.92   3.45
d 1889 07 05 09 36 00 GREE             0     0     0     0 2411188.90000  -0.55   3.54
d 1889 07 06 09 36 00 GREE             0     0     0     0 2411189.90000  -0.10   3.64
d 1889 07 07 04 48 00 GREE             0     0     0     0 2411190.70000   0.27   3.73
d 1889 07 09 12 00 00 GREE             0     0     0     0 2411193.00000   1.31   3.96
d 1889 07 10 04 48 00 GREE             0     0     0     0 2411193.70000   1.63   4.03
d 1889 07 11 09 36 00 GREE             0     0     0     0 2411194.90000   2.17   4.15
d 1889 07 12 12 20 00 GREE             9    61    45   280 2411196.01389   2.68   4.26
g 1889 07 12 12 20 00   2092           9    61    45   280  -7.40  36.80 -82.30  98.60 0.9940 0 0
s 1889 07 12 12 20 00   2092     1     9    61    45   280  -7.40  36.80 -82.30  98.60 0.9940 0 0
d 1889 07 13 10 43 01 GREE            34   209    55   332 2411196.94654   3.10   4.35
g 1889 07 13 10 43 01   2092          34   209    55   332  -7.00  36.50 -70.30 100.00 0.9490 0 0
s 1889 07 13 10 43 01   2092     1    34   209    55   332  -7.00  36.50 -70.30 100.00 0.9490 0 0
d 1889 07 14 06 59 00 GREE            68   322    68   322 2411197.79097   3.47   4.43
g 1889 07 14 06 59 00   2092          65   313    66   317  -7.30  36.20 -59.20 101.40 0.8690 0 0
s 1889 07 14 06 59 00   2092     1    65   313    66   317  -7.30  36.20 -59.20 101.40 0.8690 0 0
g 1889 07 14 06 59 00   2093           3     9     2     5  -6.70  81.10 -14.30 126.70 0.3060 0 3
s 1889 07 14 06 59 00   2093     1     3     9     2     5  -6.70  81.10 -14.30 126.70 0.3060 0 3
d 1889 07 15 10 16 00 GREE            81   541    56   374 2411198.92778   3.98   4.54
g 1889 07 15 10 16 00   2092          64   440    47   322  -7.00  35.90 -44.60 107.30 0.7300 0 3
s 1889 07 15 10 16 00   2092     1    64   440    47   322  -7.00  35.90 -44.60 107.30 0.7300 0 3
g 1889 07 15 10 16 00   2093          17   101     9    52  -7.20  81.70   1.20 185.90 0.2010 0 3
s 1889 07 15 10 16 00   2093     1    17   101     9    52  -7.20  81.70   1.20 185.90 0.2010 0 3
d 1889 07 16 10 29 00 GREE           106   649    63   384 2411199.93681   4.43   4.63
g 1889 07 16 10 29 00   2092          82   529    50   320  -7.20  35.90 -31.30 113.50 0.5620 0 3
s 1889 07 16 10 29 00   2092     1    82   529    50   320  -7.20  35.90 -31.30 113.50 0.5620 0 3
g 1889 07 16 10 29 00   2093          24   120    13    64  -8.40  82.70  15.50 232.60 0.3330 0 3
s 1889 07 16 10 29 00   2093     1    24   120    13    64  -8.40  82.70  15.50 232.60 0.3330 0 3
d 1889 07 17 05 48 00 GREE           129   689    72   380 2411200.74167   4.79   4.71
g 1889 07 17 05 48 00   2092          96   593    53   325  -8.10  36.10 -20.40 122.50 0.4090 0 0
s 1889 07 17 05 48 00   2092     1    96   593    53   325  -8.10  36.10 -20.40 122.50 0.4090 0 0
g 1889 07 17 05 48 00   2093          33    96    19    55  -7.80  83.60  27.10 248.80 0.4840 0 3
s 1889 07 17 05 48 00   2093     1    33    96    19    55  -7.80  83.60  27.10 248.80 0.4840 0 3
d 1889 07 18 04 53 01 GREE           105   690    56   368 2411201.70348   5.21   4.80
g 1889 07 18 04 53 01   2092          98   625    51   324  -8.30  36.10  -7.70 149.30 0.2600 0 7
s 1889 07 18 04 53 01   2092     1    98   625    51   324  -8.30  36.10  -7.70 149.30 0.2600 0 7
g 1889 07 18 04 53 01   2093           7    65     5    44  -8.10  84.40  40.60 253.80 0.6710 0 3
s 1889 07 18 04 53 01   2093     1     7    65     5    44  -8.10  84.40  40.60 253.80 0.6710 0 3
d 1889 07 19 11 18 00 GREE           154   809    80   422 2411202.97083   5.77   4.91
g 1889 07 19 11 18 00   2092         154   804    80   416  -7.80  36.50   9.40 219.20 0.2560 0 7
s 1889 07 19 11 18 00   2092     1   154   804    80   416  -7.80  36.50   9.40 219.20 0.2560 0 7
g 1889 07 19 11 18 00   2093           0     5     0     6  -7.40  88.80  61.70 261.90 0.8820 0 0
s 1889 07 19 11 18 00   2093     1     0     5     0     6  -7.40  88.80  61.70 261.90 0.8820 0 0
d 1889 07 20 05 47 00 GREE           118   739    66   407 2411203.74097   6.10   4.98
g 1889 07 20 05 47 00   2092         117   735    64   400  -8.20  36.50  19.70 238.10 0.3930 0 7
s 1889 07 20 05 47 00   2092     1   117   735    64   400  -8.20  36.50  19.70 238.10 0.3930 0 7
g 1889 07 20 05 47 00   2093           1     4     2     7  -8.30  88.60  71.80 260.90 0.9520 0 0
s 1889 07 20 05 47 00   2093     1     1     4     2     7  -8.30  88.60  71.80 260.90 0.9520 0 0
d 1889 07 21 06 46 00 GREE           105   529    64   321 2411204.78194   6.55   5.07
g 1889 07 21 06 46 00   2092         105   529    64   321  -8.50  35.80  32.70 251.00 0.5650 0 7
s 1889 07 21 06 46 00   2092     1   105   529    64   321  -8.50  35.80  32.70 251.00 0.5650 0 7
d 1889 07 22 08 12 00 GREE            67   339    51   257 2411205.84167   7.01   5.16
g 1889 07 22 08 12 00   2092          67   339    51   257  -8.60  36.30  47.20 255.30 0.7500 0 0
s 1889 07 22 08 12 00   2092     1    67   339    51   257  -8.60  36.30  47.20 255.30 0.7500 0 0
d 1889 07 23 05 02 00 GREE            44   284    44   283 2411206.70972   7.38   5.23
g 1889 07 23 05 02 00   2092          44   284    44   283  -8.90  36.80  59.20 259.20 0.8640 0 0
s 1889 07 23 05 02 00   2092     1    44   284    44   283  -8.90  36.80  59.20 259.20 0.8640 0 0
d 1889 07 24 08 48 00 GREE            18   123    36   235 2411207.86667   7.88   5.33
g 1889 07 24 08 48 00   2092          18   123    36   235  -8.90  36.50  74.30 260.30 0.9650 0 0
s 1889 07 24 08 48 00   2092     1    18   123    36   235  -8.90  36.50  74.30 260.30 0.9650 0 0
d 1889 07 26 09 33 00 GREE            15    75    13    63 2411209.89792   8.73   5.49
g 1889 07 26 09 33 00   2094          15    75    13    63 -24.50 341.10  45.70 234.30 0.8020 0 4
s 1889 07 26 09 33 00   2094     1    15    75    13    63 -24.50 341.10  45.70 234.30 0.8020 0 4
d 1889 07 27 08 29 01 GREE            15    57    19    69 2411210.85348   9.13   5.57
g 1889 07 27 08 29 01   2094          15    57    19    69 -23.80 343.10  60.30 241.00 0.9090 0 2
s 1889 07 27 08 29 01   2094     1    15    57    19    69 -23.80 343.10  60.30 241.00 0.9090 0 2
d 1889 07 29 10 53 01 GREE            29   137    21    98 2411212.95348  10.00   5.73
g 1889 07 29 10 53 01   2095          24    96    16    62   4.90 294.80  39.80 270.00 0.6280 0 4
s 1889 07 29 10 53 01   2095     1    24    96    16    62   4.90 294.80  39.80 270.00 0.6280 0 4
g 1889 07 29 10 53 01   2096           5    41     5    36  -1.20 200.80 -54.20  99.40 0.8220 0 9
s 1889 07 29 10 53 01   2096     1     5    41     5    36  -1.20 200.80 -54.20  99.40 0.8220 0 9
d 1889 07 30 09 31 01 GREE            17    88    13    66 2411213.89654  10.38   5.79
g 1889 07 30 09 31 01   2095           4    44     4    36   4.10 294.60  52.10 270.00 0.7810 0 4
s 1889 07 30 09 31 01   2095     1     4    44     4    36   4.10 294.60  52.10 270.00 0.7810 0 4
g 1889 07 30 09 31 01   2096          13    44     9    30  -0.80 201.80 -40.70  97.80 0.6670 0 9
s 1889 07 30 09 31 01   2096     1    13    44     9    30  -0.80 201.80 -40.70  97.80 0.6670 0 9
d 1889 07 31 09 21 01 GREE            25   162    15    97 2411214.88959  10.78   5.87
g 1889 07 31 09 21 01   2095           0     5     0     6   4.50 294.80  65.40 270.00 0.9010 0 0
s 1889 07 31 09 21 01   2095     1     0     5     0     6   4.50 294.80  65.40 270.00 0.9010 0 0
g 1889 07 31 09 21 01   2096          25   157    15    91  -0.20 200.00 -29.40 100.30 0.4990 0 9
s 1889 07 31 09 21 01   2096     1    25   157    15    91  -0.20 200.00 -29.40 100.30 0.4990 0 9
d 1889 08 01 09 53 00 GREE            36   266    19   140 2411215.91181  11.19   5.94
g 1889 08 01 09 53 00   2096          36   266    19   140  -1.40 199.80 -16.00 118.00 0.3120 0 9
s 1889 08 01 09 53 00   2096     1    36   266    19   140  -1.40 199.80 -16.00 118.00 0.3120 0 9
d 1889 08 02 09 34 01 GREE            23   208    13   110 2411216.89862  11.58   6.01
g 1889 08 02 09 34 01   2096          21   194    11    98  -0.70 201.20  -1.60 165.20 0.1090 0 9
s 1889 08 02 09 34 01   2096     1    21   194    11    98  -0.70 201.20  -1.60 165.20 0.1090 0 9
g 1889 08 02 09 34 01   2097           2    14     2    12 -21.30 157.50 -45.30 123.40 0.7930 0 2
s 1889 08 02 09 34 01   2097     1     2    14     2    12 -21.30 157.50 -45.30 123.40 0.7930 0 2
d 1889 08 03 06 18 01 GREE            30   134    19    77 2411217.76251  11.92   6.06
g 1889 08 03 06 18 01   2096          11    84     6    43  -1.60 200.30   9.10 231.30 0.1850 0 9
s 1889 08 03 06 18 01   2096     1    11    84     6    43  -1.60 200.30   9.10 231.30 0.1850 0 9
g 1889 08 03 06 18 01   2097          19    50    13    34 -20.70 159.70 -31.50 131.30 0.6650 0 3
s 1889 08 03 06 18 01   2097     1    19    50    13    34 -20.70 159.70 -31.50 131.30 0.6650 0 3
d 1889 08 04 10 33 01 GREE            75   473    45   280 2411218.93959  12.38   6.14
g 1889 08 04 10 33 01   2096           0    23     0    13  -0.60 199.70  23.80 255.10 0.4050 0 9
s 1889 08 04 10 33 01   2096     1     0    23     0    13  -0.60 199.70  23.80 255.10 0.4050 0 9
g 1889 08 04 10 33 01   2097          75   450    45   267 -21.10 158.70 -17.20 149.00 0.5360 0 6
s 1889 08 04 10 33 01   2097     1    75   450    45   267 -21.10 158.70 -17.20 149.00 0.5360 0 6
d 1889 08 05 10 01 01 GREE           139   741    78   414 2411219.91737  12.76   6.20
g 1889 08 05 10 01 01   2097         139   741    78   414 -20.90 161.20  -1.80 176.20 0.4440 0 6
s 1889 08 05 10 01 01   2097     1   139   741    78   414 -20.90 161.20  -1.80 176.20 0.4440 0 6
d 1889 08 06 09 33 00 GREE           159   854    91   488 2411220.89792  13.13   6.26
g 1889 08 06 09 33 00   2097         159   854    91   488 -20.90 162.20  12.30 204.30 0.4830 0 5
s 1889 08 06 09 33 00   2097     1   159   854    91   488 -20.90 162.20  12.30 204.30 0.4830 0 5
d 1889 08 07 05 31 00 GREE           103   776    63   473 2411221.72986  13.44   6.31
g 1889 08 07 05 31 00   2097         103   776    63   473 -20.70 162.40  23.50 220.80 0.5710 0 5
s 1889 08 07 05 31 00   2097     1   103   776    63   473 -20.70 162.40  23.50 220.80 0.5710 0 5
d 1889 08 08 09 53 00 GREE           123   610    89   441 2411222.91181  13.88   6.38
g 1889 08 08 09 53 00   2097         123   610    89   441 -20.30 162.80  39.40 235.50 0.7220 0 5
s 1889 08 08 09 53 00   2097     1   123   610    89   441 -20.30 162.80  39.40 235.50 0.7220 0 5
d 1889 08 09 04 24 01 GREE            90   590    86   581 2411223.68334  14.17   6.43
g 1889 08 09 04 24 01   2097          79   521    69   453 -20.40 162.80  49.70 240.90 0.8180 0 5
s 1889 08 09 04 24 01   2097     1    79   521    69   453 -20.40 162.80  49.70 240.90 0.8180 0 5
g 1889 08 09 04 24 01   2098           6    18     4    12  -7.90  76.30 -36.80 110.90 0.6350 0 3
s 1889 08 09 04 24 01   2098     1     6    18     4    12  -7.90  76.30 -36.80 110.90 0.6350 0 3
g 1889 08 09 04 24 01   2099           5    51    13   116  -7.90  37.60 -75.50 100.40 0.9750 0 0
s 1889 08 09 04 24 01   2099     1     5    51    13   116  -7.90  37.60 -75.50 100.40 0.9750 0 0
d 1889 08 10 08 38 00 GREE           134   812   131   779 2411224.85972  14.60   6.49
g 1889 08 10 08 38 00   2097          49   305    71   437 -20.30 163.30  65.80 245.90 0.9370 0 5
s 1889 08 10 08 38 00   2097     1    49   305    71   437 -20.30 163.30  65.80 245.90 0.9370 0 5
g 1889 08 10 08 38 00   2098          60   382    33   209  -7.60  78.20 -19.30 125.40 0.4020 0 1
s 1889 08 10 08 38 00   2098     1    60   382    33   209  -7.60  78.20 -19.30 125.40 0.4020 0 1
g 1889 08 10 08 38 00   2099          25   125    27   133  -7.90  37.10 -60.40 102.50 0.8820 0 0
s 1889 08 10 08 38 00   2099     1    25   125    27   133  -7.90  37.10 -60.40 102.50 0.8820 0 0
d 1889 08 11 04 32 00 GREE            87   783    54   730 2411225.68889  14.90   6.54
g 1889 08 11 04 32 00   2097           0   114     0   342 -19.90 164.00  77.40 248.50 0.9860 0 0
s 1889 08 11 04 32 00   2097     1     0   114     0   342 -19.90 164.00  77.40 248.50 0.9860 0 0
g 1889 08 11 04 32 00   2098          59   526    31   273  -7.60  79.20  -7.40 151.60 0.2680 0 1
s 1889 08 11 04 32 00   2098     1    59   526    31   273  -7.60  79.20  -7.40 151.60 0.2680 0 1
g 1889 08 11 04 32 00   2099          28   143    23   115  -8.20  37.10 -49.50 106.00 0.7830 0 0
s 1889 08 11 04 32 00   2099     1    28   143    23   115  -8.20  37.10 -49.50 106.00 0.7830 0 0
d 1889 08 12 04 55 00 GREE            90   530    52   292 2411226.70486  15.26   6.59
g 1889 08 12 04 55 00   2098          57   405    30   210  -7.70  80.10   6.90 207.00 0.2620 0 1
s 1889 08 12 04 55 00   2098     1    57   405    30   210  -7.70  80.10   6.90 207.00 0.2620 0 1
g 1889 08 12 04 55 00   2099          33   125    22    82  -8.40  36.60 -36.60 113.00 0.6410 0 0
s 1889 08 12 04 55 00   2099     1    33   125    22    82  -8.40  36.60 -36.60 113.00 0.6410 0 0
d 1889 08 13 05 34 00 GREE           127   627    70   346 2411227.73194  15.62   6.64
g 1889 08 13 05 34 00   2098          97   470    53   257  -7.70  79.70  20.10 237.90 0.4020 0 1
s 1889 08 13 05 34 00   2098     1    97   470    53   257  -7.70  79.70  20.10 237.90 0.4020 0 1
g 1889 08 13 05 34 00   2099          30   157    17    89  -8.20  36.70 -22.90 124.30 0.4660 0 3
s 1889 08 13 05 34 00   2099     1    30   157    17    89  -8.20  36.70 -22.90 124.30 0.4660 0 3
d 1889 08 14 11 38 00 GREE           128   881    80   549 2411228.98472  16.05   6.70
g 1889 08 14 11 38 00   2098         105   735    68   473  -6.80  80.40  37.30 253.10 0.6290 0 3
s 1889 08 14 11 38 00   2098     1   105   735    68   473  -6.80  80.40  37.30 253.10 0.6290 0 3
g 1889 08 14 11 38 00   2099          23   146    12    76  -8.60  37.20  -5.90 158.20 0.2740 0 0
s 1889 08 14 11 38 00   2099     1    23   146    12    76  -8.60  37.20  -5.90 158.20 0.2740 0 0
d 1889 08 15 09 18 01 GREE           138   964   101   718 2411229.88751  16.36   6.74
g 1889 08 15 09 18 01   2098         108   813    85   639  -6.50  80.30  49.20 257.30 0.7710 0 3
s 1889 08 15 09 18 01   2098     1   108   813    85   639  -6.50  80.30  49.20 257.30 0.7710 0 3
g 1889 08 15 09 18 01   2099          30   151    16    79  -8.40  37.10   6.00 202.20 0.2740 0 0
s 1889 08 15 09 18 01   2099     1    30   151    16    79  -8.40  37.10   6.00 202.20 0.2740 0 0
d 1889 08 16 09 41 01 GREE            97   677    95   691 2411230.90348  16.71   6.79
g 1889 08 16 09 41 01   2098          72   557    81   625  -6.50  80.90  63.30 262.60 0.8950 0 3
s 1889 08 16 09 41 01   2098     1    72   557    81   625  -6.50  80.90  63.30 262.60 0.8950 0 3
g 1889 08 16 09 41 01   2099          25   120    14    66  -8.30  37.00  19.40 232.90 0.4120 0 0
s 1889 08 16 09 41 01   2099     1    25   120    14    66  -8.30  37.00  19.40 232.90 0.4120 0 0
d 1889 08 17 12 01 00 GREE            46   186    72   351 2411232.00069  17.07   6.83
g 1889 08 17 12 01 00   2098          24   136    58   320  -6.60  80.50  77.30 262.70 0.9770 0 2
s 1889 08 17 12 01 00   2098     1    24   136    58   320  -6.60  80.50  77.30 262.70 0.9770 0 2
g 1889 08 17 12 01 00   2099          22    50    14    31  -8.10  36.70  33.50 248.80 0.5860 0 0
s 1889 08 17 12 01 00   2099     1    22    50    14    31  -8.10  36.70  33.50 248.80 0.5860 0 0
d 1889 08 18 08 22 01 GREE            16    55    12    40 2411232.84862  17.35   6.87
g 1889 08 18 08 22 01   2099          16    55    12    40  -8.00  36.80  44.80 254.80 0.7230 0 0
s 1889 08 18 08 22 01   2099     1    16    55    12    40  -8.00  36.80  44.80 254.80 0.7230 0 0
d 1889 08 19 10 26 00 GREE             8    27     8    27 2411233.93472  17.70   6.91
g 1889 08 19 10 26 00   2099           8    27     8    27  -7.60  36.40  58.70 258.60 0.8640 0 0
s 1889 08 19 10 26 00   2099     1     8    27     8    27  -7.60  36.40  58.70 258.60 0.8640 0 0
d 1889 08 20 09 10 00 GREE             0    16     0    27 2411234.88194  18.00   6.94
g 1889 08 20 09 10 00   2099           0    16     0    27  -8.10  36.60  71.50 260.50 0.9520 0 0
s 1889 08 20 09 10 00   2099     1     0    16     0    27  -8.10  36.60  71.50 260.50 0.9520 0 0
d 1889 08 21 07 12 00 GREE             0     0     0     0 2411235.80000  18.29   6.97
d 1889 08 22 09 36 00 GREE             0     0     0     0 2411236.90000  18.63   7.01
d 1889 08 23 09 36 00 GREE             0     0     0     0 2411237.90000  18.93   7.04
d 1889 08 24 12 00 00 GREE             0     0     0     0 2411239.00000  19.25   7.07
d 1889 08 25 09 36 00 GREE             0     0     0     0 2411239.90000  19.52   7.09
d 1889 08 26 09 36 00 GREE             0     0     0     0 2411240.90000  19.80   7.12
d 1889 08 27 09 18 01 GREE            23   134    44   250 2411241.88751  20.08   7.14
g 1889 08 27 09 18 01   2100          23   134    44   250 -19.00 162.20 -70.40 112.30 0.9630 0 0
s 1889 08 27 09 18 01   2100     1    23   134    44   250 -19.00 162.20 -70.40 112.30 0.9630 0 0
d 1889 08 28 09 24 00 GREE            36   237    40   263 2411242.89167  20.36   7.16
g 1889 08 28 09 24 00   2100          36   237    40   263 -19.00 161.40 -57.90 116.10 0.8920 0 0
s 1889 08 28 09 24 00   2100     1    36   237    40   263 -19.00 161.40 -57.90 116.10 0.8920 0 0
d 1889 08 29 09 24 00 GREE            62   333    50   266 2411243.89167  20.63   7.18
g 1889 08 29 09 24 00   2100          62   333    50   266 -18.80 161.30 -44.80 121.10 0.7790 0 0
s 1889 08 29 09 24 00   2100     1    62   333    50   266 -18.80 161.30 -44.80 121.10 0.7790 0 0
d 1889 08 30 09 50 00 GREE            53   305    36   204 2411244.90972  20.90   7.19
g 1889 08 30 09 50 00   2100          53   305    36   204 -19.10 160.90 -31.80 131.30 0.6630 0 0
s 1889 08 30 09 50 00   2100     1    53   305    36   204 -19.10 160.90 -31.80 131.30 0.6630 0 0
d 1889 08 31 09 43 00 GREE            69   359    41   213 2411245.90486  21.16   7.21
g 1889 08 31 09 43 00   2100          69   359    41   213 -19.20 160.50 -19.00 145.10 0.5370 0 0
s 1889 08 31 09 43 00   2100     1    69   359    41   213 -19.20 160.50 -19.00 145.10 0.5370 0 0
d 1889 09 01 12 08 01 GREE            73   382    41   214 2411247.00557  21.44   7.22
g 1889 09 01 12 08 01   2100          73   382    41   214 -19.50 160.30  -4.60 170.30 0.4480 0 0
s 1889 09 01 12 08 01   2100     1    73   382    41   214 -19.50 160.30  -4.60 170.30 0.4480 0 0
d 1889 09 02 10 33 01 GREE            67   378    38   213 2411247.93959  21.67   7.23
g 1889 09 02 10 33 01   2100          67   378    38   213 -19.50 160.00   7.40 195.40 0.4570 0 0
s 1889 09 02 10 33 01   2100     1    67   378    38   213 -19.50 160.00   7.40 195.40 0.4570 0 0
d 1889 09 03 07 49 00 GREE            56   293    33   176 2411248.82569  21.89   7.24
g 1889 09 03 07 49 00   2100          56   285    33   168 -19.50 159.70  18.80 215.40 0.5250 0 0
s 1889 09 03 07 49 00   2100     1    56   285    33   168 -19.50 159.70  18.80 215.40 0.5250 0 0
g 1889 09 03 07 49 00   2101           0     8     0     8  -9.30  83.60 -57.30 106.20 0.8650 0 0
s 1889 09 03 07 49 00   2101     1     0     8     0     8  -9.30  83.60 -57.30 106.20 0.8650 0 0
d 1889 09 04 07 19 00 GREE            47   270    31   178 2411249.80486  22.12   7.24
g 1889 09 04 07 19 00   2100          47   262    31   172 -19.60 159.60  31.60 229.70 0.6470 0 0
s 1889 09 04 07 19 00   2100     1    47   262    31   172 -19.60 159.60  31.60 229.70 0.6470 0 0
g 1889 09 04 07 19 00   2101           0     8     0     6  -9.50  83.50 -44.50 110.90 0.7400 0 0
s 1889 09 04 07 19 00   2101     1     0     8     0     6  -9.50  83.50 -44.50 110.90 0.7400 0 0
d 1889 09 05 05 05 00 GREE            55   206    44   163 2411250.71181  22.33   7.25
g 1889 09 05 05 05 00   2100          55   206    44   163 -19.80 160.00  44.00 237.60 0.7740 0 0
s 1889 09 05 05 05 00   2100     1    55   206    44   163 -19.80 160.00  44.00 237.60 0.7740 0 0
d 1889 09 06 10 20 01 GREE            17   120    20   137 2411251.93057  22.61   7.25
g 1889 09 06 10 20 01   2100          17   120    20   137 -19.40 159.20  59.30 244.60 0.8980 0 0
s 1889 09 06 10 20 01   2100     1    17   120    20   137 -19.40 159.20  59.30 244.60 0.8980 0 0
d 1889 09 07 03 54 01 GREE            17    98    29   148 2411252.66251  22.77   7.25
g 1889 09 07 03 54 01   2100          14    69    25   117 -19.80 159.40  69.20 247.10 0.9550 0 0
s 1889 09 07 03 54 01   2100     1    14    69    25   117 -19.80 159.40  69.20 247.10 0.9550 0 0
g 1889 09 07 03 54 01   2102           3    29     4    31 -22.20 146.90  56.70 241.20 0.8830 0 2
s 1889 09 07 03 54 01   2102     1     3    29     4    31 -22.20 146.90  56.70 241.20 0.8830 0 2
d 1889 09 08 04 22 00 GREE             6    81    15   195 2411253.68194  22.99   7.25
g 1889 09 08 04 22 00   2102           6    81    15   195 -22.60 150.60  74.40 245.40 0.9780 0 2
s 1889 09 08 04 22 00   2102     1     6    81    15   195 -22.60 150.60  74.40 245.40 0.9780 0 2
d 1889 09 09 09 36 00 GREE             0     0     0     0 2411254.90000  23.24   7.24
d 1889 09 10 09 36 00 GREE             0     0     0     0 2411255.90000  23.44   7.24
d 1889 09 11 09 36 00 GREE             0     0     0     0 2411256.90000  23.64   7.23
d 1889 09 12 12 00 00 GREE             0     0     0     0 2411258.00000  23.85   7.21
d 1889 09 13 12 00 00 GREE             0     0     0     0 2411259.00000  24.03   7.20
d 1889 09 14 09 36 00 GREE             0     0     0     0 2411259.90000  24.19   7.19
d 1889 09 15 09 36 00 GREE             0     0     0     0 2411260.90000  24.36   7.17
d 1889 09 16 09 36 00 GREE             0     0     0     0 2411261.90000  24.53   7.15
d 1889 09 17 09 36 00 GREE             0     0     0     0 2411262.90000  24.68   7.13
d 1889 09 18 09 36 00 GREE             0     0     0     0 2411263.90000  24.84   7.11
d 1889 09 19 07 12 00 GREE             0     0     0     0 2411264.80000  24.97   7.08
d 1889 09 20 09 36 00 GREE             0     0     0     0 2411265.90000  25.12   7.05
d 1889 09 21 09 36 00 GREE             0     0     0     0 2411266.90000  25.25   7.02
d 1889 09 22 04 48 00 GREE             0     0     0     0 2411267.70000  25.36   7.00
d 1889 09 23 09 36 00 GREE             0     0     0     0 2411268.90000  25.50   6.96
d 1889 09 24 05 09 01 GREE            12   100    26   204 2411269.71459  25.59   6.93
g 1889 09 24 05 09 01   2103          12   100    26   204 -20.30 153.50 -71.60 113.30 0.9690 0 1
s 1889 09 24 05 09 01   2103     1    12   100    26   204 -20.30 153.50 -71.60 113.30 0.9690 0 1
d 1889 09 25 09 28 01 GREE            27   168    30   186 2411270.89446  25.72   6.88
g 1889 09 25 09 28 01   2103          27   168    30   186 -21.30 152.20 -57.40 118.20 0.8910 0 1
s 1889 09 25 09 28 01   2103     1    27   168    30   186 -21.30 152.20 -57.40 118.20 0.8910 0 1
d 1889 09 26 09 54 01 GREE            57   295    45   233 2411271.91251  25.82   6.84
g 1889 09 26 09 54 01   2103          57   295    45   233 -21.60 153.80 -42.30 126.00 0.7730 0 1
s 1889 09 26 09 54 01   2103     1    57   295    45   233 -21.60 153.80 -42.30 126.00 0.7730 0 1
d 1889 09 27 08 11 00 GREE            49   235    33   157 2411272.84097  25.90   6.80
g 1889 09 27 08 11 00   2103          49   235    33   157 -20.80 152.50 -31.40 132.40 0.6600 0 1
s 1889 09 27 08 11 00   2103     1    49   235    33   157 -20.80 152.50 -31.40 132.40 0.6600 0 1
d 1889 09 28 09 43 00 GREE            62   295    37   176 2411273.90486  26.00   6.76
g 1889 09 28 09 43 00   2103          62   295    37   176 -21.40 152.90 -17.00 149.90 0.5420 0 1
s 1889 09 28 09 43 00   2103     1    62   295    37   176 -21.40 152.90 -17.00 149.90 0.5420 0 1
d 1889 09 29 09 18 01 GREE            72   308    41   175 2411274.88751  26.07   6.71
g 1889 09 29 09 18 01   2103          72   308    41   175 -21.00 152.50  -4.40 171.30 0.4710 0 1
s 1889 09 29 09 18 01   2103     1    72   308    41   175 -21.00 152.50  -4.40 171.30 0.4710 0 1
d 1889 09 30 08 08 00 GREE            50   251    29   143 2411275.83889  26.14   6.66
g 1889 09 30 08 08 00   2103          50   251    29   143 -21.00 151.50   7.20 194.20 0.4770 0 1
s 1889 09 30 08 08 00   2103     1    50   251    29   143 -21.00 151.50   7.20 194.20 0.4770 0 1
d 1889 10 01 11 39 01 GREE            37   223    23   136 2411276.98543  26.22   6.61
g 1889 10 01 11 39 01   2103          37   223    23   136 -20.80 152.40  23.20 220.20 0.5710 0 1
s 1889 10 01 11 39 01   2103     1    37   223    23   136 -20.80 152.40  23.20 220.20 0.5710 0 1
d 1889 10 02 09 41 01 GREE            11   116     8    80 2411277.90348  26.27   6.56
g 1889 10 02 09 41 01   2103          11   116     8    80 -20.80 152.00  34.90 231.10 0.6870 0 1
s 1889 10 02 09 41 01   2103     1    11   116     8    80 -20.80 152.00  34.90 231.10 0.6870 0 1
d 1889 10 03 13 29 00 GREE            10    47     9    42 2411279.06181  26.33   6.50
g 1889 10 03 13 29 00   2103          10    47     9    42 -20.60 151.90  50.10 241.00 0.8210 0 1
s 1889 10 03 13 29 00   2103     1    10    47     9    42 -20.60 151.90  50.10 241.00 0.8210 0 1
d 1889 10 04 11 52 01 GREE             0    14     0    19 2411279.99446  26.37   6.44
g 1889 10 04 11 52 01   2103           0    14     0    19 -20.40 152.60  63.10 245.30 0.9200 0 0
s 1889 10 04 11 52 01   2103     1     0    14     0    19 -20.40 152.60  63.10 245.30 0.9200 0 0
d 1889 10 05 04 48 00 GREE             0     0     0     0 2411280.70000  26.39   6.40
d 1889 10 06 04 48 00 GREE             0     0     0     0 2411281.70000  26.42   6.34
d 1889 10 07 09 36 00 GREE             0     0     0     0 2411282.90000  26.45   6.27
d 1889 10 08 09 25 01 GREE             0    18     0    12 2411283.89237  26.47   6.21
g 1889 10 08 09 25 01   2104           0    18     0    12 -28.80  12.10 -25.90 145.40 0.6830 0 2
s 1889 10 08 09 25 01   2104     1     0    18     0    12 -28.80  12.10 -25.90 145.40 0.6830 0 2
d 1889 10 09 09 36 00 GREE             0    15     0     9 2411284.90000  26.47   6.14
g 1889 10 09 09 36 00   2105           0    15     0     9 -24.90  25.00   0.20 180.40 0.5020 0 0
s 1889 10 09 09 36 00   2105     1     0    15     0     9 -24.90  25.00   0.20 180.40 0.5020 0 0
d 1889 10 10 09 15 01 GREE             0    16     0    10 2411285.88543  26.47   6.07
g 1889 10 10 09 15 01   2105           0    16     0    10 -24.80  23.20  11.40 199.80 0.5300 0 2
s 1889 10 10 09 15 01   2105     1     0    16     0    10 -24.80  23.20  11.40 199.80 0.5300 0 2
d 1889 10 11 07 09 00 GREE             0     9     0     6 2411286.79792  26.47   6.01
g 1889 10 11 07 09 00   2105           0     9     0     6 -26.10  21.90  22.20 213.40 0.6170 0 0
s 1889 10 11 07 09 00   2105     1     0     9     0     6 -26.10  21.90  22.20 213.40 0.6170 0 0
d 1889 10 12 09 36 00 GREE             0     0     0     0 2411287.90000  26.45   5.93
d 1889 10 13 12 00 00 GREE             0     0     0     0 2411289.00000  26.43   5.85
d 1889 10 14 09 36 00 GREE             0     0     0     0 2411289.90000  26.40   5.78
d 1889 10 15 09 36 00 GREE             0     0     0     0 2411290.90000  26.36   5.71
d 1889 10 16 06 57 01 GREE             4    25     3    16 2411291.78959  26.32   5.64
g 1889 10 16 06 57 01   2106           4    25     3    16  22.60 328.50  34.70 298.80 0.6000 0 3
s 1889 10 16 06 57 01   2106     1     4    25     3    16  22.60 328.50  34.70 298.80 0.6000 0 3
d 1889 10 17 09 34 01 GREE             0    34     0    26 2411292.89862  26.26   5.55
g 1889 10 17 09 34 01   2106           0    34     0    26  23.10 326.70  47.50 294.80 0.7470 0 3
s 1889 10 17 09 34 01   2106     1     0    34     0    26  23.10 326.70  47.50 294.80 0.7470 0 3
d 1889 10 18 03 34 01 GREE             0     1     0     2 2411293.64862  26.22   5.49
g 1889 10 18 03 34 01   2106           0     1     0     2  21.20 331.50  62.20 290.40 0.8800 0 0
s 1889 10 18 03 34 01   2106     1     0     1     0     2  21.20 331.50  62.20 290.40 0.8800 0 0
d 1889 10 19 09 36 00 GREE             0     0     0     0 2411294.90000  26.13   5.38
d 1889 10 20 07 12 00 GREE             0     0     0     0 2411295.80000  26.07   5.31
d 1889 10 21 07 12 00 GREE             0     0     0     0 2411296.80000  25.98   5.22
d 1889 10 22 09 36 00 GREE             0     0     0     0 2411297.90000  25.88   5.12
d 1889 10 23 07 32 00 GREE             0     3     0     2 2411298.81389  25.79   5.04
g 1889 10 23 07 32 00   2107           0     3     0     2 -22.50 154.10 -47.10 122.80 0.8070 0 0
s 1889 10 23 07 32 00   2107     1     0     3     0     2 -22.50 154.10 -47.10 122.80 0.8070 0 0
d 1889 10 24 09 36 00 GREE             0     0     0     0 2411299.90000  25.68   4.94
d 1889 10 25 09 36 00 GREE             0     0     0     0 2411300.90000  25.56   4.85
d 1889 10 26 09 36 00 GREE             0     0     0     0 2411301.90000  25.44   4.75
d 1889 10 27 04 48 00 GREE             0     0     0     0 2411302.70000  25.33   4.68
d 1889 10 28 07 12 00 GREE             0     0     0     0 2411303.80000  25.18   4.57
d 1889 10 29 04 48 00 GREE             0     0     0     0 2411304.70000  25.05   4.48
d 1889 10 30 09 36 00 GREE             0     0     0     0 2411305.90000  24.87   4.36
d 1889 10 31 09 36 00 GREE             0     0     0     0 2411306.90000  24.70   4.26
d 1889 11 01 09 36 00 GREE             0     0     0     0 2411307.90000  24.53   4.15
d 1889 11 02 09 36 00 GREE             0     0     0     0 2411308.90000  24.36   4.05
d 1889 11 03 04 48 00 GREE             0     0     0     0 2411309.70000  24.21   3.97
d 1889 11 04 04 48 00 GREE             0     0     0     0 2411310.70000  24.02   3.86
d 1889 11 05 09 36 00 GREE             0     0     0     0 2411311.90000  23.77   3.73
d 1889 11 06 07 12 00 GREE             0     0     0     0 2411312.80000  23.59   3.63
d 1889 11 07 07 12 00 GREE             0     0     0     0 2411313.80000  23.37   3.52
d 1889 11 08 12 00 00 GREE             0     0     0     0 2411315.00000  23.10   3.39
d 1889 11 09 04 48 00 GREE             0     0     0     0 2411315.70000  22.93   3.31
d 1889 11 10 04 48 00 GREE             0     0     0     0 2411316.70000  22.70   3.19
d 1889 11 11 04 48 00 GREE             0     0     0     0 2411317.70000  22.45   3.08
d 1889 11 12 09 36 00 GREE             0     0     0     0 2411318.90000  22.14   2.94
d 1889 11 13 09 36 00 GREE             0     0     0     0 2411319.90000  21.88   2.82
d 1889 11 14 04 48 00 GREE             0     0     0     0 2411320.70000  21.66   2.73
d 1889 11 15 04 48 00 GREE             0     0     0     0 2411321.70000  21.38   2.61
d 1889 11 16 04 48 00 GREE             0     0     0     0 2411322.70000  21.10   2.49
d 1889 11 17 04 48 00 GREE             0     0     0     0 2411323.70000  20.80   2.37
d 1889 11 18 04 48 00 GREE             0     0     0     0 2411324.70000  20.50   2.25
d 1889 11 19 04 48 00 GREE             0     0     0     0 2411325.70000  20.20   2.13
d 1889 11 20 04 48 00 GREE             0     0     0     0 2411326.70000  19.88   2.01
d 1889 11 21 04 48 00 GREE             0     0     0     0 2411327.70000  19.56   1.89
d 1889 11 22 07 12 00 GREE             0     0     0     0 2411328.80000  19.20   1.75
d 1889 11 23 07 12 00 GREE             0     0     0     0 2411329.80000  18.86   1.63
d 1889 11 24 04 48 00 GREE             0     0     0     0 2411330.70000  18.55   1.51
d 1889 11 25 09 36 00 GREE             0     0     0     0 2411331.90000  18.13   1.36
d 1889 11 26 12 00 00 GREE             0     0     0     0 2411333.00000  17.74   1.22
d 1889 11 27 04 48 00 GREE             0     0     0     0 2411333.70000  17.48   1.14
d 1889 11 28 12 00 00 GREE             0     0     0     0 2411335.00000  17.00   0.97
d 1889 11 29 07 12 00 GREE             0     0     0     0 2411335.80000  16.70   0.87
d 1889 11 30 04 48 00 GREE             0     0     0     0 2411336.70000  16.36   0.76
d 1889 12 01 12 00 00 GREE             0     0     0     0 2411338.00000  15.85   0.59
d 1889 12 02 12 00 00 GREE             0     0     0     0 2411339.00000  15.45   0.46
d 1889 12 03 09 36 00 GREE             0     0     0     0 2411339.90000  15.09   0.35
d 1889 12 04 07 12 00 GREE             0     0     0     0 2411340.80000  14.73   0.23
d 1889 12 05 04 48 00 GREE             0     0     0     0 2411341.70000  14.36   0.12
d 1889 12 06 07 12 00 GREE             0     0     0     0 2411342.80000  13.90  -0.02
d 1889 12 07 07 12 00 GREE             0     0     0     0 2411343.80000  13.48  -0.15
d 1889 12 08 07 12 00 GREE             0     0     0     0 2411344.80000  13.05  -0.28
d 1889 12 09 07 12 00 GREE             0     0     0     0 2411345.80000  12.62  -0.41
d 1889 12 10 04 48 00 GREE             0     0     0     0 2411346.70000  12.23  -0.52
d 1889 12 11 07 12 00 GREE             0     0     0     0 2411347.80000  11.74  -0.66
d 1889 12 12 10 59 01 GREE             3    40     7    73 2411348.95765  11.23  -0.81
g 1889 12 12 10 59 01   2108           3    40     7    73  -7.10 334.50  74.30 264.30 0.9600 0 0
s 1889 12 12 10 59 01   2108     1     3    40     7    73  -7.10 334.50  74.30 264.30 0.9600 0 0
d 1889 12 13 07 01 01 GREE             0    12     0    71 2411349.79237  10.85  -0.92
g 1889 12 13 07 01 01   2108           0    12     0    71  -7.80 334.50  85.30 262.50 0.9960 0 0
s 1889 12 13 07 01 01   2108     1     0    12     0    71  -7.80 334.50  85.30 262.50 0.9960 0 0
d 1889 12 14 07 12 00 GREE             0     0     0     0 2411350.80000  10.40  -1.05
d 1889 12 15 04 48 00 GREE             0     0     0     0 2411351.70000   9.98  -1.16
d 1889 12 16 07 12 00 GREE             0     0     0     0 2411352.80000   9.48  -1.30
d 1889 12 17 04 48 00 GREE             0     0     0     0 2411353.70000   9.06  -1.41
d 1889 12 18 05 39 01 GREE             4    27     8    43 2411354.73543   8.58  -1.54
g 1889 12 18 05 39 01   2109           3    20     2    12  24.20 169.10 -15.10  28.80 0.4930 0 8
s 1889 12 18 05 39 01   2109     1     3    20     2    12  24.20 169.10 -15.10  28.80 0.4930 0 8
g 1889 12 18 05 39 01   2110           1     7     6    31 -26.70 101.70 -82.50 116.90 0.9930 0 0
s 1889 12 18 05 39 01   2110     1     1     7     6    31 -26.70 101.70 -82.50 116.90 0.9930 0 0
d 1889 12 19 11 52 01 GREE             4    63     5    46 2411355.99446   7.99  -1.70
g 1889 12 19 11 52 01   2109           1    50     1    28  24.20 168.50   0.90 358.10 0.4340 0 8
s 1889 12 19 11 52 01   2109     1     1    50     1    28  24.20 168.50   0.90 358.10 0.4340 0 8
g 1889 12 19 11 52 01   2110           3    13     4    18 -26.20 102.30 -65.30 118.00 0.9230 0 0
s 1889 12 19 11 52 01   2110     1     3    13     4    18 -26.20 102.30 -65.30 118.00 0.9230 0 0
d 1889 12 20 05 55 01 GREE            17    98    12    64 2411356.74654   7.63  -1.80
g 1889 12 20 05 55 01   2109          12    79     7    45  24.50 167.30   9.70 340.60 0.4610 0 8
s 1889 12 20 05 55 01   2109     1    12    79     7    45  24.50 167.30   9.70 340.60 0.4610 0 8
g 1889 12 20 05 55 01   2110           5    19     5    19 -26.40 101.90 -55.70 120.80 0.8610 0 0
s 1889 12 20 05 55 01   2110     1     5    19     5    19 -26.40 101.90 -55.70 120.80 0.8610 0 0
d 1889 12 21 04 55 00 GREE            19    80    12    49 2411357.70486   7.18  -1.92
g 1889 12 21 04 55 00   2109          18    77    11    46  23.90 167.70  22.60 319.70 0.5430 0 8
s 1889 12 21 04 55 00   2109     1    18    77    11    46  23.90 167.70  22.60 319.70 0.5430 0 8
g 1889 12 21 04 55 00   2110           1     3     1     3 -26.30 101.90 -43.20 125.20 0.7510 0 0
s 1889 12 21 04 55 00   2110     1     1     3     1     3 -26.30 101.90 -43.20 125.20 0.7510 0 0
d 1889 12 22 05 11 00 GREE             0    76     0    51 2411358.71597   6.70  -2.04
g 1889 12 22 05 11 00   2109           0    54     0    37  23.80 167.80  36.10 307.20 0.6770 0 8
s 1889 12 22 05 11 00   2109     1     0    54     0    37  23.80 167.80  36.10 307.20 0.6770 0 8
g 1889 12 22 05 11 00   2110           0    22     0    14 -26.30 101.70 -30.00 133.20 0.6150 0 0
s 1889 12 22 05 11 00   2110     1     0    22     0    14 -26.30 101.70 -30.00 133.20 0.6150 0 0
d 1889 12 23 11 39 01 GREE             0    12     0     7 2411359.98543   6.09  -2.20
g 1889 12 23 11 39 01   2110           0    12     0     7 -26.80  96.60 -18.40 145.70 0.5000 0 0
s 1889 12 23 11 39 01   2110     1     0    12     0     7 -26.80  96.60 -18.40 145.70 0.5000 0 0
d 1889 12 24 05 52 01 GREE             3    36     2    20 2411360.74446   5.72  -2.29
g 1889 12 24 05 52 01   2110           3    36     2    20 -25.90  95.60  -9.30 159.50 0.4150 0 1
s 1889 12 24 05 52 01   2110     1     3    36     2    20 -25.90  95.60  -9.30 159.50 0.4150 0 1
d 1889 12 25 04 13 00 GREE            25    87    14    48 2411361.67569   5.27  -2.40
g 1889 12 25 04 13 00   2110          25    87    14    48 -26.80  96.50   3.80 188.50 0.4020 0 1
s 1889 12 25 04 13 00   2110     1    25    87    14    48 -26.80  96.50   3.80 188.50 0.4020 0 1
d 1889 12 26 05 55 01 GREE            41   268    24   155 2411362.74654   4.75  -2.53
g 1889 12 26 05 55 01   2110          41   268    24   155 -26.40  98.00  19.40 216.60 0.4990 0 5
s 1889 12 26 05 55 01   2110     1    41   268    24   155 -26.40  98.00  19.40 216.60 0.4990 0 5
d 1889 12 27 06 23 00 GREE            78   383    75   377 2411363.76597   4.26  -2.65
g 1889 12 27 06 23 00   2110          72   351    47   227 -26.50  98.20  33.10 230.50 0.6330 0 5
s 1889 12 27 06 23 00   2110     1    72   351    47   227 -26.50  98.20  33.10 230.50 0.6330 0 5
g 1889 12 27 06 23 00   2111           6    32    28   150  -8.90 341.20 -83.90  98.80 0.9940 0 0
s 1889 12 27 06 23 00   2111     1     6    32    28   150  -8.90 341.20 -83.90  98.80 0.9940 0 0
d 1889 12 28 05 06 01 GREE            49   354    47   315 2411364.71251   3.80  -2.77
g 1889 12 28 05 06 01   2110          37   294    29   229 -26.70  99.10  46.30 237.50 0.7660 0 5
s 1889 12 28 05 06 01   2110     1    37   294    29   229 -26.70  99.10  46.30 237.50 0.7660 0 5
g 1889 12 28 05 06 01   2111          12    60    18    86  -8.60 343.20 -69.60  98.50 0.9370 0 0
s 1889 12 28 05 06 01   2111     1    12    60    18    86  -8.60 343.20 -69.60  98.50 0.9370 0 0
d 1889 12 29 04 29 00 GREE            77   302    76   303 2411365.68681   3.32  -2.88
g 1889 12 29 04 29 00   2110          42   213    44   221 -26.80  99.50  59.60 241.60 0.8750 0 5
s 1889 12 29 04 29 00   2110     1    42   213    44   221 -26.80  99.50  59.60 241.60 0.8750 0 5
g 1889 12 29 04 29 00   2111          35    89    32    82  -8.80 343.60 -56.30 100.80 0.8370 0 0
s 1889 12 29 04 29 00   2111     1    35    89    32    82  -8.80 343.60 -56.30 100.80 0.8370 0 0
d 1889 12 30 06 18 01 GREE            37   254    49   370 2411366.76251   2.80  -3.01
g 1889 12 30 06 18 01   2110          17   150    35   299 -26.40 101.90  76.20 244.00 0.9680 0 5
s 1889 12 30 06 18 01   2110     1    17   150    35   299 -26.40 101.90  76.20 244.00 0.9680 0 5
g 1889 12 30 06 18 01   2111          20   104    14    71  -9.20 343.50 -42.20 102.80 0.6800 0 0
s 1889 12 30 06 18 01   2111     1    20   104    14    71  -9.20 343.50 -42.20 102.80 0.6800 0 0
d 1889 12 31 10 59 01 GREE            21   118    12    67 2411367.95765   2.21  -3.15
g 1889 12 31 10 59 01   2111          21   118    12    67  -9.10 343.90 -26.10 104.10 0.4610 0 0
s 1889 12 31 10 59 01   2111     1    21   118    12    67  -9.10 343.90 -26.10 104.10 0.4610 0 0
