d 1876 01 01 12 00 00 GREE             0     0     0     0 2406255.00000   1.98  -3.22
d 1876 01 05 11 41 00 GREE             0    24     0    16 2406258.98681   0.04  -3.67
g 1876 01 05 11 41 00    190           0    24     0    16  -5.10  81.60 -40.60  93.50 0.6490 0 7
s 1876 01 05 11 41 00    190     1     0    24     0    16  -5.10  81.60 -40.60  93.50 0.6490 0 7
d 1876 01 11 01 43 01 GREE             6    59     3    31 2406264.57154  -2.68  -4.28
g 1876 01 11 01 43 01   190a           6    59     3    31  10.10  59.20  10.60 323.50 0.3010 0 4
s 1876 01 11 01 43 01   190a     1     6    59     3    31  10.10  59.20  10.60 323.50 0.3010 0 4
d 1876 01 12 01 14 01 GREE             0    42     0    24 2406265.55140  -3.15  -4.38
g 1876 01 12 01 14 01   190a           0    42     0    24  10.40  60.50  24.80 301.50 0.4770 0 4
s 1876 01 12 01 14 01   190a     1     0    42     0    24  10.40  60.50  24.80 301.50 0.4770 0 4
d 1876 01 13 02 11 00 GREE             0     0     0     0 2406266.59097  -3.64  -4.48
d 1876 01 18 12 37 00 GREE            43   223    55   292 2406272.02569  -6.21  -5.01
g 1876 01 18 12 37 00    191          11    47     6    26  11.20 330.50  20.00 309.50 0.4310 0 3
s 1876 01 18 12 37 00    191     1    11    47     6    26  11.20 330.50  20.00 309.50 0.4310 0 3
g 1876 01 18 12 37 00    192          32   176    49   266 -10.70 239.20 -71.30  99.50 0.9430 0 0
s 1876 01 18 12 37 00    192     1    32   176    49   266 -10.70 239.20 -71.30  99.50 0.9430 0 0
d 1876 01 19 12 04 00 GREE           177   946   147   820 2406273.00278  -6.66  -5.10
g 1876 01 19 12 04 00    191          68   262    42   162  12.20 329.50  31.90 298.50 0.5920 0 3
s 1876 01 19 12 04 00    191     1    68   262    42   162  12.20 329.50  31.90 298.50 0.5920 0 3
g 1876 01 19 12 04 00    192         109   684   105   658 -11.10 238.50 -59.10  99.90 0.8540 0 1
s 1876 01 19 12 04 00    192     1   109   684   105   658 -11.10 238.50 -59.10  99.90 0.8540 0 1
d 1876 01 20 17 03 01 GREE            99   877    67   643 2406274.21043  -7.21  -5.21
g 1876 01 20 17 03 01    191           0   200     0   153  12.80 327.50  45.80 291.50 0.7600 0 3
s 1876 01 20 17 03 01    191     1     0   200     0   153  12.80 327.50  45.80 291.50 0.7600 0 3
g 1876 01 20 17 03 01    192          99   521    67   352 -12.00 239.70 -42.00 102.10 0.6730 0 0
s 1876 01 20 17 03 01    192     1    99   521    67   352 -12.00 239.70 -42.00 102.10 0.6730 0 0
g 1876 01 20 17 03 01    193           0   156     0   138 -13.90 225.80 -55.90 103.50 0.8240 0 7
s 1876 01 20 17 03 01    193     1     0   156     0   138 -13.90 225.80 -55.90 103.50 0.8240 0 7
d 1876 01 21 17 21 00 GREE            92   814    52   516 2406275.22292  -7.67  -5.30
g 1876 01 21 17 21 00    191           0   109     0   111  12.80 326.70  58.40 287.50 0.8700 0 3
s 1876 01 21 17 21 00    191     1     0   109     0   111  12.80 326.70  58.40 287.50 0.8700 0 3
g 1876 01 21 17 21 00    192          82   524    47   301 -11.90 239.80 -28.50 104.90 0.4920 0 0
s 1876 01 21 17 21 00    192     1    82   524    47   301 -11.90 239.80 -28.50 104.90 0.4920 0 0
g 1876 01 21 17 21 00    193           0    66     0    45 -13.30 225.80 -42.50 103.50 0.6760 0 7
s 1876 01 21 17 21 00    193     1     0    66     0    45 -13.30 225.80 -42.50 103.50 0.6760 0 7
g 1876 01 21 17 21 00    194          10   115     5    59 -13.80 274.20   5.90 213.50 0.1820 0 7
s 1876 01 21 17 21 00    194     1    10   115     5    59 -13.80 274.20   5.90 213.50 0.1820 0 7
d 1876 01 22 11 19 01 GREE           104   737    59   582 2406275.97154  -8.01  -5.37
g 1876 01 22 11 19 01    191           4   192     6   291  11.70 327.50  69.00 284.50 0.9430 0 3
s 1876 01 22 11 19 01    191     1     4   192     6   291  11.70 327.50  69.00 284.50 0.9430 0 3
g 1876 01 22 11 19 01    192         100   500    53   266 -11.70 239.70 -18.80 110.50 0.3340 0 0
s 1876 01 22 11 19 01    192     1   100   500    53   266 -11.70 239.70 -18.80 110.50 0.3340 0 0
g 1876 01 22 11 19 01    193           0    20     0    12 -12.20 226.60 -31.90 104.50 0.5370 0 7
s 1876 01 22 11 19 01    193     1     0    20     0    12 -12.20 226.60 -31.90 104.50 0.5370 0 7
g 1876 01 22 11 19 01    194           0    25     0    13 -15.30 270.90  12.40 230.50 0.2670 0 7
s 1876 01 22 11 19 01    194     1     0    25     0    13 -15.30 270.90  12.40 230.50 0.2670 0 7
d 1876 01 23 12 30 00 GREE           111   740    58   397 2406277.02083  -8.48  -5.46
g 1876 01 23 12 30 00    192          89   496    45   252 -12.00 239.70  -5.00 143.50 0.1480 0 0
s 1876 01 23 12 30 00    192     1    89   496    45   252 -12.00 239.70  -5.00 143.50 0.1480 0 0
g 1876 01 23 12 30 00    193           0    25     0    13 -12.70 226.90 -17.80 113.50 0.3270 0 7
s 1876 01 23 12 30 00    193     1     0    25     0    13 -12.70 226.90 -17.80 113.50 0.3270 0 7
g 1876 01 23 12 30 00    194          22   219    13   132 -14.60 277.70  33.00 251.50 0.5520 0 7
s 1876 01 23 12 30 00    194     1    22   219    13   132 -14.60 277.70  33.00 251.50 0.5520 0 7
d 1876 01 24 11 11 00 GREE           203   932   126   564 2406277.96597  -8.91  -5.53
g 1876 01 24 11 11 00    192          94   478    48   244 -12.10 239.60   7.40 227.50 0.1650 0 0
s 1876 01 24 11 11 00    192     1    94   478    48   244 -12.10 239.60   7.40 227.50 0.1650 0 0
g 1876 01 24 11 11 00    194         109   454    78   320 -15.20 276.50  44.30 254.00 0.7050 0 7
s 1876 01 24 11 11 00    194     1   109   454    78   320 -15.20 276.50  44.30 254.00 0.7050 0 7
d 1876 01 25 12 15 01 GREE           159   805   117   582 2406279.01043  -9.37  -5.62
g 1876 01 25 12 15 01    192          85   457    46   247 -12.30 239.70  21.20 250.50 0.3830 0 0
s 1876 01 25 12 15 01    192     1    85   457    46   247 -12.30 239.70  21.20 250.50 0.3830 0 0
g 1876 01 25 12 15 01    194          74   348    71   335 -15.10 277.50  59.00 255.80 0.8550 0 7
s 1876 01 25 12 15 01    194     1    74   348    71   335 -15.10 277.50  59.00 255.80 0.8550 0 7
d 1876 01 26 16 30 01 GREE             0   302     0   253 2406280.18751  -9.88  -5.71
g 1876 01 26 16 30 01    192           0   217     0   135 -12.40 239.40  36.40 256.50 0.5950 0 0
s 1876 01 26 16 30 01    192     1     0   217     0   135 -12.40 239.40  36.40 256.50 0.5950 0 0
g 1876 01 26 16 30 01    194           0    85     0   118 -15.50 272.60  69.60 255.50 0.9300 0 7
s 1876 01 26 16 30 01    194     1     0    85     0   118 -15.50 272.60  69.60 255.50 0.9300 0 7
d 1876 01 27 11 54 00 GREE            27   189    20   206 2406280.99583 -10.23  -5.78
g 1876 01 27 11 54 00    192          27   150    20   110 -13.40 239.60  47.20 257.50 0.7340 0 0
s 1876 01 27 11 54 00    192     1    27   150    20   110 -13.40 239.60  47.20 257.50 0.7340 0 0
g 1876 01 27 11 54 00    194           0    39     0    96 -17.00 271.80  79.40 253.50 0.9830 0 7
s 1876 01 27 11 54 00    194     1     0    39     0    96 -17.00 271.80  79.40 253.50 0.9830 0 7
d 1876 01 28 02 22 01 GREE            10    60     9    52 2406281.59862 -10.49  -5.82
g 1876 01 28 02 22 01    192          10    60     9    52 -12.50 239.30  54.80 258.50 0.8140 0 0
s 1876 01 28 02 22 01    192     1    10    60     9    52 -12.50 239.30  54.80 258.50 0.8140 0 0
d 1876 01 29 10 40 01 GREE             0    66     0   130 2406282.94446 -11.07  -5.93
g 1876 01 29 10 40 01    192           0    41     0    68 -13.90 239.80  73.10 257.50 0.9540 0 0
s 1876 01 29 10 40 01    192     1     0    41     0    68 -13.90 239.80  73.10 257.50 0.9540 0 0
g 1876 01 29 10 40 01    195           0    25     0    62  -7.70  87.90 -78.80  96.50 0.9760 0 0
s 1876 01 29 10 40 01    195     1     0    25     0    62  -7.70  87.90 -78.80  96.50 0.9760 0 0
d 1876 01 30 00 00 00 GREE             4    43     5    49 2406283.50000 -11.30  -5.97
g 1876 01 30 00 00 00    195           4    43     5    49  -7.80  88.20 -65.40  95.50 0.8950 0 0
s 1876 01 30 00 00 00    195     1     4    43     5    49  -7.80  88.20 -65.40  95.50 0.8950 0 0
d 1876 01 31 10 50 01 GREE            12    43    10    35 2406284.95140 -11.91  -6.07
g 1876 01 31 10 50 01    195          12    43    10    35  -7.90  88.40 -51.90  95.50 0.7830 0 0
s 1876 01 31 10 50 01    195     1    12    43    10    35  -7.90  88.40 -51.90  95.50 0.7830 0 0
d 1876 02 01 00 00 00 GREE            12    47     8    30 2406285.50000 -12.14  -6.11
g 1876 02 01 00 00 00    195          12    47     8    30  -8.00  88.30 -38.50  95.50 0.6090 0 0
s 1876 02 01 00 00 00    195     1    12    47     8    30  -8.00  88.30 -38.50  95.50 0.6090 0 0
d 1876 02 02 12 20 00 GREE             9    45     5    25 2406287.01389 -12.76  -6.21
g 1876 02 02 12 20 00    195           9    45     5    25  -8.00  88.20 -25.10  95.50 0.4150 0 0
s 1876 02 02 12 20 00    195     1     9    45     5    25  -8.00  88.20 -25.10  95.50 0.4150 0 0
d 1876 02 03 00 00 00 GREE             5    31     3    16 2406287.50000 -12.95  -6.24
g 1876 02 03 00 00 00    195           5    31     3    16  -8.30  88.30 -12.20 100.50 0.1990 0 0
s 1876 02 03 00 00 00    195     1     5    31     3    16  -8.30  88.30 -12.20 100.50 0.1990 0 0
d 1876 02 04 10 58 00 GREE             2    12     1     6 2406288.95694 -13.54  -6.34
g 1876 02 04 10 58 00    195           2    12     1     6  -8.50  88.30   0.70 200.50 0.0030 0 0
s 1876 02 04 10 58 00    195     1     2    12     1     6  -8.50  88.30   0.70 200.50 0.0030 0 0
d 1876 02 08 17 13 01 GREE             0     0     0     0 2406293.21737 -15.18  -6.58
d 1876 02 10 10 40 01 GREE             4   106    14   377 2406294.94446 -15.82  -6.67
g 1876 02 10 10 40 01    196           4   106    14   377 -11.60 285.80 -82.90 100.50 0.9910 0 0
s 1876 02 10 10 40 01    196     1     4   106    14   377 -11.60 285.80 -82.90 100.50 0.9910 0 0
d 1876 02 11 00 00 00 GREE            21   375    29   512 2406295.50000 -16.02  -6.70
g 1876 02 11 00 00 00    196          21   375    29   512 -12.50 285.40 -68.60 100.50 0.9300 0 0
s 1876 02 11 00 00 00    196     1    21   375    29   512 -12.50 285.40 -68.60 100.50 0.9300 0 0
d 1876 02 12 16 17 01 GREE           123   763   104   647 2406297.17848 -16.62  -6.78
g 1876 02 12 16 17 01    196         123   763   104   647 -13.40 285.10 -54.20 101.70 0.8080 0 0
s 1876 02 12 16 17 01    196     1   123   763   104   647 -13.40 285.10 -54.20 101.70 0.8080 0 0
d 1876 02 13 13 24 01 GREE           225  1029   152   695 2406298.05834 -16.93  -6.82
g 1876 02 13 13 24 01    196         225  1029   152   695 -13.20 285.20 -42.40 102.10 0.6720 0 0
s 1876 02 13 13 24 01    196     1   225  1029   152   695 -13.20 285.20 -42.40 102.10 0.6720 0 0
d 1876 02 14 13 32 00 GREE           259  1209   149   695 2406299.06389 -17.28  -6.86
g 1876 02 14 13 32 00    196         259  1209   149   695 -12.90 285.20 -29.20 104.10 0.4930 0 0
s 1876 02 14 13 32 00    196     1   259  1209   149   695 -12.90 285.20 -29.20 104.10 0.4930 0 0
d 1876 02 15 01 59 01 GREE           178  1181    97   642 2406299.58265 -17.46  -6.88
g 1876 02 15 01 59 01    196         178  1181    97   642 -13.00 285.50 -22.10 107.50 0.3830 0 0
s 1876 02 15 01 59 01    196     1   178  1181    97   642 -13.00 285.50 -22.10 107.50 0.3830 0 0
d 1876 02 16 16 10 01 GREE           213  1415   107   711 2406301.17362 -17.99  -6.94
g 1876 02 16 16 10 01    196         213  1415   107   711 -13.10 285.70  -0.90 171.50 0.1030 0 0
s 1876 02 16 16 10 01    196     1   213  1415   107   711 -13.10 285.70  -0.90 171.50 0.1030 0 0
d 1876 02 17 02 35 01 GREE           232  1388   117   701 2406301.60765 -18.13  -6.96
g 1876 02 17 02 35 01    196         232  1388   117   701 -13.30 285.90   4.90 217.50 0.1440 0 0
s 1876 02 17 02 35 01    196     1   232  1388   117   701 -13.30 285.90   4.90 217.50 0.1440 0 0
d 1876 02 18 09 56 00 GREE           194   944   106   516 2406302.91389 -18.56  -7.01
g 1876 02 18 09 56 00    196         194   944   106   516 -13.70 286.40  22.60 251.50 0.4040 0 0
s 1876 02 18 09 56 00    196     1   194   944   106   516 -13.70 286.40  22.60 251.50 0.4040 0 0
d 1876 02 19 12 46 00 GREE           180   860   113   541 2406304.03194 -18.91  -7.04
g 1876 02 19 12 46 00    196         180   860   113   541 -13.80 286.50  37.40 256.50 0.6070 0 0
s 1876 02 19 12 46 00    196     1   180   860   113   541 -13.80 286.50  37.40 256.50 0.6070 0 0
d 1876 02 20 00 00 00 GREE            90   611    70   471 2406304.50000 -19.06  -7.05
g 1876 02 20 00 00 00    196          90   611    70   471 -13.50 286.40  51.50 258.50 0.7600 0 0
s 1876 02 20 00 00 00    196     1    90   611    70   471 -13.50 286.40  51.50 258.50 0.7600 0 0
d 1876 02 21 16 32 00 GREE            22   341    26   401 2406306.18889 -19.58  -7.10
g 1876 02 21 16 32 00    196          22   341    26   401 -13.10 286.20  65.60 258.80 0.9050 0 0
s 1876 02 21 16 32 00    196     1    22   341    26   401 -13.10 286.20  65.60 258.80 0.9050 0 0
d 1876 02 22 10 42 00 GREE            41   184    74   334 2406306.94583 -19.80  -7.12
g 1876 02 22 10 42 00    196          41   184    74   334 -14.30 285.70  75.00 257.50 0.9590 0 0
s 1876 02 22 10 42 00    196     1    41   184    74   334 -14.30 285.70  75.00 257.50 0.9590 0 0
d 1876 02 23 12 00 00 GREE             0     0     0     0 2406308.00000 -20.11  -7.14
d 1876 02 24 10 52 00 GREE             0     0     0     0 2406308.95278 -20.39  -7.16
d 1876 02 25 12 00 00 GREE             0     0     0     0 2406310.00000 -20.68  -7.18
d 1876 02 26 10 12 00 GREE            24   139    17    97 2406310.92500 -20.94  -7.20
g 1876 02 26 10 12 00    197          24   139    17    97   9.90 117.20 -41.10  67.50 0.7010 0 7
s 1876 02 26 10 12 00    197     1    24   139    17    97   9.90 117.20 -41.10  67.50 0.7010 0 7
d 1876 02 27 00 00 00 GREE            28   138    17    81 2406311.50000 -21.09  -7.21
g 1876 02 27 00 00 00    197          28   138    17    81   9.60 117.20 -27.10  58.50 0.5220 0 7
s 1876 02 27 00 00 00    197     1    28   138    17    81   9.60 117.20 -27.10  58.50 0.5220 0 7
d 1876 02 28 13 23 01 GREE            32   121    17    65 2406313.05765 -21.50  -7.23
g 1876 02 28 13 23 01    197          32   121    17    65   9.30 117.10 -13.10  38.50 0.3670 0 7
s 1876 02 28 13 23 01    197     1    32   121    17    65   9.30 117.10 -13.10  38.50 0.3670 0 7
d 1876 02 29 14 13 01 GREE            17   153     9    80 2406314.09237 -21.77  -7.24
g 1876 02 29 14 13 01    197          17   153     9    80   9.50 115.90  -0.60   1.50 0.2840 0 7
s 1876 02 29 14 13 01    197     1    17   153     9    80   9.50 115.90  -0.60   1.50 0.2840 0 7
d 1876 03 01 01 46 01 GREE            43   368    24   200 2406314.57362 -21.89  -7.24
g 1876 03 01 01 46 01    197          17   243     9   128   9.30 117.20   7.10 336.50 0.3010 0 7
s 1876 03 01 01 46 01    197     1    17   243     9   128   9.30 117.20   7.10 336.50 0.3010 0 7
g 1876 03 01 01 46 01    198          26   125    15    72  -5.60  80.00 -30.10  91.50 0.4920 0 0
s 1876 03 01 01 46 01    198     1    26   125    15    72  -5.60  80.00 -30.10  91.50 0.4920 0 0
d 1876 03 02 14 16 01 GREE             4    32     2    16 2406316.09446 -22.26  -7.25
g 1876 03 02 14 16 01    198           4    32     2    16  -5.20  81.50  -8.60  77.10 0.1540 0 0
s 1876 03 02 14 16 01    198     1     4    32     2    16  -5.20  81.50  -8.60  77.10 0.1540 0 0
d 1876 03 04 09 57 01 GREE             0     0     0     0 2406317.91459 -22.69  -7.25
d 1876 03 06 09 51 01 GREE            24    58    16    39 2406319.91043 -23.13  -7.24
g 1876 03 06 09 51 01   198a          24    58    16    39   7.10  79.00  39.10 289.50 0.6630 0 7
s 1876 03 06 09 51 01   198a     1    24    58    16    39   7.10  79.00  39.10 289.50 0.6630 0 7
d 1876 03 07 09 50 00 GREE             8    30     7    26 2406320.90972 -23.34  -7.24
g 1876 03 07 09 50 00   198a           8    30     7    26   7.20  79.80  53.10 284.50 0.8140 0 7
s 1876 03 07 09 50 00   198a     1     8    30     7    26   7.20  79.80  53.10 284.50 0.8140 0 7
d 1876 03 08 12 04 00 GREE             0     0     0     0 2406322.00278 -23.56  -7.23
d 1876 03 09 10 12 00 GREE             8    53    15   100 2406322.92500 -23.75  -7.22
g 1876 03 09 10 12 00    199           8    53    15   100 -10.90 284.70 -75.50  99.50 0.9640 0 0
s 1876 03 09 10 12 00    199     1     8    53    15   100 -10.90 284.70 -75.50  99.50 0.9640 0 0
d 1876 03 10 13 04 01 GREE            18    85    18    86 2406324.04446 -23.96  -7.21
g 1876 03 10 13 04 01    199          18    85    18    86 -11.40 284.20 -61.20  99.50 0.8700 0 0
s 1876 03 10 13 04 01    199     1    18    85    18    86 -11.40 284.20 -61.20  99.50 0.8700 0 0
d 1876 03 11 11 28 00 GREE            19    88    14    66 2406324.97778 -24.13  -7.19
g 1876 03 11 11 28 00    199          19    88    14    66 -11.50 284.70 -48.40  98.50 0.7370 0 0
s 1876 03 11 11 28 00    199     1    19    88    14    66 -11.50 284.70 -48.40  98.50 0.7370 0 0
d 1876 03 12 00 00 00 GREE            26   102    16    62 2406325.50000 -24.23  -7.18
g 1876 03 12 00 00 00    199          26   102    16    62 -11.70 284.70 -34.20 100.50 0.5660 0 0
s 1876 03 12 00 00 00    199     1    26   102    16    62 -11.70 284.70 -34.20 100.50 0.5660 0 0
d 1876 03 13 15 11 01 GREE            70   278    63   273 2406327.13265 -24.51  -7.15
g 1876 03 13 15 11 01    199          34   108    18    58 -11.90 284.70 -20.00 105.50 0.3500 0 0
s 1876 03 13 15 11 01    199     1    34   108    18    58 -11.90 284.70 -20.00 105.50 0.3500 0 0
g 1876 03 13 15 11 01    200          36   170    45   215  15.10 241.20 -63.50  70.50 0.9170 0 7
s 1876 03 13 15 11 01    200     1    36   170    45   215  15.10 241.20 -63.50  70.50 0.9170 0 7
d 1876 03 14 13 26 00 GREE            88   311    66   233 2406328.05972 -24.66  -7.13
g 1876 03 14 13 26 00    199          33   112    17    57 -11.80 284.70  -7.80 121.50 0.1480 0 0
s 1876 03 14 13 26 00    199     1    33   112    17    57 -11.80 284.70  -7.80 121.50 0.1480 0 0
g 1876 03 14 13 26 00    200          55   199    49   176  16.10 241.40 -51.10  64.50 0.8240 0 7
s 1876 03 14 13 26 00    200     1    55   199    49   176  16.10 241.40 -51.10  64.50 0.8240 0 7
d 1876 03 15 13 33 01 GREE            78   257    50   168 2406329.06459 -24.82  -7.11
g 1876 03 15 13 33 01    199          20    73    10    37 -11.20 285.10   5.90 234.50 0.1310 0 0
s 1876 03 15 13 33 01    199     1    20    73    10    37 -11.20 285.10   5.90 234.50 0.1310 0 0
g 1876 03 15 13 33 01    200          58   177    40   123  15.20 241.00 -38.20  59.50 0.6880 0 7
s 1876 03 15 13 33 01    200     1    58   177    40   123  15.20 241.00 -38.20  59.50 0.6880 0 7
g 1876 03 15 13 33 01    201           0     7     0     8  -6.20 214.50 -64.70  93.50 0.9030 0 1
s 1876 03 15 13 33 01    201     1     0     7     0     8  -6.20 214.50 -64.70  93.50 0.9030 0 1
d 1876 03 16 10 45 00 GREE            99   387    62   245 2406329.94792 -24.95  -7.09
g 1876 03 16 10 45 00    199           4    32     2    17 -12.40 284.50  16.90 251.50 0.3010 0 0
s 1876 03 16 10 45 00    199     1     4    32     2    17 -12.40 284.50  16.90 251.50 0.3010 0 0
g 1876 03 16 10 45 00    200          85   302    52   185  15.60 239.80 -27.80  50.50 0.5810 0 7
s 1876 03 16 10 45 00    200     1    85   302    52   185  15.60 239.80 -27.80  50.50 0.5810 0 7
g 1876 03 16 10 45 00    201          10    53     8    43  -5.70 215.40 -52.20  91.50 0.7830 0 1
s 1876 03 16 10 45 00    201     1    10    53     8    43  -5.70 215.40 -52.20  91.50 0.7830 0 1
d 1876 03 17 11 22 01 GREE           124   657    78   405 2406330.97362 -25.10  -7.06
g 1876 03 17 11 22 01    199           0    22     0    13 -12.50 284.70  30.60 257.50 0.5080 0 0
s 1876 03 17 11 22 01    199     1     0    22     0    13 -12.50 284.70  30.60 257.50 0.5080 0 0
g 1876 03 17 11 22 01    200          35   273    20   154  15.20 237.80 -16.30  35.50 0.4620 0 7
s 1876 03 17 11 22 01    200     1    35   273    20   154  15.20 237.80 -16.30  35.50 0.4620 0 7
g 1876 03 17 11 22 01    201          88   341    57   220  -6.30 214.60 -39.50  91.30 0.6320 0 1
s 1876 03 17 11 22 01    201     1    88   341    57   220  -6.30 214.60 -39.50  91.30 0.6320 0 1
g 1876 03 17 11 22 01    202           1    21     1    18 -13.20 198.80 -55.30 101.50 0.8140 0 0
s 1876 03 17 11 22 01    202     1     1    21     1    18 -13.20 198.80 -55.30 101.50 0.8140 0 0
d 1876 03 18 12 15 01 GREE           109   463    62   328 2406332.01043 -25.24  -7.03
g 1876 03 18 12 15 01    199           0    13     0     9 -12.80 284.60  44.20 258.50 0.6880 0 0
s 1876 03 18 12 15 01    199     1     0    13     0     9 -12.80 284.60  44.20 258.50 0.6880 0 0
g 1876 03 18 12 15 01    200          30   104    16    56  15.00 241.30   0.90 357.50 0.3740 0 7
s 1876 03 18 12 15 01    200     1    30   104    16    56  15.00 241.30   0.90 357.50 0.3740 0 7
g 1876 03 18 12 15 01    201          77   238    43   132  -6.10 215.00 -25.40  90.50 0.4310 0 1
s 1876 03 18 12 15 01    201     1    77   238    43   132  -6.10 215.00 -25.40  90.50 0.4310 0 1
g 1876 03 18 12 15 01    202           0    16     0    10 -13.10 201.40 -39.00 102.50 0.6030 0 0
s 1876 03 18 12 15 01    202     1     0    16     0    10 -13.10 201.40 -39.00 102.50 0.6030 0 0
g 1876 03 18 12 15 01    203           2    92     3   121  -8.90 172.10 -68.30  96.50 0.9240 0 7
s 1876 03 18 12 15 01    203     1     2    92     3   121  -8.90 172.10 -68.30  96.50 0.9240 0 7
d 1876 03 19 16 30 01 GREE           143   619    91   408 2406333.18751 -25.39  -6.99
g 1876 03 19 16 30 01    200           4   101     2    57  14.50 240.30  15.40 324.50 0.4460 0 7
s 1876 03 19 16 30 01    200     1     4   101     2    57  14.50 240.30  15.40 324.50 0.4460 0 7
g 1876 03 19 16 30 01    201          80   239    41   122  -6.70 215.10  -9.80  91.50 0.1650 0 1
s 1876 03 19 16 30 01    201     1    80   239    41   122  -6.70 215.10  -9.80  91.50 0.1650 0 1
g 1876 03 19 16 30 01    203          59   279    48   229 -10.20 172.20 -52.70  97.50 0.7930 0 7
s 1876 03 19 16 30 01    203     1    59   279    48   229 -10.20 172.20 -52.70  97.50 0.7930 0 7
d 1876 03 20 11 38 00 GREE           141   561   125   510 2406333.98472 -25.49  -6.96
g 1876 03 20 11 38 00    200           8    84     5    50  13.00 240.70  26.30 307.50 0.5370 0 7
s 1876 03 20 11 38 00    200     1     8    84     5    50  13.00 240.70  26.30 307.50 0.5370 0 7
g 1876 03 20 11 38 00    201          32    96    16    48  -6.30 220.20   5.80 276.10 0.1020 0 0
s 1876 03 20 11 38 00    201     1    32    96    16    48  -6.30 220.20   5.80 276.10 0.1020 0 0
g 1876 03 20 11 38 00    203          61   210    40   137  -9.00 174.20 -40.20  95.50 0.6360 0 7
s 1876 03 20 11 38 00    203     1    61   210    40   137  -9.00 174.20 -40.20  95.50 0.6360 0 7
g 1876 03 20 11 38 00    204          40   171    64   275  13.90 145.00 -69.40  72.50 0.9480 0 3
s 1876 03 20 11 38 00    204     1    40   171    64   275  13.90 145.00 -69.40  72.50 0.9480 0 3
d 1876 03 21 02 48 00 GREE            74   525    59   440 2406334.61667 -25.56  -6.94
g 1876 03 21 02 48 00    200           5    46     3    30  14.40 240.10  34.00 302.50 0.6460 0 7
s 1876 03 21 02 48 00    200     1     5    46     3    30  14.40 240.10  34.00 302.50 0.6460 0 7
g 1876 03 21 02 48 00    201          10    54     5    28  -6.20 219.70  13.60 267.50 0.2330 0 0
s 1876 03 21 02 48 00    201     1    10    54     5    28  -6.20 219.70  13.60 267.50 0.2330 0 0
g 1876 03 21 02 48 00    203          24   154    14    90  -9.50 175.20 -30.90  96.90 0.5140 0 7
s 1876 03 21 02 48 00    203     1    24   154    14    90  -9.50 175.20 -30.90  96.90 0.5140 0 7
g 1876 03 21 02 48 00    204          35   271    37   292  13.20 146.80 -59.30  71.10 0.8860 0 3
s 1876 03 21 02 48 00    204     1    35   271    37   292  13.20 146.80 -59.30  71.10 0.8860 0 3
d 1876 03 22 12 48 01 GREE           275   958   182   625 2406336.03334 -25.72  -6.88
g 1876 03 22 12 48 01    201           8    27     5    16  -6.40 220.10  32.50 268.50 0.5370 0 0
s 1876 03 22 12 48 01    201     1     8    27     5    16  -6.40 220.10  32.50 268.50 0.5370 0 0
g 1876 03 22 12 48 01    203          23   122    12    63  -7.90 174.90 -12.70  95.50 0.2160 0 7
s 1876 03 22 12 48 01    203     1    23   122    12    63  -7.90 174.90 -12.70  95.50 0.2160 0 7
g 1876 03 22 12 48 01    204         236   785   157   522  14.90 152.10 -35.50  58.00 0.6590 0 3
s 1876 03 22 12 48 01    204     1   236   785   157   522  14.90 152.10 -35.50  58.00 0.6590 0 3
g 1876 03 22 12 48 01    205           8    24     8    24   7.80 128.80 -58.80  76.50 0.8700 0 0
s 1876 03 22 12 48 01    205     1     8    24     8    24   7.80 128.80 -58.80  76.50 0.8700 0 0
d 1876 03 23 15 38 01 GREE            90   820    52   483 2406337.15140 -25.83  -6.84
g 1876 03 23 15 38 01    201           0    30     0    22  -6.70 219.80  47.20 267.50 0.7250 0 0
s 1876 03 23 15 38 01    201     1     0    30     0    22  -6.70 219.80  47.20 267.50 0.7250 0 0
g 1876 03 23 15 38 01    203           0    38     0    19  -6.60 177.80   5.20 272.30 0.0910 0 7
s 1876 03 23 15 38 01    203     1     0    38     0    19  -6.60 177.80   5.20 272.30 0.0910 0 7
g 1876 03 23 15 38 01    204          89   714    51   415  14.50 151.80 -20.80  45.80 0.5100 0 3
s 1876 03 23 15 38 01    204     1    89   714    51   415  14.50 151.80 -20.80  45.80 0.5100 0 3
g 1876 03 23 15 38 01    205           1    38     1    27   7.50 129.40 -43.20  72.50 0.7130 0 0
s 1876 03 23 15 38 01    205     1     1    38     1    27   7.50 129.40 -43.20  72.50 0.7130 0 0
d 1876 03 24 10 56 01 GREE           177   925    97   512 2406337.95557 -25.91  -6.81
g 1876 03 24 10 56 01    201           0    15     0    14  -7.00 220.40  58.40 265.50 0.8490 0 0
s 1876 03 24 10 56 01    201     1     0    15     0    14  -7.00 220.40  58.40 265.50 0.8490 0 0
g 1876 03 24 10 56 01    204         164   863    89   469  14.80 153.90  -8.10  20.50 0.3950 0 3
s 1876 03 24 10 56 01    204     1   164   863    89   469  14.80 153.90  -8.10  20.50 0.3950 0 3
g 1876 03 24 10 56 01    205          13    47     8    29   8.00 129.60 -32.40  65.50 0.5810 0 0
s 1876 03 24 10 56 01    205     1    13    47     8    29   8.00 129.60 -32.40  65.50 0.5810 0 0
d 1876 03 25 09 56 00 GREE           163   849    88   459 2406338.91389 -25.99  -6.76
g 1876 03 25 09 56 00    204         148   818    80   442  14.90 153.90   4.50 348.50 0.3830 0 3
s 1876 03 25 09 56 00    204     1   148   818    80   442  14.90 153.90   4.50 348.50 0.3830 0 3
g 1876 03 25 09 56 00    205          15    31     8    17   8.30 130.20 -19.20  51.50 0.4150 0 0
s 1876 03 25 09 56 00    205     1    15    31     8    17   8.30 130.20 -19.20  51.50 0.4150 0 0
d 1876 03 26 00 00 00 GREE            99   689    57   396 2406339.50000 -26.04  -6.74
g 1876 03 26 00 00 00    204          99   689    57   396  14.80 155.20  11.80 317.50 0.4920 0 3
s 1876 03 26 00 00 00    204     1    99   689    57   396  14.80 155.20  11.80 317.50 0.4920 0 3
d 1876 03 27 02 05 00 GREE            53   560    33   350 2406340.58681 -26.13  -6.68
g 1876 03 27 02 05 00    204          53   560    33   350  14.60 156.40  29.10 305.40 0.6000 0 3
s 1876 03 27 02 05 00    204     1    53   560    33   350  14.60 156.40  29.10 305.40 0.6000 0 3
d 1876 03 28 16 09 00 GREE             9   304     6   266 2406342.17292 -26.23  -6.60
g 1876 03 28 16 09 00    204           9   304     6   266  14.70 157.50  51.10 293.10 0.8210 0 3
s 1876 03 28 16 09 00    204     1     9   304     6   266  14.70 157.50  51.10 293.10 0.8210 0 3
d 1876 03 29 14 08 00 GREE            52   203    73   275 2406343.08889 -26.29  -6.56
g 1876 03 29 14 08 00    204          50   182    71   257  15.10 160.50  66.20 288.50 0.9370 0 3
s 1876 03 29 14 08 00    204     1    50   182    71   257  15.10 160.50  66.20 288.50 0.9370 0 3
g 1876 03 29 14 08 00   205a           2    21     2    18  13.60 145.30  51.00 291.50 0.8140 0 0
s 1876 03 29 14 08 00   205a     1     2    21     2    18  13.60 145.30  51.00 291.50 0.8140 0 0
d 1876 03 30 11 11 00 GREE            15    84    39   203 2406343.96597 -26.33  -6.51
g 1876 03 30 11 11 00    204          15    72    39   189  14.80 159.60  76.90 286.50 0.9830 0 3
s 1876 03 30 11 11 00    204     1    15    72    39   189  14.80 159.60  76.90 286.50 0.9830 0 3
g 1876 03 30 11 11 00   205a           0    12     0    14  13.00 144.90  62.20 287.50 0.9030 0 0
s 1876 03 30 11 11 00   205a     1     0    12     0    14  13.00 144.90  62.20 287.50 0.9030 0 0
d 1876 04 02 12 00 00 GREE             0     0     0     0 2406347.00000 -26.45  -6.33
d 1876 04 03 12 00 00 GREE             0     0     0     0 2406348.00000 -26.47  -6.27
d 1876 04 04 09 53 00 GREE             0     4     0     4 2406348.91181 -26.49  -6.21
g 1876 04 04 09 53 00    206           0     4     0     4 -14.00 318.50 -59.00 102.50 0.8530 0 0
s 1876 04 04 09 53 00    206     1     0     4     0     4 -14.00 318.50 -59.00 102.50 0.8530 0 0
d 1876 04 05 12 00 00 GREE             0     0     0     0 2406350.00000 -26.50  -6.14
d 1876 04 06 16 13 00 GREE             0    35     0    99 2406351.17569 -26.50  -6.06
g 1876 04 06 16 13 00   206a           0    35     0    99 -19.50 266.30 -81.30 108.50 0.9800 0 9
s 1876 04 06 16 13 00   206a     1     0    35     0    99 -19.50 266.30 -81.30 108.50 0.9800 0 9
d 1876 04 07 09 44 01 GREE             0     0     0     0 2406351.90557 -26.49  -6.01
d 1876 04 08 12 38 01 GREE             0    29     0    19 2406353.02640 -26.48  -5.93
g 1876 04 08 12 38 01    207           0    29     0    19  14.00 287.80 -35.40  60.50 0.6490 0 0
s 1876 04 08 12 38 01    207     1     0    29     0    19  14.00 287.80 -35.40  60.50 0.6490 0 0
d 1876 04 09 13 19 00 GREE             0    24     0    16 2406354.05486 -26.46  -5.86
g 1876 04 09 13 19 00    207           0    16     0     9  13.90 288.50 -21.10  46.50 0.4630 0 0
s 1876 04 09 13 19 00    207     1     0    16     0     9  13.90 288.50 -21.10  46.50 0.4630 0 0
g 1876 04 09 13 19 00    208           0     8     0     7  12.20 260.10 -49.50  69.50 0.7930 0 7
s 1876 04 09 13 19 00    208     1     0     8     0     7  12.20 260.10 -49.50  69.50 0.7930 0 7
d 1876 04 10 16 00 00 GREE             0    67     0    43 2406355.16667 -26.42  -5.78
g 1876 04 10 16 00 00    208           0    67     0    43  11.50 260.00 -34.90  63.50 0.6230 0 7
s 1876 04 10 16 00 00    208     1     0    67     0    43  11.50 260.00 -34.90  63.50 0.6230 0 7
d 1876 04 11 10 52 00 GREE             0    51     0    30 2406355.95278 -26.40  -5.72
g 1876 04 11 10 52 00    208           0    51     0    30  11.30 258.50 -26.00  56.50 0.5080 0 7
s 1876 04 11 10 52 00    208     1     0    51     0    30  11.30 258.50 -26.00  56.50 0.5080 0 7
d 1876 04 12 16 22 00 GREE            11   122     6    65 2406357.18194 -26.34  -5.62
g 1876 04 12 16 22 00    208          11   122     6    65  11.70 259.30  -9.00  27.50 0.3340 0 7
s 1876 04 12 16 22 00    208     1    11   122     6    65  11.70 259.30  -9.00  27.50 0.3340 0 7
d 1876 04 13 01 13 00 GREE            12    80     6    41 2406357.55069 -26.33  -5.60
g 1876 04 13 01 13 00    208           0    29     0    15  11.30 259.70  -3.70  12.40 0.2970 0 7
s 1876 04 13 01 13 00    208     1     0    29     0    15  11.30 259.70  -3.70  12.40 0.2970 0 7
g 1876 04 13 01 13 00   208b          12    51     6    26   2.60 272.40   9.00 312.50 0.1980 0 4
s 1876 04 13 01 13 00   208b     1    12    51     6    26   2.60 272.40   9.00 312.50 0.1980 0 4
d 1876 04 14 14 39 01 GREE            22    86    12    46 2406359.11043 -26.24  -5.47
g 1876 04 14 14 39 01   208a          22    86    12    46  -6.50 221.70 -21.10  93.50 0.3500 0 1
s 1876 04 14 14 39 01   208a     1    22    86    12    46  -6.50 221.70 -21.10  93.50 0.3500 0 1
d 1876 04 15 12 11 01 GREE            14    47     7    24 2406360.00765 -26.18  -5.40
g 1876 04 15 12 11 01   208a          14    47     7    24  -6.10 221.10  -9.90  94.50 0.1650 0 1
s 1876 04 15 12 11 01   208a     1    14    47     7    24  -6.10 221.10  -9.90  94.50 0.1650 0 1
d 1876 04 16 12 53 00 GREE             0    16     0     8 2406361.03681 -26.11  -5.31
g 1876 04 16 12 53 00   208a           0    16     0     8  -6.50 217.70   0.30 197.50 0.0030 0 1
s 1876 04 16 12 53 00   208a     1     0    16     0     8  -6.50 217.70   0.30 197.50 0.0030 0 1
d 1876 04 17 15 53 00 GREE             0   115     0    59 2406362.16181 -26.02  -5.22
g 1876 04 17 15 53 00   208c           0   115     0    59  -3.20 191.00 -11.50  80.50 0.1990 0 0
s 1876 04 17 15 53 00   208c     1     0   115     0    59  -3.20 191.00 -11.50  80.50 0.1990 0 0
d 1876 04 18 13 23 01 GREE             0    38     0    19 2406363.05765 -25.94  -5.14
g 1876 04 18 13 23 01   208c           0    38     0    19  -3.10 192.10   1.40 216.50 0.0030 0 0
s 1876 04 18 13 23 01   208c     1     0    38     0    19  -3.10 192.10   1.40 216.50 0.0030 0 0
d 1876 04 20 11 05 00 GREE             0     0     0     0 2406364.96181 -25.75  -4.97
d 1876 04 21 01 00 00 GREE             0     0     0     0 2406365.54167 -25.69  -4.92
d 1876 04 22 12 00 00 GREE             0     0     0     0 2406367.00000 -25.52  -4.78
d 1876 04 23 14 19 01 GREE             0     0     0     0 2406368.09654 -25.38  -4.68
d 1876 04 24 09 41 01 GREE             0     0     0     0 2406368.90348 -25.28  -4.60
d 1876 04 25 13 32 00 GREE             0     0     0     0 2406370.06389 -25.12  -4.49
d 1876 04 26 00 46 00 GREE             0     0     0     0 2406370.53194 -25.05  -4.45
d 1876 04 27 12 00 00 GREE             0     0     0     0 2406372.00000 -24.83  -4.30
d 1876 04 28 12 00 00 GREE             0     0     0     0 2406373.00000 -24.67  -4.21
d 1876 04 29 12 00 00 GREE             0     0     0     0 2406374.00000 -24.50  -4.10
d 1876 04 30 12 00 00 GREE             0     0     0     0 2406375.00000 -24.32  -4.00
d 1876 05 01 12 00 00 GREE             0     0     0     0 2406376.00000 -24.14  -3.90
d 1876 05 02 10 04 01 GREE             0     0     0     0 2406376.91946 -23.97  -3.81
d 1876 05 03 12 38 01 GREE             0     0     0     0 2406378.02640 -23.75  -3.69
d 1876 05 04 12 20 00 GREE             0     0     0     0 2406379.01389 -23.55  -3.58
d 1876 05 05 12 46 00 GREE             0     0     0     0 2406380.03194 -23.33  -3.48
d 1876 05 06 10 10 01 GREE             0     0     0     0 2406380.92362 -23.14  -3.38
d 1876 05 07 14 08 00 GREE            73   250    67   229 2406382.08889 -22.88  -3.25
g 1876 05 07 14 08 00    209          73   250    67   229 -13.60 242.60 -56.60 104.10 0.8380 0 1
s 1876 05 07 14 08 00    209     1    73   250    67   229 -13.60 242.60 -56.60 104.10 0.8380 0 1
d 1876 05 08 11 13 01 GREE            71   248    50   176 2406382.96737 -22.67  -3.16
g 1876 05 08 11 13 01    209          71   248    50   176 -13.30 243.30 -44.30 105.50 0.7010 0 1
s 1876 05 08 11 13 01    209     1    71   248    50   176 -13.30 243.30 -44.30 105.50 0.7010 0 1
d 1876 05 09 11 35 01 GREE            57   265    34   158 2406383.98265 -22.43  -3.05
g 1876 05 09 11 35 01    209          57   265    34   158 -13.70 243.10 -31.10 111.50 0.5370 0 1
s 1876 05 09 11 35 01    209     1    57   265    34   158 -13.70 243.10 -31.10 111.50 0.5370 0 1
d 1876 05 10 11 06 01 GREE            52   213    28   112 2406384.96251 -22.19  -2.94
g 1876 05 10 11 06 01    209          52   213    28   112 -14.00 244.30 -16.90 124.50 0.3130 0 1
s 1876 05 10 11 06 01    209     1    52   213    28   112 -14.00 244.30 -16.90 124.50 0.3130 0 1
d 1876 05 11 11 24 00 GREE            43   174    22    89 2406385.97500 -21.93  -2.82
g 1876 05 11 11 24 00    209          43   174    22    89 -14.20 245.30  -2.50 168.50 0.1990 0 0
s 1876 05 11 11 24 00    209     1    43   174    22    89 -14.20 245.30  -2.50 168.50 0.1990 0 0
d 1876 05 12 13 49 00 GREE            52   206    27   108 2406387.07569 -21.65  -2.70
g 1876 05 12 13 49 00    209          52   206    27   108 -14.60 245.60  12.30 225.50 0.3010 0 0
s 1876 05 12 13 49 00    209     1    52   206    27   108 -14.60 245.60  12.30 225.50 0.3010 0 0
d 1876 05 13 10 49 00 GREE            39   189    22   106 2406387.95069 -21.42  -2.60
g 1876 05 13 10 49 00    209          39   189    22   106 -15.00 245.60  23.90 240.50 0.4460 0 0
s 1876 05 13 10 49 00    209     1    39   189    22   106 -15.00 245.60  23.90 240.50 0.4460 0 0
d 1876 05 14 00 00 00 GREE            16    89    11    58 2406388.50000 -21.27  -2.54
g 1876 05 14 00 00 00    209          16    89    11    58 -15.10 245.60  37.90 249.50 0.6360 0 0
s 1876 05 14 00 00 00    209     1    16    89    11    58 -15.10 245.60  37.90 249.50 0.6360 0 0
d 1876 05 15 13 30 01 GREE             0    11     0     9 2406390.06251 -20.83  -2.36
g 1876 05 15 13 30 01    209           0    11     0     9 -15.20 245.50  51.80 252.50 0.7930 0 0
s 1876 05 15 13 30 01    209     1     0    11     0     9 -15.20 245.50  51.80 252.50 0.7930 0 0
d 1876 05 16 13 03 00 GREE             0     0     0     0 2406391.04375 -20.55  -2.25
d 1876 05 17 15 46 00 GREE             0     0     0     0 2406392.15694 -20.23  -2.12
d 1876 05 18 12 00 00 GREE             0     0     0     0 2406393.00000 -19.97  -2.02
d 1876 05 19 12 00 00 GREE             0     0     0     0 2406394.00000 -19.67  -1.90
d 1876 05 20 14 18 00 GREE             0     0     0     0 2406395.09583 -19.33  -1.77
d 1876 05 21 12 30 00 GREE             0     0     0     0 2406396.02083 -19.03  -1.66
d 1876 05 22 20 58 01 GREE             0     0     0     0 2406397.37362 -18.59  -1.50
d 1876 05 25 14 06 01 GREE             0    33     0    55 2406400.08751 -17.68  -1.18
g 1876 05 25 14 06 01   209a           0    33     0    55 -10.00 348.70 -72.40 100.50 0.9540 0 7
s 1876 05 25 14 06 01   209a     1     0    33     0    55 -10.00 348.70 -72.40 100.50 0.9540 0 7
d 1876 05 26 15 20 00 GREE             0    33     0    31 2406401.13889 -17.32  -1.05
g 1876 05 26 15 20 00   209a           0    33     0    31  -9.30 349.60 -57.60 100.50 0.8430 0 7
s 1876 05 26 15 20 00   209a     1     0    33     0    31  -9.30 349.60 -57.60 100.50 0.8430 0 7
d 1876 05 27 14 08 00 GREE             6    34     4    24 2406402.08889 -16.98  -0.94
g 1876 05 27 14 08 00   209a           6    34     4    24  -9.20 350.30 -44.30 102.50 0.7010 0 7
s 1876 05 27 14 08 00   209a     1     6    34     4    24  -9.20 350.30 -44.30 102.50 0.7010 0 7
d 1876 05 29 12 00 00 GREE             0     0     0     0 2406404.00000 -16.29  -0.71
d 1876 05 30 12 00 00 GREE             0     0     0     0 2406405.00000 -15.93  -0.59
d 1876 05 31 12 00 00 GREE             0     0     0     0 2406406.00000 -15.55  -0.47
d 1876 06 01 09 56 00 GREE             0     0     0     0 2406406.91389 -15.21  -0.36
d 1876 06 03 13 53 01 GREE             0     0     0     0 2406409.07848 -14.37  -0.10
d 1876 06 04 15 46 00 GREE             0     0     0     0 2406410.15694 -13.95   0.03
d 1876 06 06 12 00 00 GREE             0     0     0     0 2406412.00000 -13.22   0.25
d 1876 06 07 12 00 00 GREE             0     0     0     0 2406413.00000 -12.81   0.37
d 1876 06 08 12 00 00 GREE             0     0     0     0 2406414.00000 -12.40   0.50
d 1876 06 09 12 00 00 GREE             0     0     0     0 2406415.00000 -11.99   0.62
d 1876 06 12 12 00 00 GREE             0     0     0     0 2406418.00000 -10.73   0.98
d 1876 06 13 12 00 00 GREE             0     0     0     0 2406419.00000 -10.31   1.09
d 1876 06 14 12 00 00 GREE             0     0     0     0 2406420.00000  -9.88   1.21
d 1876 06 15 12 00 00 GREE             0     0     0     0 2406421.00000  -9.44   1.33
d 1876 06 16 12 00 00 GREE             0     0     0     0 2406422.00000  -9.01   1.45
d 1876 06 18 11 06 01 GREE             0     0     0     0 2406423.96251  -8.15   1.68
d 1876 06 19 14 31 00 GREE             0     0     0     0 2406425.10486  -7.64   1.81
d 1876 06 20 11 18 00 GREE             0     0     0     0 2406425.97083  -7.26   1.92
d 1876 06 21 10 33 01 GREE             0    29     0    40 2406426.93959  -6.82   2.03
g 1876 06 21 10 33 01    210           0    29     0    40   0.60 357.20 -68.50  89.50 0.9300 0 0
s 1876 06 21 10 33 01    210     1     0    29     0    40   0.60 357.20 -68.50  89.50 0.9300 0 0
d 1876 06 22 13 48 00 GREE             8    26     7    22 2406428.07500  -6.32   2.16
g 1876 06 22 13 48 00    210           8    26     7    22  -0.70 357.80 -52.90  92.50 0.7930 0 0
s 1876 06 22 13 48 00    210     1     8    26     7    22  -0.70 357.80 -52.90  92.50 0.7930 0 0
d 1876 06 23 13 55 00 GREE             9    39     6    25 2406429.07986  -5.86   2.27
g 1876 06 23 13 55 00    210           9    39     6    25  -0.50 357.90 -39.40  93.50 0.6280 0 0
s 1876 06 23 13 55 00    210     1     9    39     6    25  -0.50 357.90 -39.40  93.50 0.6280 0 0
d 1876 06 24 16 32 00 GREE             0    38     0    21 2406430.18889  -5.36   2.40
g 1876 06 24 16 32 00    210           0    38     0    21  -0.80 358.40 -24.30  97.50 0.4150 0 0
s 1876 06 24 16 32 00    210     1     0    38     0    21  -0.80 358.40 -24.30  97.50 0.4150 0 0
d 1876 06 26 10 22 00 GREE             0    11     0     6 2406431.93194  -4.57   2.60
g 1876 06 26 10 22 00   210a           0    11     0     6  -7.90  25.50  25.90 247.70 0.4680 0 0
s 1876 06 26 10 22 00   210a     1     0    11     0     6  -7.90  25.50  25.90 247.70 0.4680 0 0
d 1876 06 27 13 55 00 GREE             0    70     0    58 2406433.07986  -4.05   2.73
g 1876 06 27 13 55 00   210b           0    70     0    58   6.90  37.10  52.70 276.50 0.7930 0 4
s 1876 06 27 13 55 00   210b     1     0    70     0    58   6.90  37.10  52.70 276.50 0.7930 0 4
d 1876 06 28 14 03 01 GREE            12    58    15    76 2406434.08543  -3.59   2.84
g 1876 06 28 14 03 01   210b          12    58    15    76   6.10  38.60  67.50 275.50 0.9240 0 4
s 1876 06 28 14 03 01   210b     1    12    58    15    76   6.10  38.60  67.50 275.50 0.9240 0 4
d 1876 06 29 02 15 00 GREE            31   126    50   209 2406434.59375  -3.36   2.89
g 1876 06 29 02 15 00   210b          31   126    50   209   6.80  37.20  72.80 276.50 0.9540 0 4
s 1876 06 29 02 15 00   210b     1    31   126    50   209   6.80  37.20  72.80 276.50 0.9540 0 4
d 1876 06 30 12 00 00 GREE             0     0     0     0 2406436.00000  -2.72   3.05
d 1876 07 03 14 22 01 GREE            94   413    83   363 2406439.09862  -1.30   3.38
g 1876 07 03 14 22 01    211          22    90    16    64 -11.20 308.00  43.20 250.50 0.7130 0 7
s 1876 07 03 14 22 01    211     1    22    90    16    64 -11.20 308.00  43.20 250.50 0.7130 0 7
g 1876 07 03 14 22 01    212          72   323    67   299  -6.70 208.40 -56.40 100.20 0.8420 0 7
s 1876 07 03 14 22 01    212     1    72   323    67   299  -6.70 208.40 -56.40 100.20 0.8420 0 7
d 1876 07 04 13 35 00 GREE            28   332    20   250 2406440.06597  -0.86   3.49
g 1876 07 04 13 35 00    211           0    56     0    54 -10.60 309.50  57.60 255.50 0.8580 0 7
s 1876 07 04 13 35 00    211     1     0    56     0    54 -10.60 309.50  57.60 255.50 0.8580 0 7
g 1876 07 04 13 35 00    212          28   276    20   196  -7.50 208.20 -43.70 104.50 0.7010 0 7
s 1876 07 04 13 35 00    212     1    28   276    20   196  -7.50 208.20 -43.70 104.50 0.7010 0 7
d 1876 07 05 13 52 00 GREE            41   233    24   138 2406441.07778  -0.39   3.59
g 1876 07 05 13 52 00    212          41   233    24   138  -6.40 207.90 -30.70 108.50 0.5370 0 7
s 1876 07 05 13 52 00    212     1    41   233    24   138  -6.40 207.90 -30.70 108.50 0.5370 0 7
d 1876 07 06 13 45 00 GREE            19   182    10   123 2406442.07292   0.06   3.70
g 1876 07 06 13 45 00    212          19   126    10    67  -6.00 208.40 -17.10 119.50 0.3340 0 7
s 1876 07 06 13 45 00    212     1    19   126    10    67  -6.00 208.40 -17.10 119.50 0.3340 0 7
g 1876 07 06 13 45 00    214           0    56     0    56   9.30 165.10 -60.40  81.50 0.8700 0 0
s 1876 07 06 13 45 00    214     1     0    56     0    56   9.30 165.10 -60.40  81.50 0.8700 0 0
d 1876 07 07 09 46 00 GREE            31   158    16    86 2406442.90694   0.44   3.78
g 1876 07 07 09 46 00    212          31   127    16    65  -5.50 208.90  -5.50 149.50 0.1820 0 0
s 1876 07 07 09 46 00    212     1    31   127    16    65  -5.50 208.90  -5.50 149.50 0.1820 0 0
g 1876 07 07 09 46 00    213           0    17     0    10   0.40 181.70 -32.70  95.10 0.5290 0 7
s 1876 07 07 09 46 00    213     1     0    17     0    10   0.40 181.70 -32.70  95.10 0.5290 0 7
g 1876 07 07 09 46 00    214           0    14     0    11   9.70 165.30 -49.10  80.50 0.7490 0 0
s 1876 07 07 09 46 00    214     1     0    14     0    11   9.70 165.30 -49.10  80.50 0.7490 0 0
d 1876 07 08 11 06 01 GREE            63   235    33   124 2406443.96251   0.92   3.89
g 1876 07 08 11 06 01    212          35    88    18    46  -8.00 212.00  11.60 224.50 0.2840 0 0
s 1876 07 08 11 06 01    212     1    35    88    18    46  -8.00 212.00  11.60 224.50 0.2840 0 0
g 1876 07 08 11 06 01    213          23   139    12    73  -0.30 183.00 -17.40 103.50 0.3010 0 7
s 1876 07 08 11 06 01    213     1    23   139    12    73  -0.30 183.00 -17.40 103.50 0.3010 0 7
g 1876 07 08 11 06 01    214           5     8     3     5   9.70 165.20 -35.20  78.50 0.5810 0 0
s 1876 07 08 11 06 01    214     1     5     8     3     5   9.70 165.20 -35.20  78.50 0.5810 0 0
d 1876 07 09 00 00 00 GREE            32   139    18    74 2406444.50000   1.17   3.94
g 1876 07 09 00 00 00    212          21    62    12    35  -7.60 211.50  24.90 245.50 0.4620 0 0
s 1876 07 09 00 00 00    212     1    21    62    12    35  -7.60 211.50  24.90 245.50 0.4620 0 0
g 1876 07 09 00 00 00    213          11    77     6    39  -0.20 182.70  -4.00 137.50 0.0960 0 7
s 1876 07 09 00 00 00    213     1    11    77     6    39  -0.20 182.70  -4.00 137.50 0.0960 0 7
d 1876 07 10 13 04 01 GREE             9    43     6    27 2406446.04446   1.87   4.10
g 1876 07 10 13 04 01    212           9    35     6    23  -7.20 210.90  38.10 253.50 0.6360 0 0
s 1876 07 10 13 04 01    212     1     9    35     6    23  -7.20 210.90  38.10 253.50 0.6360 0 0
g 1876 07 10 13 04 01    213           0     8     0     4   0.00 182.30   9.50 246.90 0.1800 0 7
s 1876 07 10 13 04 01    213     1     0     8     0     4   0.00 182.30   9.50 246.90 0.1800 0 7
d 1876 07 11 13 48 00 GREE             0    44     0    25 2406447.07500   2.33   4.20
g 1876 07 11 13 48 00    213           0    44     0    25  -1.90 186.70  27.50 258.50 0.4770 0 7
s 1876 07 11 13 48 00    213     1     0    44     0    25  -1.90 186.70  27.50 258.50 0.4770 0 7
d 1876 07 15 12 00 00 GREE             0     0     0     0 2406451.00000   4.10   4.58
d 1876 07 17 11 42 01 GREE             0     0     0     0 2406452.98751   4.98   4.76
d 1876 07 18 12 00 00 GREE             0     0     0     0 2406454.00000   5.42   4.85
d 1876 07 19 14 11 00 GREE             0    64     0    58 2406455.09097   5.90   4.95
g 1876 07 19 14 11 00    215           0    64     0    58   3.00 356.60 -56.50  89.50 0.8340 0 0
s 1876 07 19 14 11 00    215     1     0    64     0    58   3.00 356.60 -56.50  89.50 0.8340 0 0
d 1876 07 20 13 42 00 GREE            18    75    15    58 2406456.07083   6.33   5.03
g 1876 07 20 13 42 00    215           9    52     6    36   2.60 356.70 -43.50  88.50 0.6880 0 0
s 1876 07 20 13 42 00    215     1     9    52     6    36   2.60 356.70 -43.50  88.50 0.6880 0 0
g 1876 07 20 13 42 00    216           9    23     9    22  -7.40 342.10 -58.10 101.50 0.8570 0 0
s 1876 07 20 13 42 00    216     1     9    23     9    22  -7.40 342.10 -58.10 101.50 0.8570 0 0
d 1876 07 21 14 15 00 GREE            19    91    32   133 2406457.09375   6.77   5.12
g 1876 07 21 14 15 00    215           0    14     0     8   2.30 357.30 -29.40  94.40 0.4880 0 0
s 1876 07 21 14 15 00    215     1     0    14     0     8   2.30 357.30 -29.40  94.40 0.4880 0 0
g 1876 07 21 14 15 00    216           0     6     0     4  -7.50 343.20 -43.50 105.80 0.7120 0 0
s 1876 07 21 14 15 00    216     1     0     6     0     4  -7.50 343.20 -43.50 105.80 0.7120 0 0
g 1876 07 21 14 15 00    217          19    71    32   121 -10.30 315.10 -71.60 102.50 0.9540 0 0
s 1876 07 21 14 15 00    217     1    19    71    32   121 -10.30 315.10 -71.60 102.50 0.9540 0 0
d 1876 07 22 10 49 00 GREE            22   113    23   111 2406457.95069   7.14   5.20
g 1876 07 22 10 49 00    215           0    17     0     9   2.40 357.90 -17.40  98.50 0.3010 0 0
s 1876 07 22 10 49 00    215     1     0    17     0     9   2.40 357.90 -17.40  98.50 0.3010 0 0
g 1876 07 22 10 49 00    217          22    96    23   102  -9.90 315.00 -60.30 104.50 0.8790 0 0
s 1876 07 22 10 49 00    217     1    22    96    23   102  -9.90 315.00 -60.30 104.50 0.8790 0 0
d 1876 07 23 00 00 00 GREE            22   119    17    90 2406458.50000   7.38   5.24
g 1876 07 23 00 00 00    217          22   119    17    90 -10.50 315.10 -46.10 108.50 0.7490 0 0
s 1876 07 23 00 00 00    217     1    22   119    17    90 -10.50 315.10 -46.10 108.50 0.7490 0 0
d 1876 07 24 13 55 00 GREE            18   127    11    78 2406460.07986   8.05   5.37
g 1876 07 24 13 55 00    217          18   127    11    78 -11.10 315.20 -31.90 117.50 0.5810 0 0
s 1876 07 24 13 55 00    217     1    18   127    11    78 -11.10 315.20 -31.90 117.50 0.5810 0 0
d 1876 07 25 11 49 01 GREE            39   179    22   100 2406460.99237   8.43   5.45
g 1876 07 25 11 49 01    217          39   179    22   100 -10.50 314.70 -20.40 128.50 0.4310 0 0
s 1876 07 25 11 49 01    217     1    39   179    22   100 -10.50 314.70 -20.40 128.50 0.4310 0 0
d 1876 07 26 11 52 01 GREE            36   126    19    66 2406461.99446   8.86   5.52
g 1876 07 26 11 52 01    217          36   126    19    66 -10.70 315.10  -6.70 157.50 0.3010 0 0
s 1876 07 26 11 52 01    217     1    36   126    19    66 -10.70 315.10  -6.70 157.50 0.3010 0 0
d 1876 07 27 10 23 01 GREE            31    80    16    42 2406462.93265   9.25   5.60
g 1876 07 27 10 23 01    217          31    80    16    42 -11.00 315.30   5.90 199.50 0.3010 0 0
s 1876 07 27 10 23 01    217     1    31    80    16    42 -11.00 315.30   5.90 199.50 0.3010 0 0
d 1876 07 28 14 05 00 GREE             0    30     0    17 2406464.08681   9.72   5.69
g 1876 07 28 14 05 00    217           0    30     0    17 -10.50 315.70  21.60 233.50 0.4460 0 0
s 1876 07 28 14 05 00    217     1     0    30     0    17 -10.50 315.70  21.60 233.50 0.4460 0 0
d 1876 07 31 02 47 00 GREE             8    81     7    72 2406466.61597  10.75   5.87
g 1876 07 31 02 47 00    217           8    81     7    72 -10.40 313.90  53.20 253.50 0.8240 0 0
s 1876 07 31 02 47 00    217     1     8    81     7    72 -10.40 313.90  53.20 253.50 0.8240 0 0
d 1876 08 01 14 08 00 GREE             0     0     0     0 2406468.08889  11.34   5.97
d 1876 08 02 12 20 00 GREE             0     0     0     0 2406469.01389  11.71   6.04
d 1876 08 03 13 12 00 GREE             0     0     0     0 2406470.05000  12.11   6.10
d 1876 08 04 12 00 00 GREE             0     0     0     0 2406471.00000  12.48   6.17
d 1876 08 05 12 00 00 GREE             0     0     0     0 2406472.00000  12.87   6.23
d 1876 08 07 11 02 00 GREE             0    74     0    87 2406473.95972  13.61   6.35
g 1876 08 07 11 02 00    218           0    74     0    87  10.10 229.20  65.60 278.50 0.9100 0 0
s 1876 08 07 11 02 00    218     1     0    74     0    87  10.10 229.20  65.60 278.50 0.9100 0 0
d 1876 08 08 12 00 00 GREE             0     0     0     0 2406475.00000  13.99   6.41
d 1876 08 09 11 32 01 GREE             0     0     0     0 2406475.98057  14.36   6.46
d 1876 08 10 12 00 00 GREE             0     0     0     0 2406477.00000  14.73   6.52
d 1876 08 11 12 00 00 GREE             0     0     0     0 2406478.00000  15.08   6.57
d 1876 08 14 12 00 00 GREE             0     0     0     0 2406481.00000  16.14   6.72
d 1876 08 15 15 54 01 GREE             0     0     0     0 2406482.16251  16.53   6.77
d 1876 08 16 11 58 01 GREE             0    50     0    41 2406482.99862  16.81   6.80
g 1876 08 16 11 58 01    219           0    50     0    41  -8.10 354.10 -50.00 105.50 0.7930 0 2
s 1876 08 16 11 58 01    219     1     0    50     0    41  -8.10 354.10 -50.00 105.50 0.7930 0 2
d 1876 08 17 11 09 01 GREE            70   193    46   127 2406483.96459  17.13   6.84
g 1876 08 17 11 09 01    219          70   193    46   127  -7.20 353.30 -38.00 109.50 0.6490 0 2
s 1876 08 17 11 09 01    219     1    70   193    46   127  -7.20 353.30 -38.00 109.50 0.6490 0 2
d 1876 08 18 16 20 01 GREE            16   199     9   111 2406485.18057  17.53   6.89
g 1876 08 18 16 20 01    219          16   199     9   111  -7.00 353.20 -22.10 121.50 0.4310 0 2
s 1876 08 18 16 20 01    219     1    16   199     9   111  -7.00 353.20 -22.10 121.50 0.4310 0 2
d 1876 08 19 16 27 01 GREE            19   153    10    80 2406486.18543  17.85   6.93
g 1876 08 19 16 27 01    219          19   153    10    80  -7.40 353.10  -8.80 148.50 0.2840 0 2
s 1876 08 19 16 27 01    219     1    19   153    10    80  -7.40 353.10  -8.80 148.50 0.2840 0 2
d 1876 08 21 12 00 00 GREE             0     0     0     0 2406488.00000  18.42   6.99
d 1876 08 22 14 05 00 GREE             7    79     4    45 2406489.08681  18.75   7.02
g 1876 08 22 14 05 00    220           7    79     4    45  -9.10 300.50 -23.10 124.50 0.4770 0 0
s 1876 08 22 14 05 00    220     1     7    79     4    45  -9.10 300.50 -23.10 124.50 0.4770 0 0
d 1876 08 23 09 40 00 GREE            22    74    12    40 2406489.90278  19.00   7.05
g 1876 08 23 09 40 00    220          22    74    12    40  -9.40 299.20 -13.70 140.50 0.3670 0 0
s 1876 08 23 09 40 00    220     1    22    74    12    40  -9.40 299.20 -13.70 140.50 0.3670 0 0
d 1876 08 24 00 00 00 GREE            44   132    23    69 2406490.50000  19.18   7.07
g 1876 08 24 00 00 00    220          44   132    23    69  -9.30 300.40   1.90 187.50 0.2840 0 0
s 1876 08 24 00 00 00    220     1    44   132    23    69  -9.30 300.40   1.90 187.50 0.2840 0 0
d 1876 08 25 14 03 01 GREE            62   177    34    97 2406492.08543  19.64   7.11
g 1876 08 25 14 03 01    220          62   177    34    97  -9.20 301.50  17.50 227.50 0.3990 0 2
s 1876 08 25 14 03 01    220     1    62   177    34    97  -9.20 301.50  17.50 227.50 0.3990 0 2
d 1876 08 26 17 44 00 GREE            11   129     7    83 2406493.23889  19.97   7.13
g 1876 08 26 17 44 00    220          11   129     7    83 -10.40 303.50  34.70 243.50 0.6230 0 2
s 1876 08 26 17 44 00    220     1    11   129     7    83 -10.40 303.50  34.70 243.50 0.6230 0 2
d 1876 08 27 00 00 00 GREE             9   116     7    86 2406493.50000  20.04   7.14
g 1876 08 27 00 00 00    220           9   116     7    86 -10.50 303.10  46.50 248.50 0.7370 0 2
s 1876 08 27 00 00 00    220     1     9   116     7    86 -10.50 303.10  46.50 248.50 0.7370 0 2
d 1876 08 28 14 06 01 GREE             7    87     7    89 2406495.08751  20.48   7.17
g 1876 08 28 14 06 01    220           7    87     7    89 -10.60 302.60  58.20 253.50 0.8700 0 2
s 1876 08 28 14 06 01    220     1     7    87     7    89 -10.60 302.60  58.20 253.50 0.8700 0 2
d 1876 08 29 11 32 01 GREE             0    18     0    27 2406495.98057  20.72   7.19
g 1876 08 29 11 32 01    220           0    18     0    27  -9.90 300.90  68.30 256.50 0.9430 0 2
s 1876 08 29 11 32 01    220     1     0    18     0    27  -9.90 300.90  68.30 256.50 0.9430 0 2
d 1876 08 30 13 58 00 GREE            14    89     8    50 2406497.08194  21.01   7.20
g 1876 08 30 13 58 00    221          14    89     8    50 -12.90 201.50 -16.50 140.50 0.4310 0 2
s 1876 08 30 13 58 00    221     1    14    89     8    50 -12.90 201.50 -16.50 140.50 0.4310 0 2
d 1876 08 31 10 49 00 GREE            26    81    14    44 2406497.95069  21.24   7.21
g 1876 08 31 10 49 00    221          26    81    14    44 -13.60 199.80  -6.70 162.50 0.3670 0 2
s 1876 08 31 10 49 00    221     1    26    81    14    44 -13.60 199.80  -6.70 162.50 0.3670 0 2
d 1876 09 01 14 22 01 GREE            31   129    17    70 2406499.09862  21.53   7.23
g 1876 09 01 14 22 01    221          31   129    17    70 -13.10 202.20  10.80 208.50 0.3910 0 2
s 1876 09 01 14 22 01    221     1    31   129    17    70 -13.10 202.20  10.80 208.50 0.3910 0 2
d 1876 09 02 15 34 01 GREE             0   320     0   189 2406500.14862  21.79   7.24
g 1876 09 02 15 34 01    221           0   320     0   189 -12.80 202.50  25.00 231.50 0.5220 0 7
s 1876 09 02 15 34 01    221     1     0   320     0   189 -12.80 202.50  25.00 231.50 0.5220 0 7
d 1876 09 03 00 00 00 GREE             0   203     0   136 2406500.50000  21.87   7.24
g 1876 09 03 00 00 00    221           0   203     0   136 -13.40 202.20  37.50 240.50 0.6630 0 7
s 1876 09 03 00 00 00    221     1     0   203     0   136 -13.40 202.20  37.50 240.50 0.6630 0 7
d 1876 09 04 14 06 01 GREE             0    98     0    83 2406502.08751  22.25   7.25
g 1876 09 04 14 06 01    221           0    98     0    83 -13.90 201.90  50.00 246.50 0.8040 0 7
s 1876 09 04 14 06 01    221     1     0    98     0    83 -13.90 201.90  50.00 246.50 0.8040 0 7
d 1876 09 05 13 58 00 GREE             0     8     0     9 2406503.08194  22.48   7.25
g 1876 09 05 13 58 00    221           0     8     0     9 -13.30 198.40  59.60 250.50 0.8870 0 7
s 1876 09 05 13 58 00    221     1     0     8     0     9 -13.30 198.40  59.60 250.50 0.8870 0 7
d 1876 09 06 12 41 01 GREE             0     0     0     0 2406504.02848  22.69   7.25
d 1876 09 07 12 00 00 GREE             0     0     0     0 2406505.00000  22.90   7.25
d 1876 09 08 12 00 00 GREE             0     0     0     0 2406506.00000  23.11   7.25
d 1876 09 12 12 00 00 GREE             0     0     0     0 2406510.00000  23.90   7.21
d 1876 09 14 14 06 01 GREE            30   168    28   157 2406512.08751  24.27   7.18
g 1876 09 14 14 06 01    223          30   168    28   157  -9.30 324.20 -55.60 105.50 0.8430 0 2
s 1876 09 14 14 06 01    223     1    30   168    28   157  -9.30 324.20 -55.60 105.50 0.8430 0 2
d 1876 09 15 17 52 01 GREE            57   197    39   136 2406513.24446  24.47   7.16
g 1876 09 15 17 52 01    223          57   197    39   136  -9.50 324.00 -40.50 111.50 0.6880 0 2
s 1876 09 15 17 52 01    223     1    57   197    39   136  -9.50 324.00 -40.50 111.50 0.6880 0 2
d 1876 09 16 13 56 01 GREE            32   176    19   106 2406514.08057  24.61   7.14
g 1876 09 16 13 56 01    223          32   176    19   106  -9.70 324.20 -29.40 119.30 0.5580 0 2
s 1876 09 16 13 56 01    223     1    32   176    19   106  -9.70 324.20 -29.40 119.30 0.5580 0 2
d 1876 09 17 00 00 00 GREE            47   211    26   116 2406514.50000  24.67   7.13
g 1876 09 17 00 00 00    223          47   211    26   116  -9.70 323.90 -17.40 133.50 0.4150 0 2
s 1876 09 17 00 00 00    223     1    47   211    26   116  -9.70 323.90 -17.40 133.50 0.4150 0 2
d 1876 09 18 10 33 01 GREE            63   261    33   157 2406515.93959  24.89   7.10
g 1876 09 18 10 33 01    222           0    20     0    31  11.40  41.00  72.00 279.50 0.9430 0 0
s 1876 09 18 10 33 01    222     1     0    20     0    31  11.40  41.00  72.00 279.50 0.9430 0 0
g 1876 09 18 10 33 01    223          63   241    33   126  -9.60 323.60  -5.40 162.50 0.2960 0 2
s 1876 09 18 10 33 01    223     1    63   241    33   126  -9.60 323.60  -5.40 162.50 0.2960 0 2
d 1876 09 20 12 00 00 GREE             0     0     0     0 2406518.00000  25.18   7.04
d 1876 09 21 12 41 01 GREE             0     0     0     0 2406519.02848  25.32   7.01
d 1876 09 22 10 40 01 GREE             0     0     0     0 2406519.94446  25.43   6.98
d 1876 09 25 02 08 00 GREE             0     0     0     0 2406522.58889  25.73   6.88
d 1876 09 26 02 11 00 GREE             0     0     0     0 2406523.59097  25.83   6.84
d 1876 09 27 14 03 01 GREE            47   488    39   403 2406525.08543  25.97   6.78
g 1876 09 27 14 03 01    224          47   488    39   403  -5.90 157.10 -51.20 102.70 0.7960 0 2
s 1876 09 27 14 03 01    224     1    47   488    39   403  -5.90 157.10 -51.20 102.70 0.7960 0 2
d 1876 09 28 11 09 01 GREE           120   505    81   341 2406525.96459  26.04   6.74
g 1876 09 28 11 09 01    224         120   505    81   341  -6.30 156.40 -40.30 107.10 0.6720 0 2
s 1876 09 28 11 09 01    224     1   120   505    81   341  -6.30 156.40 -40.30 107.10 0.6720 0 2
d 1876 09 29 11 52 01 GREE           195   728   113   421 2406526.99446  26.12   6.69
g 1876 09 29 11 52 01    224         195   728   113   421  -6.40 156.00 -27.10 115.20 0.5020 0 2
s 1876 09 29 11 52 01    224     1   195   728   113   421  -6.40 156.00 -27.10 115.20 0.5020 0 2
d 1876 09 30 14 05 00 GREE            89   737    47   390 2406528.08681  26.19   6.64
g 1876 09 30 14 05 00    224          89   737    47   390  -6.20 154.90 -13.80 132.50 0.3170 0 2
s 1876 09 30 14 05 00    224     1    89   737    47   390  -6.20 154.90 -13.80 132.50 0.3170 0 2
d 1876 10 01 00 00 00 GREE            72   615    37   315 2406528.50000  26.22   6.61
g 1876 10 01 00 00 00    224          72   615    37   315  -5.60 156.40   0.80 180.50 0.2160 0 2
s 1876 10 01 00 00 00    224     1    72   615    37   315  -5.60 156.40   0.80 180.50 0.2160 0 2
d 1876 10 02 13 52 00 GREE            49   452    26   239 2406530.07778  26.31   6.53
g 1876 10 02 13 52 00    224          49   452    26   239  -5.00 157.90  15.40 233.50 0.3300 0 2
s 1876 10 02 13 52 00    224     1    49   452    26   239  -5.00 157.90  15.40 233.50 0.3300 0 2
d 1876 10 03 14 02 00 GREE            48   409    28   238 2406531.08472  26.36   6.48
g 1876 10 03 14 02 00    224          48   409    28   238  -4.90 157.70  28.50 249.00 0.5120 0 2
s 1876 10 03 14 02 00    224     1    48   409    28   238  -4.90 157.70  28.50 249.00 0.5120 0 2
d 1876 10 04 13 03 00 GREE            56   257    39   180 2406532.04375  26.40   6.42
g 1876 10 04 13 03 00    224          56   257    39   180  -4.40 159.50  43.00 256.50 0.7010 0 2
s 1876 10 04 13 03 00    224     1    56   257    39   180  -4.40 159.50  43.00 256.50 0.7010 0 2
d 1876 10 05 10 37 01 GREE            52   194    46   172 2406532.94237  26.43   6.37
g 1876 10 05 10 37 01    224          52   194    46   172  -4.40 159.40  54.70 260.50 0.8240 0 2
s 1876 10 05 10 37 01    224     1    52   194    46   172  -4.40 159.40  54.70 260.50 0.8240 0 2
d 1876 10 06 13 33 01 GREE            23    89    34   131 2406534.06459  26.46   6.30
g 1876 10 06 13 33 01    224          23    89    34   131  -4.10 159.30  69.50 263.50 0.9430 0 2
s 1876 10 06 13 33 01    224     1    23    89    34   131  -4.10 159.30  69.50 263.50 0.9430 0 2
d 1876 10 09 12 00 00 GREE             0     0     0     0 2406537.00000  26.50   6.11
d 1876 10 10 12 00 00 GREE             0     0     0     0 2406538.00000  26.49   6.04
d 1876 10 11 13 24 01 GREE             4    34     2    18 2406539.05834  26.48   5.97
g 1876 10 11 13 24 01    225           4    34     2    18 -10.20  17.70  -6.20 159.50 0.3010 0 7
s 1876 10 11 13 24 01    225     1     4    34     2    18 -10.20  17.70  -6.20 159.50 0.3010 0 7
d 1876 10 12 11 57 00 GREE            55   189    29    99 2406539.99792  26.47   5.90
g 1876 10 12 11 57 00    225          55   189    29    99 -10.60  17.20   5.60 198.50 0.3010 0 7
s 1876 10 12 11 57 00    225     1    55   189    29    99 -10.60  17.20   5.60 198.50 0.3010 0 7
d 1876 10 13 00 00 00 GREE            55   222    31   123 2406540.50000  26.46   5.86
g 1876 10 13 00 00 00    225          55   222    31   123 -10.40  17.40  17.50 229.50 0.4310 0 7
s 1876 10 13 00 00 00    225     1    55   222    31   123 -10.40  17.40  17.50 229.50 0.4310 0 7
d 1876 10 14 00 00 00 GREE            52   239    32   147 2406541.50000  26.43   5.79
g 1876 10 14 00 00 00    225          52   239    32   147 -10.20  17.50  29.40 243.50 0.5810 0 7
s 1876 10 14 00 00 00    225     1    52   239    32   147 -10.20  17.50  29.40 243.50 0.5810 0 7
d 1876 10 15 00 00 00 GREE            43   226    33   171 2406542.50000  26.39   5.71
g 1876 10 15 00 00 00    225          43   226    33   171 -10.00  17.60  41.30 251.50 0.7490 0 7
s 1876 10 15 00 00 00    225     1    43   226    33   171 -10.00  17.60  41.30 251.50 0.7490 0 7
d 1876 10 16 01 14 01 GREE            40   222    35   195 2406543.55140  26.35   5.63
g 1876 10 16 01 14 01    225          40   222    35   195  -9.80  17.80  53.10 253.50 0.8240 0 7
s 1876 10 16 01 14 01    225     1    40   222    35   195  -9.80  17.80  53.10 253.50 0.8240 0 7
d 1876 10 17 11 13 01 GREE            81   389   144   694 2406544.96737  26.27   5.52
g 1876 10 17 11 13 01    225          81   389   144   694  -9.40  18.50  72.50 258.60 0.9600 0 7
s 1876 10 17 11 13 01    225     1    81   389   144   694  -9.40  18.50  72.50 258.60 0.9600 0 7
d 1876 10 18 01 40 01 GREE             4    93    14   331 2406545.56946  26.23   5.47
g 1876 10 18 01 40 01    225           4    93    14   331 -10.00  18.90  80.80 259.50 0.9910 0 7
s 1876 10 18 01 40 01    225     1     4    93    14   331 -10.00  18.90  80.80 259.50 0.9910 0 7
d 1876 10 19 11 15 00 GREE            53   262    62   308 2406546.96875  26.14   5.35
g 1876 10 19 11 15 00    226          53   262    62   308 -13.40 217.10 -62.50 107.50 0.9050 0 1
s 1876 10 19 11 15 00    226     1    53   262    62   308 -13.40 217.10 -62.50 107.50 0.9050 0 1
d 1876 10 20 01 59 01 GREE            28   288    26   270 2406547.58265  26.09   5.30
g 1876 10 20 01 59 01    226          28   288    26   270 -12.70 216.30 -55.20 108.60 0.8460 0 1
s 1876 10 20 01 59 01    226     1    28   288    26   270 -12.70 216.30 -55.20 108.60 0.8460 0 1
d 1876 10 21 01 53 01 GREE            52   322    39   234 2406548.57848  26.01   5.21
g 1876 10 21 01 53 01    226          52   322    39   234 -12.80 215.20 -43.20 113.10 0.7260 0 1
s 1876 10 21 01 53 01    226     1    52   322    39   234 -12.80 215.20 -43.20 113.10 0.7260 0 1
d 1876 10 22 00 00 00 GREE            60   410    35   238 2406549.50000  25.92   5.13
g 1876 10 22 00 00 00    226          60   410    35   238 -12.80 214.80 -29.50 126.50 0.5080 0 1
s 1876 10 22 00 00 00    226     1    60   410    35   238 -12.80 214.80 -29.50 126.50 0.5080 0 1
d 1876 10 23 05 16 01 GREE            55   439    30   241 2406550.71946  25.80   5.02
g 1876 10 23 05 16 01    226          55   439    30   241 -12.80 214.40 -15.80 137.10 0.4130 0 1
s 1876 10 23 05 16 01    226     1    55   439    30   241 -12.80 214.40 -15.80 137.10 0.4130 0 1
d 1876 10 24 00 00 00 GREE            51   341    27   179 2406551.50000  25.72   4.95
g 1876 10 24 00 00 00    226          51   341    27   179 -12.70 215.80  -1.40 171.50 0.3010 0 1
s 1876 10 24 00 00 00    226     1    51   341    27   179 -12.70 215.80  -1.40 171.50 0.3010 0 1
d 1876 10 25 04 37 01 GREE            44   215    24   116 2406552.69237  25.59   4.84
g 1876 10 25 04 37 01    226          44   215    24   116 -12.70 217.20  13.00 216.50 0.3670 0 1
s 1876 10 25 04 37 01    226     1    44   215    24   116 -12.70 217.20  13.00 216.50 0.3670 0 1
d 1876 10 26 01 10 01 GREE            29   136    17    79 2406553.54862  25.48   4.75
g 1876 10 26 01 10 01    226          29   136    17    79 -12.40 217.90  25.10 235.50 0.5080 0 1
s 1876 10 26 01 10 01    226     1    29   136    17    79 -12.40 217.90  25.10 235.50 0.5080 0 1
d 1876 10 27 01 55 00 GREE            25   141    17    95 2406554.57986  25.35   4.66
g 1876 10 27 01 55 00    226          25   141    17    95 -12.50 218.10  38.80 245.50 0.6730 0 1
s 1876 10 27 01 55 00    226     1    25   141    17    95 -12.50 218.10  38.80 245.50 0.6730 0 1
d 1876 10 31 12 00 00 GREE             0     0     0     0 2406559.00000  24.68   4.21
d 1876 11 01 12 00 00 GREE             0     0     0     0 2406560.00000  24.51   4.11
d 1876 11 02 15 33 00 GREE            53   221    34   143 2406561.14792  24.30   3.99
g 1876 11 02 15 33 00   226a          53   221    34   143  10.90 131.80  39.20 282.50 0.6360 0 4
s 1876 11 02 15 33 00   226a     1    53   221    34   143  10.90 131.80  39.20 282.50 0.6360 0 4
d 1876 11 03 18 02 01 GREE            32   308    29   271 2406562.25140  24.09   3.87
g 1876 11 03 18 02 01   226a          32   308    29   271  10.40 133.30  55.20 280.00 0.8230 0 4
s 1876 11 03 18 02 01   226a     1    32   308    29   271  10.40 133.30  55.20 280.00 0.8230 0 4
d 1876 11 04 15 56 00 GREE            23   123    36   172 2406563.16389  23.91   3.77
g 1876 11 04 15 56 00   226a          23   123    36   172  10.50 135.30  69.30 279.50 0.9300 0 4
s 1876 11 04 15 56 00   226a     1    23   123    36   172  10.50 135.30  69.30 279.50 0.9300 0 4
d 1876 11 07 12 00 00 GREE             0     0     0     0 2406566.00000  23.30   3.46
d 1876 11 08 12 00 00 GREE             0     0     0     0 2406567.00000  23.07   3.35
d 1876 11 09 13 43 01 GREE             0    27     0    28 2406568.07154  22.82   3.23
g 1876 11 09 13 43 01    227           0    27     0    28  -6.10 301.10 -60.30  98.50 0.8700 0 0
s 1876 11 09 13 43 01    227     1     0    27     0    28  -6.10 301.10 -60.30  98.50 0.8700 0 0
d 1876 11 13 15 46 00 GREE             0   143     0   150 2406572.15694  21.78   2.75
g 1876 11 13 15 46 00   227a           0    78     0    66  -5.00 254.00 -53.50  98.50 0.8040 0 9
s 1876 11 13 15 46 00   227a     1     0    78     0    66  -5.00 254.00 -53.50  98.50 0.8040 0 9
g 1876 11 13 15 46 00    228           0    65     0    84   2.60 240.00 -67.50  88.50 0.9240 0 0
s 1876 11 13 15 46 00    228     1     0    65     0    84   2.60 240.00 -67.50  88.50 0.9240 0 0
d 1876 11 14 13 58 00 GREE            39   144    34   125 2406573.08194  21.52   2.65
g 1876 11 14 13 58 00    228          39   144    34   125   1.50 240.50 -54.80  89.50 0.8140 0 0
s 1876 11 14 13 58 00    228     1    39   144    34   125   1.50 240.50 -54.80  89.50 0.8140 0 0
d 1876 11 15 12 25 01 GREE           104   334   111   350 2406574.01737  21.26   2.53
g 1876 11 15 12 25 01    228          25    96    17    65   1.20 240.80 -42.20  89.50 0.6760 0 0
s 1876 11 15 12 25 01    228     1    25    96    17    65   1.20 240.80 -42.20  89.50 0.6760 0 0
g 1876 11 15 12 25 01    229          79   238    94   285 -11.30 219.10 -63.90 103.70 0.9090 0 2
s 1876 11 15 12 25 01    229     1    79   238    94   285 -11.30 219.10 -63.90 103.70 0.9090 0 2
d 1876 11 16 11 55 01 GREE            82   313    67   249 2406574.99654  20.97   2.42
g 1876 11 16 11 55 01    228          10    52     6    30   1.00 240.90 -29.20  87.50 0.4920 0 0
s 1876 11 16 11 55 01    228     1    10    52     6    30   1.00 240.90 -29.20  87.50 0.4920 0 0
g 1876 11 16 11 55 01    229          72   261    61   219 -11.50 218.40 -51.70 106.20 0.8030 0 2
s 1876 11 16 11 55 01    229     1    72   261    61   219 -11.50 218.40 -51.70 106.20 0.8030 0 2
d 1876 11 17 00 00 00 GREE            60   247    40   163 2406575.50000  20.83   2.36
g 1876 11 17 00 00 00    229          60   247    40   163 -11.20 218.50 -41.10 110.50 0.6490 0 2
s 1876 11 17 00 00 00    229     1    60   247    40   163 -11.20 218.50 -41.10 110.50 0.6490 0 2
d 1876 11 18 01 55 00 GREE            32   177    19   106 2406576.57986  20.50   2.23
g 1876 11 18 01 55 00    229          32   177    19   106 -10.80 218.60 -30.50 113.50 0.5520 0 2
s 1876 11 18 01 55 00    229     1    32   177    19   106 -10.80 218.60 -30.50 113.50 0.5520 0 2
d 1876 11 19 11 49 01 GREE            80   322    42   187 2406577.99237  20.06   2.05
g 1876 11 19 11 49 01    229          80   306    42   161 -10.90 218.60 -12.00 137.50 0.3010 0 2
s 1876 11 19 11 49 01    229     1    80   306    42   161 -10.90 218.60 -12.00 137.50 0.3010 0 2
g 1876 11 19 11 49 01    230           0    16     0    26  -8.00 302.30  71.70 260.50 0.9540 0 0
s 1876 11 19 11 49 01    230     1     0    16     0    26  -8.00 302.30  71.70 260.50 0.9540 0 0
d 1876 11 20 02 19 01 GREE            16   122     8    63 2406578.59654  19.87   1.98
g 1876 11 20 02 19 01    229          16   122     8    63 -10.90 219.90  -2.70 168.50 0.2330 0 2
s 1876 11 20 02 19 01    229     1    16   122     8    63 -10.90 219.90  -2.70 168.50 0.2330 0 2
d 1876 11 21 00 30 00 GREE             8   129     4    67 2406579.52083  19.57   1.87
g 1876 11 21 00 30 00    229           8   129     4    67 -10.90 220.20   9.80 217.50 0.2740 0 2
s 1876 11 21 00 30 00    229     1     8   129     4    67 -10.90 220.20   9.80 217.50 0.2740 0 2
d 1876 11 24 12 00 00 GREE             0     0     0     0 2406583.00000  18.40   1.43
d 1876 11 27 12 00 00 GREE             0     0     0     0 2406586.00000  17.32   1.06
d 1876 11 28 12 00 00 GREE             0     0     0     0 2406587.00000  16.95   0.93
d 1876 11 29 11 26 01 GREE             0     0     0     0 2406587.97640  16.58   0.81
d 1876 11 30 12 00 00 GREE             0     0     0     0 2406589.00000  16.18   0.67
d 1876 12 01 12 00 00 GREE             0     0     0     0 2406590.00000  15.79   0.55
d 1876 12 02 12 00 00 GREE             0     0     0     0 2406591.00000  15.39   0.42
d 1876 12 06 11 06 01 GREE             0     0     0     0 2406594.96251  13.76  -0.09
d 1876 12 07 12 00 00 GREE             0     0     0     0 2406596.00000  13.33  -0.22
d 1876 12 12 12 00 00 GREE             0     0     0     0 2406601.00000  11.13  -0.86
d 1876 12 13 13 27 01 GREE             0     0     0     0 2406602.06043  10.66  -1.00
d 1876 12 14 12 00 00 GREE             0     0     0     0 2406603.00000  10.23  -1.11
d 1876 12 18 01 04 01 GREE            37   178    53   258 2406606.54446   8.59  -1.56
g 1876 12 18 01 04 01    231          37   178    53   258  10.20 145.20 -69.10  78.50 0.9370 0 0
s 1876 12 18 01 04 01    231     1    37   178    53   258  10.20 145.20 -69.10  78.50 0.9370 0 0
d 1876 12 19 05 57 00 GREE            55   445    49   394 2406607.74792   8.02  -1.71
g 1876 12 19 05 57 00    231          55   445    49   394  10.10 144.20 -54.40  76.50 0.8250 0 0
s 1876 12 19 05 57 00    231     1    55   445    49   394  10.10 144.20 -54.40  76.50 0.8250 0 0
d 1876 12 20 02 47 00 GREE            95   579    66   402 2406608.61597   7.61  -1.82
g 1876 12 20 02 47 00    231          95   579    66   402  10.80 144.40 -42.60  72.30 0.6940 0 0
s 1876 12 20 02 47 00    231     1    95   579    66   402  10.80 144.40 -42.60  72.30 0.6940 0 0
d 1876 12 21 02 28 00 GREE            72   257    42   150 2406609.60278   7.14  -1.94
g 1876 12 21 02 28 00    231          72   257    42   150  10.60 145.80 -28.20  65.50 0.5080 0 0
s 1876 12 21 02 28 00    231     1    72   257    42   150  10.60 145.80 -28.20  65.50 0.5080 0 0
d 1876 12 22 13 10 01 GREE           171  1281    89   667 2406611.04862   6.45  -2.12
g 1876 12 22 13 10 01    231         171  1281    89   667  10.50 145.40  -9.60  36.50 0.2670 0 0
s 1876 12 22 13 10 01    231     1   171  1281    89   667  10.50 145.40  -9.60  36.50 0.2670 0 0
d 1876 12 23 01 35 00 GREE            85   532    44   274 2406611.56597   6.20  -2.19
g 1876 12 23 01 35 00    231          85   532    44   274  10.40 145.50  -2.70  11.50 0.2160 0 0
s 1876 12 23 01 35 00    231     1    85   532    44   274  10.40 145.50  -2.70  11.50 0.2160 0 0
d 1876 12 24 00 00 00 GREE           101   620    54   331 2406612.50000   5.75  -2.30
g 1876 12 24 00 00 00    231         101   620    54   331  10.30 145.50  10.40 308.50 0.3500 0 0
s 1876 12 24 00 00 00    231     1   101   620    54   331  10.30 145.50  10.40 308.50 0.3500 0 0
d 1876 12 25 00 00 00 GREE           109   654    65   388 2406613.50000   5.27  -2.42
g 1876 12 25 00 00 00    231         109   654    65   388  10.20 145.60  23.50 293.50 0.5370 0 0
s 1876 12 25 00 00 00    231     1   109   654    65   388  10.20 145.60  23.50 293.50 0.5370 0 0
d 1876 12 26 00 00 00 GREE           106   634    75   445 2406614.50000   4.79  -2.54
g 1876 12 26 00 00 00    231         106   634    75   445  10.10 145.60  36.50 287.50 0.7010 0 0
s 1876 12 26 00 00 00    231     1   106   634    75   445  10.10 145.60  36.50 287.50 0.7010 0 0
d 1876 12 27 00 28 01 GREE           107   631    85   501 2406615.51946   4.29  -2.67
g 1876 12 27 00 28 01    231         107   631    85   501  10.00 145.70  49.60 285.20 0.7770 0 0
s 1876 12 27 00 28 01    231     1   107   631    85   501  10.00 145.70  49.60 285.20 0.7770 0 0
d 1876 12 28 00 00 00 GREE            65   308    94   440 2406616.50000   3.81  -2.78
g 1876 12 28 00 00 00    231          65   308    94   440   9.90 145.40  62.70 281.50 0.9370 0 0
s 1876 12 28 00 00 00    231     1    65   308    94   440   9.90 145.40  62.70 281.50 0.9370 0 0
d 1876 12 29 01 16 00 GREE            48   178   103   378 2406617.55278   3.30  -2.91
g 1876 12 29 01 16 00    231          48   178   103   378   9.70 145.10  75.70 280.50 0.9720 0 0
s 1876 12 29 01 16 00    231     1    48   178   103   378   9.70 145.10  75.70 280.50 0.9720 0 0
d 1876 12 30 12 00 00 GREE             0     0     0     0 2406619.00000   2.59  -3.08
