d 1954 01 01 06 59 00 GREE             0     0     0     0 2434743.79097   2.12  -3.08
d 1954 01 02 09 34 01 GREE             0     0     0     0 2434744.89862   1.58  -3.21
d 1954 01 03 07 39 00 GREE             0     0     0     0 2434745.81875   1.13  -3.32
d 1954 01 04 09 44 01 GREE             0     0     0     0 2434746.90557   0.60  -3.44
d 1954 01 05 09 40 00 GREE             0     0     0     0 2434747.90278   0.12  -3.55
d 1954 01 06 09 20 00 GREE             0     0     0     0 2434748.88889  -0.36  -3.66
d 1954 01 07 08 41 00 GREE             0     0     0     0 2434749.86181  -0.84  -3.77
d 1954 01 08 09 02 01 GREE             0     0     0     0 2434750.87640  -1.33  -3.88
d 1954 01 09 07 55 00 GREE             0     0     0     0 2434751.82986  -1.79  -3.98
d 1954 01 10 09 41 01 GREE             0     0     0     0 2434752.90348  -2.30  -4.10
d 1954 01 11 10 33 01 GREE             0     9     0     6 2434753.93959  -2.80  -4.21
g 1954 01 11 10 33 01 134201           0     9     0     6  -2.70 187.60 -35.80  88.80 0.5870 0 0
s 1954 01 11 10 33 01 134201     1     0     9     0     6  -2.70 187.60 -35.80  88.80 0.5870 0 0
d 1954 01 12 06 41 01 GREE             0     0     0     0 2434754.77848  -3.20  -4.30
d 1954 01 13 08 05 00 GREE             0     0     0     0 2434755.83681  -3.70  -4.41
d 1954 01 14 09 15 01 GREE             0     0     0     0 2434756.88543  -4.20  -4.51
d 1954 01 15 06 44 01 GREE             0     0     0     0 2434757.78057  -4.62  -4.60
d 1954 01 16 09 10 00 GREE             0     0     0     0 2434758.88194  -5.14  -4.71
d 1954 01 17 09 47 01 GREE             0     0     0     0 2434759.90765  -5.62  -4.81
d 1954 01 18 09 15 01 GREE             0     4     0     4 2434760.88543  -6.07  -4.90
g 1954 01 18 09 15 01 134202           0     4     0     4 -37.80  81.90 -50.00 133.10 0.8320 0 0
s 1954 01 18 09 15 01 134202     1     0     4     0     4 -37.80  81.90 -50.00 133.10 0.8320 0 0
d 1954 01 19 06 47 01 GREE             0     0     0     0 2434761.78265  -6.49  -4.99
d 1954 01 20 06 41 01 GREE             0     0     0     0 2434762.77848  -6.94  -5.08
d 1954 01 21 08 52 01 GREE             0     0     0     0 2434763.86946  -7.44  -5.18
d 1954 01 22 10 17 01 GREE             0     0     0     0 2434764.92848  -7.92  -5.27
d 1954 01 23 10 03 00 GREE             0     0     0     0 2434765.91875  -8.36  -5.36
d 1954 01 24 09 48 01 GREE             3    21     2    12 2434766.90834  -8.80  -5.45
g 1954 01 24 09 48 01 134203           3    21     2    12   8.90  31.20 -21.40  56.40 0.4360 0 0
s 1954 01 24 09 48 01 134203     1     3    21     2    12   8.90  31.20 -21.40  56.40 0.4360 0 0
d 1954 01 25 15 02 01 GREE             0     0     0     0 2434768.12640  -9.34  -5.55
d 1954 01 26 06 43 00 GREE             0     0     0     0 2434768.77986  -9.62  -5.60
d 1954 01 27 11 54 00 GREE             0     0     0     0 2434769.99583 -10.15  -5.70
d 1954 01 28 10 22 00 GREE             0     0     0     0 2434770.93194 -10.55  -5.77
d 1954 01 29 10 53 01 GREE             0     0     0     0 2434771.95348 -10.98  -5.85
d 1954 01 30 08 52 01 GREE             0     0     0     0 2434772.86946 -11.37  -5.92
d 1954 01 31 08 54 00 GREE             0     0     0     0 2434773.87083 -11.78  -5.99
d 1954 02 01 10 36 00 GREE             0     0     0     0 2434774.94167 -12.22  -6.07
d 1954 02 02 12 24 00 GREE             0     0     0     0 2434776.01667 -12.66  -6.14
d 1954 02 03 08 38 00 GREE             0     0     0     0 2434776.85972 -13.00  -6.20
d 1954 02 04 09 11 01 GREE             0     0     0     0 2434777.88265 -13.41  -6.27
d 1954 02 05 08 21 00 GREE             0     0     0     0 2434778.84792 -13.79  -6.33
d 1954 02 06 06 59 00 GREE             0     0     0     0 2434779.79097 -14.15  -6.39
d 1954 02 07 07 17 01 GREE             0     0     0     0 2434780.80348 -14.54  -6.45
d 1954 02 08 08 51 00 GREE             0     0     0     0 2434781.86875 -14.94  -6.51
d 1954 02 09 07 01 01 GREE             7    33     6    26 2434782.79237 -15.29  -6.56
g 1954 02 09 07 01 01  17125           7    33     6    26  31.30 236.20  32.70 322.30 0.7580 2 2
s 1954 02 09 07 01 01  17125     1     7    33     6    26  31.30 236.20  32.70 322.30 0.7580 2 2
d 1954 02 10 10 17 01 GREE             0     8     0     8 2434783.92848 -15.70  -6.62
g 1954 02 10 10 17 01  17125           0     8     0     8  31.50 234.00  45.40 314.10 0.8470 2 0
s 1954 02 10 10 17 01  17125     1     0     8     0     8  31.50 234.00  45.40 314.10 0.8470 2 0
d 1954 02 11 07 17 01 GREE             0     3     0     5 2434784.80348 -16.02  -6.67
g 1954 02 11 07 17 01  17125           0     3     0     5  30.90 235.30  58.30 307.60 0.9230 2 0
s 1954 02 11 07 17 01  17125     1     0     3     0     5  30.90 235.30  58.30 307.60 0.9230 2 0
d 1954 02 12 07 40 01 GREE             0     0     0     0 2434785.81946 -16.38  -6.72
d 1954 02 13 07 22 00 GREE             0     0     0     0 2434786.80694 -16.73  -6.76
d 1954 02 14 07 35 00 GREE             0     0     0     0 2434787.81597 -17.08  -6.81
d 1954 02 15 06 59 00 GREE             0     0     0     0 2434788.79097 -17.41  -6.85
d 1954 02 16 09 28 01 GREE             0     0     0     0 2434789.89446 -17.78  -6.90
d 1954 02 17 09 27 00 GREE             0     0     0     0 2434790.89375 -18.11  -6.93
d 1954 02 18 08 41 00 GREE             0     0     0     0 2434791.86181 -18.42  -6.97
d 1954 02 19 13 12 00 GREE             0     0     0     0 2434793.05000 -18.80  -7.01
d 1954 02 20 09 18 01 GREE             0     0     0     0 2434793.88751 -19.06  -7.04
d 1954 02 21 10 03 00 GREE             0     0     0     0 2434794.91875 -19.37  -7.07
d 1954 02 22 12 36 00 GREE             0     0     0     0 2434796.02500 -19.70  -7.10
d 1954 02 23 16 20 01 GREE             0     0     0     0 2434797.18057 -20.04  -7.13
d 1954 02 24 08 55 01 GREE             0     0     0     0 2434797.87154 -20.24  -7.14
d 1954 02 25 08 51 00 GREE             0     0     0     0 2434798.86875 -20.52  -7.16
d 1954 02 26 08 31 00 GREE             0     0     0     0 2434799.85486 -20.79  -7.18
d 1954 02 27 07 12 00 GREE             0     0     0     0 2434800.80000 -21.05  -7.20
d 1954 02 28 07 40 01 GREE             0     0     0     0 2434801.81946 -21.31  -7.21
d 1954 03 01 08 55 01 GREE             4    21     3    15 2434802.87154 -21.58  -7.22
g 1954 03 01 08 55 01  17126           4    21     3    15 -24.10 341.70  42.60 242.50 0.6980 2 0
s 1954 03 01 08 55 01  17126     1     4    21     3    15 -24.10 341.70  42.60 242.50 0.6980 2 0
d 1954 03 02 08 38 00 GREE            34   180    31   161 2434803.85972 -21.83  -7.23
g 1954 03 02 08 38 00  17126          34   180    31   161 -24.40 341.60  55.50 245.30 0.8280 2 2
s 1954 03 02 08 38 00  17126     1    34   180    31   161 -24.40 341.60  55.50 245.30 0.8280 2 2
d 1954 03 03 07 17 01 GREE            16   113    23   155 2434804.80348 -22.06  -7.24
g 1954 03 03 07 17 01  17126          16   113    23   155 -23.70 343.10  69.50 247.30 0.9310 2 2
s 1954 03 03 07 17 01  17126     1    16   113    23   155 -23.70 343.10  69.50 247.30 0.9310 2 2
d 1954 03 04 09 07 00 GREE             4    27    14    88 2434805.87986 -22.32  -7.25
g 1954 03 04 09 07 00  17126           4    27    14    88 -23.80 342.70  83.20 247.00 0.9880 2 2
s 1954 03 04 09 07 00  17126     1     4    27    14    88 -23.80 342.70  83.20 247.00 0.9880 2 2
d 1954 03 05 08 21 00 GREE             0     0     0     0 2434806.84792 -22.54  -7.25
d 1954 03 06 08 57 00 GREE             0     0     0     0 2434807.87292 -22.77  -7.25
d 1954 03 07 07 36 00 GREE             0     0     0     0 2434808.81667 -22.98  -7.25
d 1954 03 08 13 56 01 GREE             0     0     0     0 2434810.08057 -23.24  -7.24
d 1954 03 09 11 13 01 GREE             0     0     0     0 2434810.96737 -23.42  -7.24
d 1954 03 10 08 19 01 GREE             0     0     0     0 2434811.84654 -23.60  -7.23
d 1954 03 11 09 28 01 GREE             0     0     0     0 2434812.89446 -23.80  -7.22
d 1954 03 12 14 24 00 GREE             5    34     6    36 2434814.10000 -24.02  -7.21
g 1954 03 12 14 24 00  17127           5    34     6    36  -8.90  89.70 -61.50  96.20 0.8750 2 6
s 1954 03 12 14 24 00  17127     1     5    34     6    36  -8.90  89.70 -61.50  96.20 0.8750 2 6
d 1954 03 13 07 16 00 GREE            86   374    69   299 2434814.80278 -24.15  -7.19
g 1954 03 13 07 16 00  17127          86   374    69   299  -9.00  90.20 -51.70  94.60 0.7800 2 6
s 1954 03 13 07 16 00  17127     1    86   374    69   299  -9.00  90.20 -51.70  94.60 0.7800 2 6
d 1954 03 14 10 56 01 GREE           149   833    91   507 2434815.95557 -24.35  -7.18
g 1954 03 14 10 56 01  17127         149   833    91   507  -8.50  91.90 -34.80  94.50 0.5690 2 6
s 1954 03 14 10 56 01  17127     1   149   833    91   507  -8.50  91.90 -34.80  94.50 0.5690 2 6
d 1954 03 15 07 14 01 GREE           177  1147    97   627 2434816.80140 -24.48  -7.16
g 1954 03 15 07 14 01  17127         177  1147    97   627  -8.30  91.60 -23.90  94.10 0.4040 2 6
s 1954 03 15 07 14 01  17127     1   177  1147    97   627  -8.30  91.60 -23.90  94.10 0.4040 2 6
d 1954 03 16 07 22 00 GREE           235  1396   120   712 2434817.80694 -24.64  -7.14
g 1954 03 16 07 22 00  17127         235  1396   120   712  -8.30  91.10 -11.20  96.80 0.1950 2 6
s 1954 03 16 07 22 00  17127     1   235  1396   120   712  -8.30  91.10 -11.20  96.80 0.1950 2 6
d 1954 03 17 09 48 01 GREE           244  1176   124   594 2434818.90834 -24.81  -7.11
g 1954 03 17 09 48 01  17127         243  1168   122   585  -8.50  90.00   2.20 236.40 0.0460 2 6
s 1954 03 17 09 48 01  17127     1   243  1168   122   585  -8.50  90.00   2.20 236.40 0.0460 2 6
g 1954 03 17 09 48 01  17128           1     8     2     9   7.90  28.60 -59.20  76.90 0.8760 5 0
s 1954 03 17 09 48 01  17128     1     1     8     2     9   7.90  28.60 -59.20  76.90 0.8760 5 0
d 1954 03 18 07 16 00 GREE           166   902    86   467 2434819.80278 -24.94  -7.09
g 1954 03 18 07 16 00  17127         166   899    86   464  -8.30  90.40  14.40 264.20 0.2480 2 6
s 1954 03 18 07 16 00  17127     1   166   899    86   464  -8.30  90.40  14.40 264.20 0.2480 2 6
g 1954 03 18 07 16 00  17128           0     3     0     3   6.70  27.20 -48.80  75.30 0.7750 5 0
s 1954 03 18 07 16 00  17128     1     0     3     0     3   6.70  27.20 -48.80  75.30 0.7750 5 0
d 1954 03 19 07 16 00 GREE           157   744    91   427 2434820.80278 -25.08  -7.06
g 1954 03 19 07 16 00  17127         153   732    88   419  -7.80  92.00  29.20 266.70 0.4860 2 6
s 1954 03 19 07 16 00  17127     1   153   732    88   419  -7.80  92.00  29.20 266.70 0.4860 2 6
g 1954 03 19 07 16 00  17128           4    12     3     8   6.80  26.90 -35.90  69.50 0.6240 5 0
s 1954 03 19 07 16 00  17128     1     4    12     3     8   6.80  26.90 -35.90  69.50 0.6240 5 0
d 1954 03 20 07 19 00 GREE            87   463    59   311 2434821.80486 -25.21  -7.03
g 1954 03 20 07 19 00  17127          87   463    59   311  -8.30  91.60  42.00 265.30 0.6670 2 6
s 1954 03 20 07 19 00  17127     1    87   463    59   311  -8.30  91.60  42.00 265.30 0.6670 2 6
d 1954 03 21 10 04 01 GREE            39   323    36   296 2434822.91946 -25.35  -7.00
g 1954 03 21 10 04 01  17127          39   323    36   296  -8.00  92.10  57.20 265.00 0.8380 2 6
s 1954 03 21 10 04 01  17127     1    39   323    36   296  -8.00  92.10  57.20 265.00 0.8380 2 6
d 1954 03 22 15 28 01 GREE            14    91    27   175 2434824.14446 -25.49  -6.96
g 1954 03 22 15 28 01  17127          14    91    27   175  -6.50  93.90  75.20 265.10 0.9650 2 6
s 1954 03 22 15 28 01  17127     1    14    91    27   175  -6.50  93.90  75.20 265.10 0.9650 2 6
d 1954 03 23 09 44 01 GREE             0     3     0    10 2434824.90557 -25.57  -6.93
g 1954 03 23 09 44 01  17127           0     3     0    10  -9.70  88.20  79.50 261.40 0.9810 2 6
s 1954 03 23 09 44 01  17127     1     0     3     0    10  -9.70  88.20  79.50 261.40 0.9810 2 6
d 1954 03 24 11 42 01 GREE             0     0     0     0 2434825.98751 -25.68  -6.89
d 1954 03 25 07 14 01 GREE             0     0     0     0 2434826.80140 -25.76  -6.85
d 1954 03 26 08 39 01 GREE             0     0     0     0 2434827.86043 -25.86  -6.81
d 1954 03 27 08 21 00 GREE             0     0     0     0 2434828.84792 -25.94  -6.77
d 1954 03 28 08 24 00 GREE             0     0     0     0 2434829.85000 -26.01  -6.72
d 1954 03 29 13 55 00 GREE             0     0     0     0 2434831.07986 -26.10  -6.66
d 1954 03 30 08 21 00 GREE             0     0     0     0 2434831.84792 -26.14  -6.62
d 1954 03 31 09 01 00 GREE             0     0     0     0 2434832.87569 -26.20  -6.57
d 1954 04 01 08 38 00 GREE             0     0     0     0 2434833.85972 -26.24  -6.51
d 1954 04 02 07 32 00 GREE             0     0     0     0 2434834.81389 -26.28  -6.46
d 1954 04 03 07 33 01 GREE             0     0     0     0 2434835.81459 -26.31  -6.40
d 1954 04 04 16 32 00 GREE             0     0     0     0 2434837.18889 -26.34  -6.32
d 1954 04 05 08 19 01 GREE             0     0     0     0 2434837.84654 -26.36  -6.28
d 1954 04 06 08 15 00 GREE             0     3     0    14 2434838.84375 -26.37  -6.22
g 1954 04 06 08 15 00  17129           0     3     0    14  -5.20 102.70 -82.10  94.30 0.9900 1 9
s 1954 04 06 08 15 00  17129     1     0     3     0    14  -5.20 102.70 -82.10  94.30 0.9900 1 9
d 1954 04 07 07 59 01 GREE             1    16     3    25 2434839.83265 -26.37  -6.15
g 1954 04 07 07 59 01  17129           1    16     3    25  -5.00 100.90 -70.90  93.20 0.9440 1 9
s 1954 04 07 07 59 01  17129     1     1    16     3    25  -5.00 100.90 -70.90  93.20 0.9440 1 9
d 1954 04 08 09 23 00 GREE             4    19     4    17 2434840.89097 -26.36  -6.08
g 1954 04 08 09 23 00  17129           4    19     4    17  -5.00 102.40 -55.40  91.80 0.8220 1 9
s 1954 04 08 09 23 00  17129     1     4    19     4    17  -5.00 102.40 -55.40  91.80 0.8220 1 9
d 1954 04 09 09 33 00 GREE             1    10     1     7 2434841.89792 -26.35  -6.01
g 1954 04 09 09 33 00 134501           0     1     0     1  -0.80 175.50  31.00 278.30 0.5220 0 0
s 1954 04 09 09 33 00 134501     1     0     1     0     1  -0.80 175.50  31.00 278.30 0.5220 0 0
g 1954 04 09 09 33 00  17129           1     9     1     6  -4.60 104.40 -40.10  90.00 0.6450 1 9
s 1954 04 09 09 33 00  17129     1     1     9     1     6  -4.60 104.40 -40.10  90.00 0.6450 1 9
d 1954 04 10 08 34 00 GREE             0     0     0     0 2434842.85694 -26.33  -5.95
d 1954 04 11 08 49 01 GREE             0     0     0     0 2434843.86737 -26.31  -5.87
d 1954 04 12 13 20 01 GREE             0     0     0     0 2434845.05557 -26.27  -5.79
d 1954 04 13 07 24 01 GREE             0     0     0     0 2434845.80834 -26.24  -5.73
d 1954 04 14 07 20 01 GREE             0     0     0     0 2434846.80557 -26.19  -5.65
d 1954 04 15 10 23 01 GREE             1     9     1     6 2434847.93265 -26.13  -5.56
g 1954 04 15 10 23 01  17130           1     9     1     6  -3.10 104.30  39.40 271.90 0.6370 2 0
s 1954 04 15 10 23 01  17130     1     1     9     1     6  -3.10 104.30  39.40 271.90 0.6370 2 0
d 1954 04 16 06 33 00 GREE             3    20     3    16 2434848.77292 -26.07  -5.50
g 1954 04 16 06 33 00  17130           3    20     3    16  -2.80 104.60  50.80 270.90 0.7770 2 0
s 1954 04 16 06 33 00  17130     1     3    20     3    16  -2.80 104.60  50.80 270.90 0.7770 2 0
d 1954 04 17 07 49 00 GREE             0     0     0     0 2434849.82569 -26.00  -5.41
d 1954 04 18 07 37 01 GREE             0     0     0     0 2434850.81737 -25.92  -5.33
d 1954 04 19 07 20 01 GREE             0     0     0     0 2434851.80557 -25.84  -5.25
d 1954 04 20 07 14 01 GREE             1    17     1    10 2434852.80140 -25.75  -5.16
g 1954 04 20 07 14 01 134502           1    17     1    10   6.00  29.90  29.30 290.50 0.5210 0 0
s 1954 04 20 07 14 01 134502     1     1    17     1    10   6.00  29.90  29.30 290.50 0.5210 0 0
d 1954 04 21 17 28 00 GREE             0     0     0     0 2434854.22778 -25.60  -5.03
d 1954 04 22 07 17 01 GREE             0     0     0     0 2434854.80348 -25.54  -4.98
d 1954 04 23 14 26 01 GREE             0     0     0     0 2434856.10140 -25.39  -4.87
d 1954 04 24 07 14 01 GREE             0     0     0     0 2434856.80140 -25.30  -4.80
d 1954 04 25 09 53 00 GREE             0     0     0     0 2434857.91181 -25.16  -4.70
d 1954 04 26 07 20 01 GREE             0     0     0     0 2434858.80557 -25.04  -4.61
d 1954 04 27 07 30 01 GREE             0     0     0     0 2434859.81251 -24.89  -4.52
d 1954 04 28 07 39 00 GREE             0     0     0     0 2434860.81875 -24.74  -4.42
d 1954 04 29 07 40 01 GREE             0     0     0     0 2434861.81946 -24.58  -4.32
d 1954 04 30 08 08 00 GREE             0     0     0     0 2434862.83889 -24.42  -4.22
d 1954 05 01 07 32 00 GREE             0     0     0     0 2434863.81389 -24.25  -4.12
d 1954 05 02 08 42 01 GREE             0     0     0     0 2434864.86251 -24.06  -4.02
d 1954 05 03 07 19 00 GREE             0     0     0     0 2434865.80486 -23.88  -3.92
d 1954 05 04 13 55 00 GREE             0     0     0     0 2434867.07986 -23.63  -3.79
d 1954 05 05 07 14 01 GREE             0     0     0     0 2434867.80140 -23.49  -3.71
d 1954 05 06 07 16 00 GREE             0     0     0     0 2434868.80278 -23.28  -3.61
d 1954 05 07 07 26 00 GREE             0     0     0     0 2434869.80972 -23.06  -3.50
d 1954 05 08 07 37 01 GREE             0     0     0     0 2434870.81737 -22.84  -3.39
d 1954 05 09 07 17 01 GREE             0     6     0    14 2434871.80348 -22.61  -3.28
g 1954 05 09 07 17 01 134601           0     6     0    14  33.30 180.00  70.60 305.60 0.9700 0 0
s 1954 05 09 07 17 01 134601     1     0     6     0    14  33.30 180.00  70.60 305.60 0.9700 0 0
d 1954 05 10 08 09 01 GREE             0     0     0     0 2434872.83959 -22.36  -3.17
d 1954 05 11 07 14 01 GREE             0     0     0     0 2434873.80140 -22.13  -3.06
d 1954 05 12 07 30 01 GREE             0     0     0     0 2434874.81251 -21.88  -2.95
d 1954 05 13 11 06 01 GREE             0     0     0     0 2434875.96251 -21.58  -2.82
d 1954 05 14 02 35 01 GREE             5    21     3    11 2434876.60765 -21.41  -2.75
g 1954 05 14 02 35 01 134602           5    21     3    11   5.00  45.30  -0.60   4.70 0.1690 0 0
s 1954 05 14 02 35 01 134602     1     5    21     3    11   5.00  45.30  -0.60   4.70 0.1690 0 0
d 1954 05 15 10 35 00 GREE             0     0     0     0 2434877.94097 -21.05  -2.60
d 1954 05 16 14 19 01 GREE             0     0     0     0 2434879.09654 -20.73  -2.47
d 1954 05 17 10 07 01 GREE             0     0     0     0 2434879.92154 -20.50  -2.37
d 1954 05 18 07 48 00 GREE             0     0     0     0 2434880.82500 -20.23  -2.27
d 1954 05 19 07 55 00 GREE             0     0     0     0 2434881.82986 -19.94  -2.15
d 1954 05 20 10 16 00 GREE             0     0     0     0 2434882.92778 -19.60  -2.03
d 1954 05 21 08 45 01 GREE             0     0     0     0 2434883.86459 -19.31  -1.92
d 1954 05 22 08 54 00 GREE             0     0     0     0 2434884.87083 -19.00  -1.80
d 1954 05 23 09 15 01 GREE             0     0     0     0 2434885.88543 -18.67  -1.68
d 1954 05 24 14 12 00 GREE             0     0     0     0 2434887.09167 -18.27  -1.54
d 1954 05 25 07 55 00 GREE             0     0     0     0 2434887.82986 -18.03  -1.45
d 1954 05 26 07 13 00 GREE             0     0     0     0 2434888.80069 -17.70  -1.33
d 1954 05 27 07 16 00 GREE             0     0     0     0 2434889.80278 -17.36  -1.21
d 1954 05 28 07 12 00 GREE             0     0     0     0 2434890.80000 -17.01  -1.09
d 1954 05 29 08 02 00 GREE             0     0     0     0 2434891.83472 -16.64  -0.97
d 1954 05 30 07 24 01 GREE             0     0     0     0 2434892.80834 -16.29  -0.85
d 1954 05 31 08 21 00 GREE             0     0     0     0 2434893.84792 -15.91  -0.73
d 1954 06 01 15 11 01 GREE             5    22     3    13 2434895.13265 -15.43  -0.57
g 1954 06 01 15 11 01  17131           5    22     3    13  13.60 187.00  26.20 299.60 0.4960 1 2
s 1954 06 01 15 11 01  17131     1     5    22     3    13  13.60 187.00  26.20 299.60 0.4960 1 2
d 1954 06 02 08 13 01 GREE             4    21     3    14 2434895.84237 -15.17  -0.49
g 1954 06 02 08 13 01  17131           4    21     3    14  13.50 187.20  35.80 293.00 0.6200 1 2
s 1954 06 02 08 13 01  17131     1     4    21     3    14  13.50 187.20  35.80 293.00 0.6200 1 2
d 1954 06 03 12 44 01 GREE             0     8     0     7 2434897.03057 -14.71  -0.34
g 1954 06 03 12 44 01  17131           0     8     0     7  14.30 186.20  50.50 288.50 0.7910 1 0
s 1954 06 03 12 44 01  17131     1     0     8     0     7  14.30 186.20  50.50 288.50 0.7910 1 0
d 1954 06 04 07 13 00 GREE             0    14     1    15 2434897.80069 -14.42  -0.25
g 1954 06 04 07 13 00 134701           0     9     0     9  28.50 179.90  54.40 303.90 0.8630 0 0
s 1954 06 04 07 13 00 134701     1     0     9     0     9  28.50 179.90  54.40 303.90 0.8630 0 0
g 1954 06 04 07 13 00  17131           0     5     1     6  13.60 188.00  62.50 285.40 0.8960 1 0
s 1954 06 04 07 13 00  17131     1     0     5     1     6  13.60 188.00  62.50 285.40 0.8960 1 0
d 1954 06 05 06 51 01 GREE             0     0     0     0 2434898.78543 -14.03  -0.13
d 1954 06 06 08 16 01 GREE             0     0     0     0 2434899.84446 -13.62  -0.00
d 1954 06 07 07 20 01 GREE             0     0     0     0 2434900.80557 -13.23   0.11
d 1954 06 08 08 13 01 GREE             0     0     0     0 2434901.84237 -12.82   0.24
d 1954 06 09 07 20 01 GREE             0     0     0     0 2434902.80557 -12.43   0.35
d 1954 06 10 10 35 00 GREE             0     0     0     0 2434903.94097 -11.96   0.49
d 1954 06 11 08 42 01 GREE             0     0     0     0 2434904.86251 -11.58   0.60
d 1954 06 12 18 36 00 GREE             0     0     0     0 2434906.27500 -10.99   0.77
d 1954 06 13 11 32 01 GREE             0     0     0     0 2434906.98057 -10.69   0.85
d 1954 06 14 09 24 00 GREE             0     0     0     0 2434907.89167 -10.30   0.96
d 1954 06 15 08 08 00 GREE             0     0     0     0 2434908.83889  -9.90   1.08
d 1954 06 16 13 12 00 GREE             0     0     0     0 2434910.05000  -9.38   1.22
d 1954 06 17 08 09 01 GREE             0     0     0     0 2434910.83959  -9.04   1.31
d 1954 06 18 14 48 00 GREE             0     0     0     0 2434912.11667  -8.48   1.47
d 1954 06 19 14 26 01 GREE             0     0     0     0 2434913.10140  -8.05   1.58
d 1954 06 20 07 46 01 GREE             0     0     0     0 2434913.82362  -7.73   1.67
d 1954 06 21 07 19 00 GREE             0     0     0     0 2434914.80486  -7.30   1.78
d 1954 06 22 09 43 00 GREE             0     5     0     6 2434915.90486  -6.81   1.91
g 1954 06 22 09 43 00 134801           0     5     0     6  11.80 308.90  63.10 282.20 0.8950 0 0
s 1954 06 22 09 43 00 134801     1     0     5     0     6  11.80 308.90  63.10 282.20 0.8950 0 0
d 1954 06 23 08 51 00 GREE             0     0     0     0 2434916.86875  -6.38   2.02
d 1954 06 24 07 46 01 GREE             0     0     0     0 2434917.82362  -5.95   2.13
d 1954 06 25 03 47 01 GREE             0     0     0     0 2434918.65765  -5.57   2.23
d 1954 06 26 07 55 00 GREE             0     0     0     0 2434919.82986  -5.05   2.36
d 1954 06 27 06 40 00 GREE             0     0     0     0 2434920.77778  -4.62   2.47
d 1954 06 28 08 24 00 GREE             0     0     0     0 2434921.85000  -4.13   2.59
d 1954 06 29 08 44 00 GREE             0     0     0     0 2434922.86389  -3.67   2.70
d 1954 06 30 07 10 01 GREE             0     0     0     0 2434923.79862  -3.25   2.81
d 1954 07 01 07 59 01 GREE             0     0     0     0 2434924.83265  -2.78   2.92
d 1954 07 02 08 54 00 GREE             0     0     0     0 2434925.87083  -2.31   3.04
d 1954 07 03 08 05 00 GREE             7    35     6    28 2434926.83681  -1.87   3.14
g 1954 07 03 08 05 00 134802           7    35     6    28 -20.90  55.40 -45.80 120.30 0.7780 0 0
s 1954 07 03 08 05 00 134802     1     7    35     6    28 -20.90  55.40 -45.80 120.30 0.7780 0 0
d 1954 07 04 07 59 01 GREE             0     0     0     0 2434927.83265  -1.41   3.25
d 1954 07 05 07 19 00 GREE             0     0     0     0 2434928.80486  -0.97   3.35
d 1954 07 06 07 45 00 GREE             0     0     0     0 2434929.82292  -0.51   3.46
d 1954 07 07 07 49 00 GREE             0     0     0     0 2434930.82569  -0.05   3.57
d 1954 07 08 07 27 01 GREE             1    14     1     8 2434931.81043   0.40   3.67
g 1954 07 08 07 27 01  17132           1    14     1     8  24.20  54.70  19.30 319.60 0.4660 1 0
s 1954 07 08 07 27 01  17132     1     1    14     1     8  24.20  54.70  19.30 319.60 0.4660 1 0
d 1954 07 09 08 02 00 GREE             1    11     1     7 2434932.83472   0.86   3.78
g 1954 07 09 08 02 00  17132           1    11     1     7  24.10  55.00  33.20 305.50 0.6170 1 0
s 1954 07 09 08 02 00  17132     1     1    11     1     7  24.10  55.00  33.20 305.50 0.6170 1 0
d 1954 07 10 13 45 00 GREE             0     0     0     0 2434934.07292   1.42   3.90
d 1954 07 11 07 29 00 GREE             0     0     0     0 2434934.81181   1.75   3.98
d 1954 07 12 08 00 01 GREE             1    13     1     8 2434935.83334   2.21   4.08
g 1954 07 12 08 00 01  17133           1    13     1     8  26.10   2.50  20.40 320.50 0.4930 2 0
s 1954 07 12 08 00 01  17133     1     1    13     1     8  26.10   2.50  20.40 320.50 0.4930 2 0
d 1954 07 13 07 10 01 GREE             4    37     3    24 2434936.79862   2.65   4.17
g 1954 07 13 07 10 01  17133           4    37     3    24  26.20   2.40  33.00 308.30 0.6250 2 2
s 1954 07 13 07 10 01  17133     1     4    37     3    24  26.20   2.40  33.00 308.30 0.6250 2 2
d 1954 07 14 12 57 01 GREE             5    31     5    25 2434938.03959   3.20   4.30
g 1954 07 14 12 57 01 134901           1     8     1     5   2.20 344.60  31.70 267.20 0.5270 0 0
s 1954 07 14 12 57 01 134901     1     1     8     1     5   2.20 344.60  31.70 267.20 0.5270 0 0
g 1954 07 14 12 57 01  17133           4    23     4    20  25.50   5.60  52.60 298.40 0.8180 2 0
s 1954 07 14 12 57 01  17133     1     4    23     4    20  25.50   5.60  52.60 298.40 0.8180 2 0
d 1954 07 15 07 19 00 GREE             5    29     6    35 2434938.80486   3.54   4.37
g 1954 07 15 07 19 00  17133           5    29     6    35  25.00   6.80  64.00 295.60 0.9050 2 0
s 1954 07 15 07 19 00  17133     1     5    29     6    35  25.00   6.80  64.00 295.60 0.9050 2 0
d 1954 07 16 10 45 00 GREE             8    33     9    40 2434939.94792   4.05   4.48
g 1954 07 16 10 45 00  17133           1    10     5    28  25.80   7.50  79.80 295.40 0.9820 2 0
s 1954 07 16 10 45 00  17133     1     1    10     5    28  25.80   7.50  79.80 295.40 0.9820 2 0
g 1954 07 16 10 45 00  17134           7    23     4    12   8.90 286.90  -0.80  10.50 0.0780 2 2
s 1954 07 16 10 45 00  17134     1     7    23     4    12   8.90 286.90  -0.80  10.50 0.0780 2 2
d 1954 07 17 05 44 00 GREE             5    35     3    18 2434940.73889   4.40   4.55
g 1954 07 17 05 44 00  17134           5    35     3    18   8.90 287.10   9.90 293.70 0.1870 2 2
s 1954 07 17 05 44 00  17134     1     5    35     3    18   8.90 287.10   9.90 293.70 0.1870 2 2
d 1954 07 18 15 08 01 GREE             0     0     0     0 2434942.13057   5.01   4.68
d 1954 07 19 07 16 00 GREE             0     0     0     0 2434942.80278   5.31   4.74
d 1954 07 20 07 20 01 GREE             0     0     0     0 2434943.80557   5.75   4.84
d 1954 07 21 07 17 01 GREE             0     0     0     0 2434944.80348   6.18   4.92
d 1954 07 22 07 36 00 GREE             0     0     0     0 2434945.81667   6.62   5.01
d 1954 07 23 07 20 01 GREE             0     0     0     0 2434946.80557   7.04   5.10
d 1954 07 24 13 36 00 GREE             0     0     0     0 2434948.06667   7.58   5.21
d 1954 07 25 07 56 01 GREE            10    61    11    64 2434948.83057   7.90   5.27
g 1954 07 25 07 56 01  17135          10    61    11    64   8.90 108.50 -61.70  82.70 0.8790 2 9
s 1954 07 25 07 56 01  17135     1    10    61    11    64   8.90 108.50 -61.70  82.70 0.8790 2 9
d 1954 07 26 17 05 00 GREE             5    40     4    28 2434950.21181   8.48   5.38
g 1954 07 26 17 05 00  17135           5    40     4    28   8.70 108.80 -43.10  83.00 0.6830 2 9
s 1954 07 26 17 05 00  17135     1     5    40     4    28   8.70 108.80 -43.10  83.00 0.6830 2 9
d 1954 07 27 07 16 00 GREE             1    17     1    11 2434950.80278   8.73   5.43
g 1954 07 27 07 16 00  17135           1    17     1    11   8.50 106.40 -37.70  83.10 0.6110 2 9
s 1954 07 27 07 16 00  17135     1     1    17     1    11   8.50 106.40 -37.70  83.10 0.6110 2 9
d 1954 07 28 07 14 01 GREE             1    14     1     8 2434951.80140   9.14   5.51
g 1954 07 28 07 14 01  17135           1    14     1     8   8.00 106.60 -24.30  82.50 0.4130 2 9
s 1954 07 28 07 14 01  17135     1     1    14     1     8   8.00 106.60 -24.30  82.50 0.4130 2 9
d 1954 07 29 08 29 01 GREE             0    25     0    13 2434952.85348   9.58   5.59
g 1954 07 29 08 29 01  17135           0    25     0    13   8.40 110.00  -6.90  67.60 0.1290 2 9
s 1954 07 29 08 29 01  17135     1     0    25     0    13   8.40 110.00  -6.90  67.60 0.1290 2 9
d 1954 07 30 08 05 00 GREE             3    19     2    10 2434953.83681   9.98   5.67
g 1954 07 30 08 05 00  17135           3    19     2    10   8.70 108.10   4.20 306.40 0.0900 2 9
s 1954 07 30 08 05 00  17135     1     3    19     2    10   8.70 108.10   4.20 306.40 0.0900 2 9
d 1954 07 31 03 14 00 GREE             0     0     0     0 2434954.63472  10.30   5.73
d 1954 08 01 12 18 01 GREE             8    43    25   127 2434956.01251  10.85   5.83
g 1954 08 01 12 18 01  17136           8    43    25   127  25.10 353.70 -81.50  65.50 0.9850 1 0
s 1954 08 01 12 18 01  17136     1     8    43    25   127  25.10 353.70 -81.50  65.50 0.9850 1 0
d 1954 08 02 07 53 01 GREE            16    86    26   136 2434956.82848  11.18   5.89
g 1954 08 02 07 53 01  17136          16    86    26   136  25.70 352.50 -71.90  64.80 0.9480 1 2
s 1954 08 02 07 53 01  17136     1    16    86    26   136  25.70 352.50 -71.90  64.80 0.9480 1 2
d 1954 08 03 10 20 01 GREE            16   115    15   107 2434957.93057  11.61   5.96
g 1954 08 03 10 20 01  17136          16   115    15   107  24.80 353.30 -56.50  64.30 0.8420 1 0
s 1954 08 03 10 20 01  17136     1    16   115    15   107  24.80 353.30 -56.50  64.30 0.8420 1 0
d 1954 08 04 08 06 01 GREE            24   113    18    83 2434958.83751  11.97   6.03
g 1954 08 04 08 06 01  17136          24   113    18    83  24.80 353.20 -44.60  61.20 0.7290 1 0
s 1954 08 04 08 06 01  17136     1    24   113    18    83  24.80 353.20 -44.60  61.20 0.7290 1 0
d 1954 08 05 10 42 00 GREE            19   108    12    66 2434959.94583  12.39   6.10
g 1954 08 05 10 42 00  17136          19   108    12    66  25.20 353.30 -29.90  53.00 0.5670 1 0
s 1954 08 05 10 42 00  17136     1    19   108    12    66  25.20 353.30 -29.90  53.00 0.5670 1 0
d 1954 08 06 15 47 01 GREE            33   202    18   110 2434961.15765  12.86   6.18
g 1954 08 06 15 47 01  17136          33   202    18   110  25.40 353.50 -13.60  32.70 0.3960 1 0
s 1954 08 06 15 47 01  17136     1    33   202    18   110  25.40 353.50 -13.60  32.70 0.3960 1 0
d 1954 08 07 10 06 00 GREE            28   135    15    72 2434961.92083  13.15   6.23
g 1954 08 07 10 06 00  17136          28   135    15    72  25.70 354.00  -3.00   8.10 0.3380 1 0
s 1954 08 07 10 06 00  17136     1    28   135    15    72  25.70 354.00  -3.00   8.10 0.3380 1 0
d 1954 08 08 09 36 00 GREE             7    48     4    26 2434962.90000  13.51   6.29
g 1954 08 08 09 36 00  17136           7    48     4    26  24.50 355.00  10.90 331.30 0.3590 1 0
s 1954 08 08 09 36 00  17136     1     7    48     4    26  24.50 355.00  10.90 331.30 0.3590 1 0
d 1954 08 09 14 47 00 GREE            35   169    21    99 2434964.11597  13.96   6.36
g 1954 08 09 14 47 00  17136           8    57     5    34  24.50 355.60  27.60 307.40 0.5320 1 0
s 1954 08 09 14 47 00  17136     1     8    57     5    34  24.50 355.60  27.60 307.40 0.5320 1 0
g 1954 08 09 14 47 00  17137          27   112    16    65 -22.70 322.10  -5.90 169.00 0.4970 2 4
s 1954 08 09 14 47 00  17137     1    27   112    16    65 -22.70 322.10  -5.90 169.00 0.4970 2 4
d 1954 08 10 06 46 00 GREE            43   223    25   128 2434964.78194  14.21   6.40
g 1954 08 10 06 46 00  17137          43   223    25   128 -22.60 322.70   3.50 186.60 0.4900 2 4
s 1954 08 10 06 46 00  17137     1    43   223    25   128 -22.60 322.70   3.50 186.60 0.4900 2 4
d 1954 08 11 09 56 00 GREE            46   198    28   120 2434965.91389  14.62   6.46
g 1954 08 11 09 56 00  17137          46   198    28   120 -22.30 322.60  18.40 211.50 0.5620 2 4
s 1954 08 11 09 56 00  17137     1    46   198    28   120 -22.30 322.60  18.40 211.50 0.5620 2 4
d 1954 08 12 07 45 00 GREE            37   179    25   119 2434966.82292  14.94   6.51
g 1954 08 12 07 45 00  17137          37   179    25   119 -21.70 321.90  29.70 224.70 0.6560 2 4
s 1954 08 12 07 45 00  17137     1    37   179    25   119 -21.70 321.90  29.70 224.70 0.6560 2 4
d 1954 08 13 10 10 01 GREE             4    36     4    31 2434967.92362  15.33   6.57
g 1954 08 13 10 10 01  17137           4    36     4    31 -22.20 324.10  46.40 236.20 0.8090 2 4
s 1954 08 13 10 10 01  17137     1     4    36     4    31 -22.20 324.10  46.40 236.20 0.8090 2 4
d 1954 08 14 07 26 00 GREE             0     5     0     6 2434968.80972  15.64   6.61
g 1954 08 14 07 26 00  17137           0     5     0     6 -22.50 324.00  58.00 240.90 0.8990 2 4
s 1954 08 14 07 26 00  17137     1     0     5     0     6 -22.50 324.00  58.00 240.90 0.8990 2 4
d 1954 08 15 08 25 00 GREE             0     0     0     0 2434969.85069  16.00   6.66
d 1954 08 16 07 48 00 GREE             0     0     0     0 2434970.82500  16.33   6.71
d 1954 08 17 07 45 00 GREE             0     0     0     0 2434971.82292  16.66   6.75
d 1954 08 18 07 42 00 GREE             0     0     0     0 2434972.82083  16.99   6.80
d 1954 08 19 07 07 01 GREE             0     0     0     0 2434973.79654  17.31   6.84
d 1954 08 20 09 23 00 GREE             0     0     0     0 2434974.89097  17.66   6.88
d 1954 08 21 07 30 01 GREE             7    36     5    23 2434975.81251  17.95   6.92
g 1954 08 21 07 30 01  17138           7    36     5    23 -30.10 177.80   4.40 186.30 0.6070 2 4
s 1954 08 21 07 30 01  17138     1     7    36     5    23 -30.10 177.80   4.40 186.30 0.6070 2 4
d 1954 08 22 07 00 00 GREE            41   149    27    98 2434976.79167  18.26   6.95
g 1954 08 22 07 00 00  17138          41   149    27    98 -30.30 176.10  15.60 201.10 0.6470 2 4
s 1954 08 22 07 00 00  17138     1    41   149    27    98 -30.30 176.10  15.60 201.10 0.6470 2 4
d 1954 08 23 07 50 01 GREE            50   256    37   187 2434977.82640  18.57   6.99
g 1954 08 23 07 50 01  17138          50   256    37   187 -30.30 175.70  28.90 215.20 0.7270 2 4
s 1954 08 23 07 50 01  17138     1    50   256    37   187 -30.30 175.70  28.90 215.20 0.7270 2 4
d 1954 08 24 11 09 01 GREE            41   179    37   162 2434978.96459  18.91   7.02
g 1954 08 24 11 09 01  17138          41   179    37   162 -30.20 175.50  43.80 226.10 0.8320 2 4
s 1954 08 24 11 09 01  17138     1    41   179    37   162 -30.20 175.50  43.80 226.10 0.8320 2 4
d 1954 08 25 08 13 01 GREE            13    62    16    73 2434979.84237  19.17   7.05
g 1954 08 25 08 13 01  17138          13    62    16    73 -30.30 174.70  54.60 231.40 0.9030 2 4
s 1954 08 25 08 13 01  17138     1    13    62    16    73 -30.30 174.70  54.60 231.40 0.9030 2 4
d 1954 08 26 07 46 01 GREE             2     8     4    16 2434980.82362  19.46   7.07
g 1954 08 26 07 46 01  17138           2     8     4    16 -32.30 172.80  65.60 233.30 0.9610 2 4
s 1954 08 26 07 46 01  17138     1     2     8     4    16 -32.30 172.80  65.60 233.30 0.9610 2 4
d 1954 08 27 07 37 01 GREE             1    12     1     8 2434981.81737  19.74   7.10
g 1954 08 27 07 37 01 135001           1    12     1     8  -4.80  57.80 -36.20 107.10 0.6190 0 0
s 1954 08 27 07 37 01 135001     1     1    12     1     8  -4.80  57.80 -36.20 107.10 0.6190 0 0
d 1954 08 28 07 50 01 GREE             0     0     0     0 2434982.82640  20.03   7.12
d 1954 08 29 08 36 01 GREE             0     0     0     0 2434983.85834  20.31   7.15
d 1954 08 30 07 14 01 GREE             0     0     0     0 2434984.80140  20.56   7.17
d 1954 08 31 07 16 00 GREE             0     0     0     0 2434985.80278  20.83   7.18
d 1954 09 01 07 24 01 GREE             0     0     0     0 2434986.80834  21.09   7.20
d 1954 09 02 07 22 00 GREE             0     0     0     0 2434987.80694  21.34   7.21
d 1954 09 03 07 06 00 GREE             0     0     0     0 2434988.79583  21.58   7.22
d 1954 09 04 17 11 00 GREE             2    18     3    29 2434990.21597  21.92   7.24
g 1954 09 04 17 11 00 135101           0     4     0     8  22.80  57.30  74.20 291.70 0.9560 0 0
s 1954 09 04 17 11 00 135101     1     0     4     0     8  22.80  57.30  74.20 291.70 0.9560 0 0
g 1954 09 04 17 11 00  17139           2    14     3    21 -22.60 278.30 -64.80 117.30 0.9410 1 2
s 1954 09 04 17 11 00  17139     1     2    14     3    21 -22.60 278.30 -64.80 117.30 0.9410 1 2
d 1954 09 05 10 17 01 GREE             0     1     0     2 2434990.92848  22.09   7.24
g 1954 09 05 10 17 01  17139           0     1     0     2 -24.00 274.50 -59.20 120.50 0.9130 1 0
s 1954 09 05 10 17 01  17139     1     0     1     0     2 -24.00 274.50 -59.20 120.50 0.9130 1 0
d 1954 09 06 07 43 01 GREE             0     4     0     4 2434991.82154  22.30   7.25
g 1954 09 06 07 43 01  17139           0     4     0     4 -22.60 276.60 -45.30 125.20 0.8050 1 0
s 1954 09 06 07 43 01  17139     1     0     4     0     4 -22.60 276.60 -45.30 125.20 0.8050 1 0
d 1954 09 07 07 29 00 GREE             0     0     0     0 2434992.81181  22.52   7.25
d 1954 09 08 07 42 00 GREE             0     0     0     0 2434993.82083  22.74   7.25
d 1954 09 09 12 14 00 GREE             0     0     0     0 2434995.00972  22.99   7.25
d 1954 09 10 07 24 01 GREE             0     0     0     0 2434995.80834  23.16   7.25
d 1954 09 11 07 50 01 GREE             0     0     0     0 2434996.82640  23.36   7.24
d 1954 09 12 07 49 00 GREE             0     0     0     0 2434997.82569  23.55   7.23
d 1954 09 13 07 13 00 GREE             0     5     0     5 2434998.80069  23.74   7.22
g 1954 09 13 07 13 00  17139           0     5     0     5 -24.50 278.70  48.90 234.70 0.8430 1 0
s 1954 09 13 07 13 00  17139     1     0     5     0     5 -24.50 278.70  48.90 234.70 0.8430 1 0
d 1954 09 14 07 19 00 GREE             0     6     0     9 2434999.80486  23.92   7.21
g 1954 09 14 07 19 00  17139           0     6     0     9 -23.60 279.10  62.60 241.00 0.9310 1 0
s 1954 09 14 07 19 00  17139     1     0     6     0     9 -23.60 279.10  62.60 241.00 0.9310 1 0
d 1954 09 15 10 19 00 GREE             0     7     0     4 2435000.92986  24.12   7.20
g 1954 09 15 10 19 00  17140           0     7     0     4  25.30 203.30   1.70 355.10 0.3140 5 0
s 1954 09 15 10 19 00  17140     1     0     7     0     4  25.30 203.30   1.70 355.10 0.3140 5 0
d 1954 09 16 10 55 00 GREE             0    12     0     7 2435001.95486  24.29   7.18
g 1954 09 16 10 55 00  17140           0    12     0     7  25.60 203.60  15.50 322.90 0.4020 5 2
s 1954 09 16 10 55 00  17140     1     0    12     0     7  25.60 203.60  15.50 322.90 0.4020 5 2
d 1954 09 17 08 52 01 GREE             0     3     0     2 2435002.86946  24.44   7.16
g 1954 09 17 08 52 01  17140           0     3     0     2  24.60 203.00  27.00 307.10 0.5190 5 0
s 1954 09 17 08 52 01  17140     1     0     3     0     2  24.60 203.00  27.00 307.10 0.5190 5 0
d 1954 09 18 08 08 00 GREE             0     0     0     0 2435003.83889  24.60   7.14
d 1954 09 19 08 11 00 GREE             0     0     0     0 2435004.84097  24.75   7.12
d 1954 09 20 07 09 00 GREE             0     0     0     0 2435005.79792  24.89   7.10
d 1954 09 21 07 24 01 GREE             0     0     0     0 2435006.80834  25.03   7.07
d 1954 09 22 07 30 01 GREE             0     0     0     0 2435007.81251  25.16   7.04
d 1954 09 23 09 20 00 GREE             0     0     0     0 2435008.88889  25.29   7.01
d 1954 09 24 10 49 00 GREE             0     0     0     0 2435009.95069  25.42   6.98
d 1954 09 25 07 46 01 GREE             0     4     0     5 2435010.82362  25.51   6.95
g 1954 09 25 07 46 01 135102           0     4     0     5 -36.10  18.20 -52.80 135.00 0.9120 0 0
s 1954 09 25 07 46 01 135102     1     0     4     0     5 -36.10  18.20 -52.80 135.00 0.9120 0 0
d 1954 09 26 09 04 00 GREE             0     0     0     0 2435011.87778  25.63   6.91
d 1954 09 27 09 40 00 GREE             0     0     0     0 2435012.90278  25.73   6.87
d 1954 09 28 09 59 00 GREE             0     0     0     0 2435013.91597  25.82   6.83
d 1954 09 29 07 55 00 GREE             0     0     0     0 2435014.82986  25.90   6.79
d 1954 09 30 02 36 01 GREE             0     0     0     0 2435015.60834  25.96   6.75
d 1954 10 01 09 27 00 GREE             0     0     0     0 2435016.89375  26.05   6.69
d 1954 10 02 09 50 00 GREE             2    19     2    34 2435017.90972  26.11   6.64
g 1954 10 02 09 50 00 135201           2    13     2    11  36.20  25.30  47.80 311.20 0.7970 0 0
s 1954 10 02 09 50 00 135201     1     2    13     2    11  36.20  25.30  47.80 311.20 0.7970 0 0
g 1954 10 02 09 50 00  17141           0     6     0    23  32.30 253.40 -84.10  58.30 0.9890 1 9
s 1954 10 02 09 50 00  17141     1     0     6     0    23  32.30 253.40 -84.10  58.30 0.9890 1 9
d 1954 10 03 08 09 01 GREE             4    35     5    39 2435018.83959  26.17   6.60
g 1954 10 03 08 09 01 135202           3    18     2    11 -19.60 347.00  21.80 218.80 0.5590 0 0
s 1954 10 03 08 09 01 135202     1     3    18     2    11 -19.60 347.00  21.80 218.80 0.5590 0 0
g 1954 10 03 08 09 01  17141           1    17     3    28  32.60 253.50 -71.80  57.70 0.9480 1 9
s 1954 10 03 08 09 01  17141     1     1    17     3    28  32.60 253.50 -71.80  57.70 0.9480 1 9
d 1954 10 04 08 15 00 GREE             0     3     0    16 2435019.84375  26.22   6.54
g 1954 10 04 08 15 00  17142           0     3     0    16  36.70 226.00 -86.00  53.70 0.9930 5 9
s 1954 10 04 08 15 00  17142     1     0     3     0    16  36.70 226.00 -86.00  53.70 0.9930 5 9
d 1954 10 05 07 59 01 GREE             0     6     0     8 2435020.83265  26.26   6.49
g 1954 10 05 07 59 01  17142           0     6     0     8  35.90 232.80 -66.20  53.70 0.9210 5 9
s 1954 10 05 07 59 01  17142     1     0     6     0     8  35.90 232.80 -66.20  53.70 0.9210 5 9
d 1954 10 06 08 16 01 GREE             0     0     0     0 2435021.84446  26.30   6.43
d 1954 10 07 08 25 00 GREE             0     0     0     0 2435022.85069  26.33   6.37
d 1954 10 08 10 37 01 GREE             0     0     0     0 2435023.94237  26.35   6.31
d 1954 10 09 08 58 01 GREE             0     0     0     0 2435024.87362  26.36   6.25
d 1954 10 10 07 13 00 GREE             0     0     0     0 2435025.80069  26.37   6.19
d 1954 10 11 08 26 01 GREE             0     0     0     0 2435026.85140  26.37   6.12
d 1954 10 12 08 13 01 GREE             0    34     0    34 2435027.84237  26.36   6.05
g 1954 10 12 08 13 01  17141           0    13     0    10  31.90 250.40  43.90 308.00 0.7490 1 0
s 1954 10 12 08 13 01  17141     1     0    13     0    10  31.90 250.40  43.90 308.00 0.7490 1 0
g 1954 10 12 08 13 01  17143           0     7     0     5 -33.80 194.60 -11.90 165.00 0.6650 1 9
s 1954 10 12 08 13 01  17143     1     0     7     0     5 -33.80 194.60 -11.90 165.00 0.6650 1 9
g 1954 10 12 08 13 01  17144           0    14     0    19  10.70 138.20 -68.30  81.00 0.9260 2 2
s 1954 10 12 08 13 01  17144     1     0    14     0    19  10.70 138.20 -68.30  81.00 0.9260 2 2
d 1954 10 13 08 25 00 GREE             6    36     4    24 2435028.85069  26.34   5.98
g 1954 10 13 08 25 00  17143           6    36     4    24 -34.50 192.30  -0.90 178.90 0.6520 1 9
s 1954 10 13 08 25 00  17143     1     6    36     4    24 -34.50 192.30  -0.90 178.90 0.6520 1 9
d 1954 10 14 10 10 01 GREE             8    59     8    46 2435029.92362  26.32   5.90
g 1954 10 14 10 10 01  17143           4    35     3    24 -34.80 191.90  12.90 195.70 0.6780 1 9
s 1954 10 14 10 10 01  17143     1     4    35     3    24 -34.80 191.90  12.90 195.70 0.6780 1 9
g 1954 10 14 10 10 01  17144           1     8     1     5  11.90 144.30 -34.70  77.60 0.5720 2 0
s 1954 10 14 10 10 01  17144     1     1     8     1     5  11.90 144.30 -34.70  77.60 0.5720 2 0
g 1954 10 14 10 10 01  17145           3    16     4    17  26.20 119.40 -59.60  63.10 0.8700 2 2
s 1954 10 14 10 10 01  17145     1     3    16     4    17  26.20 119.40 -59.60  63.10 0.8700 2 2
d 1954 10 15 14 34 00 GREE            19    80    15    60 2435031.10694  26.28   5.82
g 1954 10 15 14 34 00  17143           7    30     6    23 -35.20 190.80  27.40 210.10 0.7510 1 9
s 1954 10 15 14 34 00  17143     1     7    30     6    23 -35.20 190.80  27.40 210.10 0.7510 1 9
g 1954 10 15 14 34 00  17145          12    50     9    37  26.20 119.50 -43.90  58.90 0.7290 2 2
s 1954 10 15 14 34 00  17145     1    12    50     9    37  26.20 119.50 -43.90  58.90 0.7290 2 2
d 1954 10 16 07 19 00 GREE            18    91    13    66 2435031.80486  26.25   5.76
g 1954 10 16 07 19 00  17143           4    20     4    18 -35.00 192.90  38.70 218.90 0.8180 1 9
s 1954 10 16 07 19 00  17143     1     4    20     4    18 -35.00 192.90  38.70 218.90 0.8180 1 9
g 1954 10 16 07 19 00  17145          14    61     9    39  25.90 120.20 -34.00  54.50 0.6200 2 2
s 1954 10 16 07 19 00  17145     1    14    61     9    39  25.90 120.20 -34.00  54.50 0.6200 2 2
g 1954 10 16 07 19 00  17146           0    10     0     9 -20.80 105.60 -48.60 120.70 0.8170 1 0
s 1954 10 16 07 19 00  17146     1     0    10     0     9 -20.80 105.60 -48.60 120.70 0.8170 1 0
d 1954 10 17 11 49 01 GREE             1    23     1    18 2435032.99237  26.20   5.67
g 1954 10 17 11 49 01  17143           0     3     0     5 -34.40 195.80  57.20 228.80 0.9230 1 9
s 1954 10 17 11 49 01  17143     1     0     3     0     5 -34.40 195.80  57.20 228.80 0.9230 1 9
g 1954 10 17 11 49 01  17145           1    12     1     7  25.10 121.90 -16.70  37.80 0.4270 2 0
s 1954 10 17 11 49 01  17145     1     1    12     1     7  25.10 121.90 -16.70  37.80 0.4270 2 0
g 1954 10 17 11 49 01  17146           0     8     0     6 -20.70 106.30 -32.30 130.70 0.6620 1 0
s 1954 10 17 11 49 01  17146     1     0     8     0     6 -20.70 106.30 -32.30 130.70 0.6620 1 0
d 1954 10 18 07 16 00 GREE             0     8     0    34 2435033.80278  26.16   5.61
g 1954 10 18 07 16 00  17147           0     8     0    34  32.40  43.10 -84.80  58.00 0.9920 1 0
s 1954 10 18 07 16 00  17147     1     0     8     0    34  32.40  43.10 -84.80  58.00 0.9920 1 0
d 1954 10 19 09 30 00 GREE             3    11     6    17 2435034.89583  26.09   5.52
g 1954 10 19 09 30 00  17147           3    11     6    17  32.10  42.70 -70.80  57.80 0.9460 1 0
s 1954 10 19 09 30 00  17147     1     3    11     6    17  32.10  42.70 -70.80  57.80 0.9460 1 0
d 1954 10 20 11 08 00 GREE             7    15     7    15 2435035.96389  26.02   5.43
g 1954 10 20 11 08 00  17147           7    15     7    15  31.90  41.90 -57.50  55.90 0.8660 1 0
s 1954 10 20 11 08 00  17147     1     7    15     7    15  31.90  41.90 -57.50  55.90 0.8660 1 0
d 1954 10 21 13 53 01 GREE             9    13     7    10 2435037.07848  25.93   5.34
g 1954 10 21 13 53 01  17147           9    13     7    10  31.70  41.50 -43.20  51.30 0.7480 1 0
s 1954 10 21 13 53 01  17147     1     9    13     7    10  31.70  41.50 -43.20  51.30 0.7480 1 0
d 1954 10 22 09 36 00 GREE             9    22     6    15 2435037.90000  25.86   5.27
g 1954 10 22 09 36 00  17147           9    22     6    15  31.40  41.10 -32.70  45.50 0.6490 1 0
s 1954 10 22 09 36 00  17147     1     9    22     6    15  31.40  41.10 -32.70  45.50 0.6490 1 0
d 1954 10 23 10 22 00 GREE             3    20     2    12 2435038.93194  25.76   5.18
g 1954 10 23 10 22 00  17147           3    20     2    12  31.60  40.40 -19.80  32.70 0.5350 1 0
s 1954 10 23 10 22 00  17147     1     3    20     2    12  31.60  40.40 -19.80  32.70 0.5350 1 0
d 1954 10 24 14 11 00 GREE             8    21     5    12 2435040.09097  25.65   5.07
g 1954 10 24 14 11 00  17147           8    21     5    12  31.50  39.70  -5.20   9.80 0.4540 1 0
s 1954 10 24 14 11 00  17147     1     8    21     5    12  31.50  39.70  -5.20   9.80 0.4540 1 0
d 1954 10 25 10 46 01 GREE             7    26     4    15 2435040.94862  25.56   5.00
g 1954 10 25 10 46 01  17147           7    26     4    15  31.70  38.80   5.20 350.30 0.4580 1 0
s 1954 10 25 10 46 01  17147     1     7    26     4    15  31.70  38.80   5.20 350.30 0.4580 1 0
d 1954 10 26 08 21 00 GREE             3    20     2    12 2435041.84792  25.45   4.91
g 1954 10 26 08 21 00  17147           3    20     2    12  31.90  37.90  16.10 332.80 0.5160 1 0
s 1954 10 26 08 21 00  17147     1     3    20     2    12  31.90  37.90  16.10 332.80 0.5160 1 0
d 1954 10 27 12 01 00 GREE             0     0     0     0 2435043.00069  25.31   4.81
d 1954 10 28 13 52 00 GREE             0     0     0     0 2435044.07778  25.17   4.70
d 1954 10 29 11 26 01 GREE             0     0     0     0 2435044.97640  25.04   4.62
d 1954 10 30 09 12 01 GREE             0     0     0     0 2435045.88334  24.91   4.53
d 1954 10 31 07 20 01 GREE             0     0     0     0 2435046.80557  24.77   4.44
d 1954 11 01 07 00 00 GREE             0     0     0     0 2435047.79167  24.61   4.34
d 1954 11 02 09 18 01 GREE             0     0     0     0 2435048.88751  24.42   4.22
d 1954 11 03 10 09 00 GREE             0     0     0     0 2435049.92292  24.23   4.12
d 1954 11 04 09 44 01 GREE             0     0     0     0 2435050.90557  24.05   4.01
d 1954 11 05 09 08 01 GREE             1     8     1     5 2435051.88057  23.86   3.91
g 1954 11 05 09 08 01  17148           1     8     1     5  25.00 274.90  25.40 313.30 0.5360 2 0
s 1954 11 05 09 08 01  17148     1     1     8     1     5  25.00 274.90  25.40 313.30 0.5360 2 0
d 1954 11 06 09 15 01 GREE             7    44     5    30 2435052.88543  23.66   3.80
g 1954 11 06 09 15 01  17148           7    44     5    30  25.40 274.40  38.20 304.30 0.6790 2 0
s 1954 11 06 09 15 01  17148     1     7    44     5    30  25.40 274.40  38.20 304.30 0.6790 2 0
d 1954 11 07 14 00 01 GREE             0     0     0     0 2435054.08334  23.41   3.67
d 1954 11 08 07 40 01 GREE             3    18     5    25 2435054.81946  23.25   3.59
g 1954 11 08 07 40 01  17148           3    18     5    25  26.10 277.30  66.60 296.80 0.9250 2 0
s 1954 11 08 07 40 01  17148     1     3    18     5    25  26.10 277.30  66.60 296.80 0.9250 2 0
d 1954 11 09 09 04 00 GREE            11    79     8    71 2435055.87778  23.01   3.47
g 1954 11 09 09 04 00  17148           0     8     0    21  26.20 274.80  78.00 296.10 0.9780 2 2
s 1954 11 09 09 04 00  17148     1     0     8     0    21  26.20 274.80  78.00 296.10 0.9780 2 2
g 1954 11 09 09 04 00  17149           2    18     2    17  25.10 252.60  55.80 297.60 0.8470 1 2
s 1954 11 09 09 04 00  17149     1     2    18     2    17  25.10 252.60  55.80 297.60 0.8470 1 2
g 1954 11 09 09 04 00  17150           9    53     6    33 -32.50 197.40   0.60 179.20 0.5890 2 2
s 1954 11 09 09 04 00  17150     1     9    53     6    33 -32.50 197.40   0.60 179.20 0.5890 2 2
d 1954 11 10 09 14 00 GREE            47   377    40   292 2435056.88472  22.77   3.36
g 1954 11 10 09 14 00  17149           4    12     7    21  25.10 255.30  71.80 295.30 0.9530 1 0
s 1954 11 10 09 14 00  17149     1     4    12     7    21  25.10 255.30  71.80 295.30 0.9530 1 0
g 1954 11 10 09 14 00  17150          36   304    23   193 -32.50 195.40  11.90 196.50 0.6140 2 2
s 1954 11 10 09 14 00  17150     1    36   304    23   193 -32.50 195.40  11.90 196.50 0.6140 2 2
g 1954 11 10 09 14 00  17151           3    31     2    17  27.10 184.20   0.70 358.40 0.4040 2 9
s 1954 11 10 09 14 00  17151     1     3    31     2    17  27.10 184.20   0.70 358.40 0.4040 2 9
g 1954 11 10 09 14 00  17152           4    30     8    61 -21.20 110.70 -72.80 112.90 0.9680 1 0
s 1954 11 10 09 14 00  17152     1     4    30     8    61 -21.20 110.70 -72.80 112.90 0.9680 1 0
d 1954 11 11 07 12 00 GREE            61   451    48   354 2435057.80000  22.55   3.26
g 1954 11 11 07 12 00 135301           0    10     0    14   6.30 104.20 -67.20  84.60 0.9220 0 0
s 1954 11 11 07 12 00 135301     1     0    10     0    14   6.30 104.20 -67.20  84.60 0.9220 0 0
g 1954 11 11 07 12 00  17150          49   359    33   241 -33.10 192.90  21.50 207.50 0.6670 2 2
s 1954 11 11 07 12 00  17150     1    49   359    33   241 -33.10 192.90  21.50 207.50 0.6670 2 2
g 1954 11 11 07 12 00  17152          12    82    15    99 -20.70 109.40 -62.00 114.60 0.9100 1 0
s 1954 11 11 07 12 00  17152     1    12    82    15    99 -20.70 109.40 -62.00 114.60 0.9100 1 0
d 1954 11 12 12 18 01 GREE            67   423    53   324 2435059.01251  22.25   3.12
g 1954 11 12 12 18 01  17150          55   350    43   272 -32.80 191.70  36.30 220.70 0.7650 2 2
s 1954 11 12 12 18 01  17150     1    55   350    43   272 -32.80 191.70  36.30 220.70 0.7650 2 2
g 1954 11 12 12 18 01  17151           4    39     3    24  27.10 182.30  26.90 315.70 0.5790 2 9
s 1954 11 12 12 18 01  17151     1     4    39     3    24  27.10 182.30  26.90 315.70 0.5790 2 9
g 1954 11 12 12 18 01  17152           8    34     7    28 -20.70 108.70 -46.70 119.70 0.7860 1 0
s 1954 11 12 12 18 01  17152     1     8    34     7    28 -20.70 108.70 -46.70 119.70 0.7860 1 0
d 1954 11 13 09 27 00 GREE            53   303    47   260 2435059.89375  22.03   3.02
g 1954 11 13 09 27 00  17150          43   243    40   223 -33.00 190.20  46.40 226.60 0.8380 2 2
s 1954 11 13 09 27 00  17150     1    43   243    40   223 -33.00 190.20  46.40 226.60 0.8380 2 2
g 1954 11 13 09 27 00  17152           4    22     3    15 -20.90 108.80 -35.00 126.50 0.6690 1 0
s 1954 11 13 09 27 00  17152     1     4    22     3    15 -20.90 108.80 -35.00 126.50 0.6690 1 0
g 1954 11 13 09 27 00  17153           6    38     4    22  31.00 151.50   7.70 346.30 0.4850 2 2
s 1954 11 13 09 27 00  17153     1     6    38     4    22  31.00 151.50   7.70 346.30 0.4850 2 2
d 1954 11 14 09 50 00 GREE            29   166    31   171 2435060.90972  21.76   2.90
g 1954 11 14 09 50 00  17150          22   121    26   143 -33.00 187.50  57.10 231.20 0.9060 2 2
s 1954 11 14 09 50 00  17150     1    22   121    26   143 -33.00 187.50  57.10 231.20 0.9060 2 2
g 1954 11 14 09 50 00  17152           1     8     1     5 -21.10 108.50 -21.90 139.20 0.5350 1 0
s 1954 11 14 09 50 00  17152     1     1     8     1     5 -21.10 108.50 -21.90 139.20 0.5350 1 0
g 1954 11 14 09 50 00  17153           6    37     4    23  30.80 151.40  21.00 326.80 0.5650 2 2
s 1954 11 14 09 50 00  17153     1     6    37     4    23  30.80 151.40  21.00 326.80 0.5650 2 2
d 1954 11 15 10 01 01 GREE            14    85    30   176 2435061.91737  21.48   2.78
g 1954 11 15 10 01 01  17150          14    81    30   171 -33.00 188.20  71.10 234.90 0.9710 2 2
s 1954 11 15 10 01 01  17150     1    14    81    30   171 -33.00 188.20  71.10 234.90 0.9710 2 2
g 1954 11 15 10 01 01  17151           0     4     0     5  27.20 181.10  64.00 298.70 0.9130 2 9
s 1954 11 15 10 01 01  17151     1     0     4     0     5  27.20 181.10  64.00 298.70 0.9130 2 9
d 1954 11 16 07 01 01 GREE             0     0     0     0 2435062.79237  21.24   2.68
d 1954 11 17 10 24 01 GREE             2    12     3    13 2435063.93334  20.91   2.54
g 1954 11 17 10 24 01  17154           2    12     3    13 -34.20  40.20 -50.40 132.50 0.8670 2 2
s 1954 11 17 10 24 01  17154     1     2    12     3    13 -34.20  40.20 -50.40 132.50 0.8670 2 2
d 1954 11 18 11 31 00 GREE             0     3     0     3 2435064.97986  20.61   2.42
g 1954 11 18 11 31 00  17154           0     3     0     3 -32.50  40.80 -36.00 138.80 0.7540 2 0
s 1954 11 18 11 31 00  17154     1     0     3     0     3 -32.50  40.80 -36.00 138.80 0.7540 2 0
d 1954 11 19 06 59 00 GREE             1    14     1    10 2435065.79097  20.36   2.32
g 1954 11 19 06 59 00  17154           1    14     1    10 -33.20  38.90 -27.20 146.40 0.6940 2 0
s 1954 11 19 06 59 00  17154     1     1    14     1    10 -33.20  38.90 -27.20 146.40 0.6940 2 0
d 1954 11 20 09 23 00 GREE             0     0     0     0 2435066.89097  20.02   2.19
d 1954 11 21 06 41 01 GREE             0     0     0     0 2435067.77848  19.74   2.08
d 1954 11 22 06 56 00 GREE             0     0     0     0 2435068.78889  19.42   1.96
d 1954 11 23 11 08 00 GREE             0     0     0     0 2435069.96389  19.03   1.81
d 1954 11 24 08 45 01 GREE             0     0     0     0 2435070.86459  18.73   1.70
d 1954 11 25 08 41 00 GREE             0     0     0     0 2435071.86181  18.38   1.58
d 1954 11 26 07 03 00 GREE             0     0     0     0 2435072.79375  18.06   1.46
d 1954 11 27 08 51 00 GREE             0     0     0     0 2435073.86875  17.67   1.32
d 1954 11 28 07 19 00 GREE             0     0     0     0 2435074.80486  17.33   1.21
d 1954 11 29 07 04 01 GREE             0     0     0     0 2435075.79446  16.97   1.08
d 1954 11 30 12 02 01 GREE             0     0     0     0 2435077.00140  16.52   0.93
d 1954 12 01 11 03 01 GREE             0     8     0     8 2435077.96043  16.15   0.81
g 1954 12 01 11 03 01 135401           0     8     0     8 -25.90 316.30  50.60 237.40 0.8270 0 0
s 1954 12 01 11 03 01 135401     1     0     8     0     8 -25.90 316.30  50.60 237.40 0.8270 0 0
d 1954 12 02 12 20 00 GREE             0     0     0     0 2435079.01389  15.74   0.67
d 1954 12 03 10 04 01 GREE             0     0     0     0 2435079.91946  15.38   0.56
d 1954 12 04 11 29 01 GREE             0     0     0     0 2435080.97848  14.96   0.42
d 1954 12 05 11 12 00 GREE             0     0     0     0 2435081.96667  14.56   0.30
d 1954 12 06 10 56 01 GREE             0     0     0     0 2435082.95557  14.15   0.17
d 1954 12 07 12 25 01 GREE             0     0     0     0 2435084.01737  13.71   0.03
d 1954 12 08 06 43 00 GREE             0     0     0     0 2435084.77986  13.39  -0.06
d 1954 12 09 10 06 00 GREE             0     0     0     0 2435085.92083  12.90  -0.21
d 1954 12 10 08 54 00 GREE             0     0     0     0 2435086.87083  12.49  -0.33
d 1954 12 11 09 34 01 GREE             0     0     0     0 2435087.89862  12.04  -0.46
d 1954 12 12 10 46 01 GREE             0     0     0     0 2435088.94862  11.58  -0.60
d 1954 12 13 09 51 01 GREE             0     0     0     0 2435089.91043  11.16  -0.72
d 1954 12 14 08 38 00 GREE             0     0     0     0 2435090.85972  10.73  -0.84
d 1954 12 15 11 09 01 GREE            63   296    39   182 2435091.96459  10.23  -0.98
g 1954 12 15 11 09 01  17155          63   296    39   182  34.30  82.00   0.80 358.90 0.5800 2 1
s 1954 12 15 11 09 01  17155     1    63   296    39   182  34.30  82.00   0.80 358.90 0.5800 2 1
d 1954 12 16 10 19 00 GREE           112   540    71   341 2435092.92986   9.79  -1.11
g 1954 12 16 10 19 00  17155         112   540    71   341  34.10  81.90  13.50 341.40 0.6100 2 1
s 1954 12 16 10 19 00  17155     1   112   540    71   341  34.10  81.90  13.50 341.40 0.6100 2 1
d 1954 12 17 14 06 01 GREE            96   465    67   323 2435094.08751   9.26  -1.25
g 1954 12 17 14 06 01  17155          96   465    67   323  33.60  81.20  28.00 325.50 0.6930 2 1
s 1954 12 17 14 06 01  17155     1    96   465    67   323  33.60  81.20  28.00 325.50 0.6930 2 1
d 1954 12 18 09 53 00 GREE            98   488    82   411 2435094.91181   8.88  -1.36
g 1954 12 18 09 53 00  17155          93   452    74   359  33.40  81.60  39.30 316.90 0.7760 2 1
s 1954 12 18 09 53 00  17155     1    93   452    74   359  33.40  81.60  39.30 316.90 0.7760 2 1
g 1954 12 18 09 53 00  17156           5    36     8    52  24.50 336.20 -66.10  63.00 0.9350 2 9
s 1954 12 18 09 53 00  17156     1     5    36     8    52  24.50 336.20 -66.10  63.00 0.9350 2 9
d 1954 12 19 07 23 01 GREE            53   402    53   395 2435095.80765   8.46  -1.47
g 1954 12 19 07 23 01  17155          48   358    47   350  33.70  81.00  50.50 311.50 0.8590 2 1
s 1954 12 19 07 23 01  17155     1    48   358    47   350  33.70  81.00  50.50 311.50 0.8590 2 1
g 1954 12 19 07 23 01  17156           5    44     6    45  24.50 334.70 -55.80  60.40 0.8680 2 9
s 1954 12 19 07 23 01  17156     1     5    44     6    45  24.50 334.70 -55.80  60.40 0.8680 2 9
d 1954 12 20 10 33 01 GREE            56   284    76   379 2435096.93959   7.93  -1.61
g 1954 12 20 10 33 01  17155          48   235    70   343  33.30  79.80  64.20 306.60 0.9390 2 1
s 1954 12 20 10 33 01  17155     1    48   235    70   343  33.30  79.80  64.20 306.60 0.9390 2 1
g 1954 12 20 10 33 01  17156           8    49     6    36  24.10 335.90 -39.70  53.70 0.7250 2 9
s 1954 12 20 10 33 01  17156     1     8    49     6    36  24.10 335.90 -39.70  53.70 0.7250 2 9
d 1954 12 21 07 10 01 GREE            26   120    70   318 2435097.79862   7.53  -1.72
g 1954 12 21 07 10 01  17155          26   120    70   318  33.20  79.80  75.50 304.30 0.9820 2 1
s 1954 12 21 07 10 01  17155     1    26   120    70   318  33.20  79.80  75.50 304.30 0.9820 2 1
d 1954 12 22 10 42 00 GREE             3    19     2    11 2435098.94583   6.98  -1.86
g 1954 12 22 10 42 00  17156           3    19     2    11  23.80 338.80 -10.40  21.00 0.4650 2 9
s 1954 12 22 10 42 00  17156     1     3    19     2    11  23.80 338.80 -10.40  21.00 0.4650 2 9
d 1954 12 23 10 14 01 GREE            16   142     9    79 2435099.92640   6.52  -1.98
g 1954 12 23 10 14 01  17156          16   142     9    79  23.80 338.20   1.90 356.00 0.4370 2 9
s 1954 12 23 10 14 01  17156     1    16   142     9    79  23.80 338.20   1.90 356.00 0.4370 2 9
d 1954 12 24 09 37 00 GREE            13    98     8    57 2435100.90069   6.05  -2.10
g 1954 12 24 09 37 00  17156          13    98     8    57  23.00 339.80  16.40 328.50 0.4980 2 9
s 1954 12 24 09 37 00  17156     1    13    98     8    57  23.00 339.80  16.40 328.50 0.4980 2 9
d 1954 12 25 07 43 01 GREE             6    26     4    17 2435101.82154   5.61  -2.22
g 1954 12 25 07 43 01  17156           6    26     4    17  22.90 339.80  28.50 313.60 0.6100 2 9
s 1954 12 25 07 43 01  17156     1     6    26     4    17  22.90 339.80  28.50 313.60 0.6100 2 9
d 1954 12 26 02 25 00 GREE             5    23     4    17 2435102.60069   5.24  -2.31
g 1954 12 26 02 25 00  17156           5    23     4    17  22.30 340.20  39.20 304.90 0.7150 2 9
s 1954 12 26 02 25 00  17156     1     5    23     4    17  22.30 340.20  39.20 304.90 0.7150 2 9
d 1954 12 27 12 01 00 GREE             0     0     0     0 2435104.00069   4.56  -2.48
d 1954 12 28 06 43 00 GREE             0     0     0     0 2435104.77986   4.18  -2.58
d 1954 12 29 08 12 00 GREE            11    62     6    34 2435105.84167   3.67  -2.70
g 1954 12 29 08 12 00  17157          11    62     6    34 -23.10 249.20  -9.20 157.10 0.3810 2 6
s 1954 12 29 08 12 00  17157     1    11    62     6    34 -23.10 249.20  -9.20 157.10 0.3810 2 6
d 1954 12 30 06 40 00 GREE            95   525    51   282 2435106.77778   3.21  -2.81
g 1954 12 30 06 40 00  17157          95   525    51   282 -23.40 250.70   4.70 192.10 0.3610 2 6
s 1954 12 30 06 40 00  17157     1    95   525    51   282 -23.40 250.70   4.70 192.10 0.3610 2 6
d 1954 12 31 06 38 01 GREE           116   781    65   437 2435107.77640   2.73  -2.93
g 1954 12 31 06 38 01  17157         116   781    65   437 -23.20 250.50  17.60 218.50 0.4480 2 6
s 1954 12 31 06 38 01  17157     1   116   781    65   437 -23.20 250.50  17.60 218.50 0.4480 2 6
