d 1923 01 01 12 02 01 GREE           248  1203   181   891 2423421.00140   2.22  -3.10
g 1923 01 01 12 02 01   9484         209  1095   159   831   5.80  92.00  47.80 280.50 0.7520 2 6
s 1923 01 01 12 02 01   9484     1   209  1095   159   831   5.80  92.00  47.80 280.50 0.7520 2 6
g 1923 01 01 12 02 01   9485          26    89    15    50   8.50  67.90  23.70 296.40 0.4460 2 7
s 1923 01 01 12 02 01   9485     1    26    89    15    50   8.50  67.90  23.70 296.40 0.4460 2 7
g 1923 01 01 12 02 01   9486          13    19     7    10  -4.20  55.80  11.60 264.20 0.2030 1 0
s 1923 01 01 12 02 01   9486     1    13    19     7    10  -4.20  55.80  11.60 264.20 0.2030 1 0
d 1923 01 02 15 51 01 GREE            97   679   110   762 2423422.16043   1.66  -3.23
g 1923 01 02 15 51 01   9484          97   667   110   755   6.30  91.80  62.90 278.60 0.8970 2 6
s 1923 01 02 15 51 01   9484     1    97   667   110   755   6.30  91.80  62.90 278.60 0.8970 2 6
g 1923 01 02 15 51 01   9486           0    12     0     7  -4.20  56.00  27.10 267.00 0.4560 1 0
s 1923 01 02 15 51 01   9486     1     0    12     0     7  -4.20  56.00  27.10 267.00 0.4560 1 0
d 1923 01 03 10 39 00 GREE            57   436   104   784 2423422.94375   1.28  -3.32
g 1923 01 03 10 39 00  92604           0     2     0     2   6.10  60.00  41.40 282.70 0.6770 0 0
s 1923 01 03 10 39 00  92604     1     0     2     0     2   6.10  60.00  41.40 282.70 0.6770 0 0
g 1923 01 03 10 39 00   9484          56   430   103   779   6.20  91.90  73.30 277.60 0.9610 2 6
s 1923 01 03 10 39 00   9484     1    56   430   103   779   6.20  91.90  73.30 277.60 0.9610 2 6
g 1923 01 03 10 39 00   9486           1     4     1     3  -4.20  56.30  37.70 267.50 0.6130 1 0
s 1923 01 03 10 39 00   9486     1     1     4     1     3  -4.20  56.30  37.70 267.50 0.6130 1 0
d 1923 01 04 07 55 00 GREE            12   104    30   244 2423423.82986   0.84  -3.43
g 1923 01 04 07 55 00   9484          10    91    27   229   7.10  84.60  77.70 278.00 0.9800 2 6
s 1923 01 04 07 55 00   9484     1    10    91    27   229   7.10  84.60  77.70 278.00 0.9800 2 6
g 1923 01 04 07 55 00   9485           1    10     2    12   8.50  68.90  62.00 281.40 0.8930 2 2
s 1923 01 04 07 55 00   9485     1     1    10     2    12   8.50  68.90  62.00 281.40 0.8930 2 2
g 1923 01 04 07 55 00   9486           1     3     1     3  -3.70  56.50  49.60 268.00 0.7630 1 0
s 1923 01 04 07 55 00   9486     1     1     3     1     3  -3.70  56.50  49.60 268.00 0.7630 1 0
d 1923 01 05 07 56 01 GREE             0     0     0     0 2423424.83057   0.36  -3.54
d 1923 01 06 07 48 00 GREE             0     0     0     0 2423425.82500  -0.13  -3.65
d 1923 01 07 08 22 01 GREE             0     0     0     0 2423426.84862  -0.63  -3.76
d 1923 01 08 08 12 00 GREE             0     0     0     0 2423427.84167  -1.11  -3.87
d 1923 01 09 08 03 01 GREE             0     0     0     0 2423428.83543  -1.59  -3.98
d 1923 01 10 08 02 00 GREE             0     0     0     0 2423429.83472  -2.07  -4.09
d 1923 01 11 08 05 00 GREE             0     0     0     0 2423430.83681  -2.55  -4.19
d 1923 01 12 13 07 01 GREE             0     0     0     0 2423432.04654  -3.13  -4.32
d 1923 01 13 08 13 01 GREE             0     0     0     0 2423432.84237  -3.51  -4.40
d 1923 01 14 08 13 01 GREE             0     0     0     0 2423433.84237  -3.99  -4.50
d 1923 01 15 07 52 00 GREE             0     0     0     0 2423434.82778  -4.45  -4.60
d 1923 01 16 07 43 01 GREE             0     0     0     0 2423435.82154  -4.92  -4.70
d 1923 01 17 12 51 01 GREE             0     0     0     0 2423437.03543  -5.49  -4.82
d 1923 01 18 13 10 01 GREE             0     0     0     0 2423438.04862  -5.96  -4.91
d 1923 01 19 11 51 00 GREE             0     0     0     0 2423438.99375  -6.40  -5.00
d 1923 01 20 13 17 01 GREE             0     0     0     0 2423440.05348  -6.89  -5.10
d 1923 01 21 08 22 01 GREE             0     3     0    11 2423440.84862  -7.25  -5.17
g 1923 01 21 08 22 01   9488           0     3     0    11  -1.50  63.30 -79.50  90.50 0.9840 5 0
s 1923 01 21 08 22 01   9488     1     0     3     0    11  -1.50  63.30 -79.50  90.50 0.9840 5 0
d 1923 01 22 10 46 01 GREE             3    14     4    17 2423441.94862  -7.75  -5.27
g 1923 01 22 10 46 01   9488           3    14     4    17  -1.90  63.40 -65.00  89.60 0.9080 5 0
s 1923 01 22 10 46 01   9488     1     3    14     4    17  -1.90  63.40 -65.00  89.60 0.9080 5 0
d 1923 01 23 11 36 01 GREE             8    23     6    16 2423442.98334  -8.21  -5.36
g 1923 01 23 11 36 01  92701           1     3     1     2  -2.50  95.80 -18.90  81.80 0.3280 0 0
s 1923 01 23 11 36 01  92701     1     1     3     1     2  -2.50  95.80 -18.90  81.80 0.3280 0 0
g 1923 01 23 11 36 01  92702           7    20     5    14   5.80  74.60 -40.10  75.00 0.6660 0 0
s 1923 01 23 11 36 01  92702     1     7    20     5    14   5.80  74.60 -40.10  75.00 0.6660 0 0
d 1923 01 24 13 03 00 GREE             0     0     0     0 2423444.04375  -8.69  -5.45
d 1923 01 25 11 26 01 GREE             0     0     0     0 2423444.97640  -9.10  -5.53
d 1923 01 26 08 13 01 GREE             0     0     0     0 2423445.84237  -9.48  -5.60
d 1923 01 27 07 39 00 GREE             0     0     0     0 2423446.81875  -9.91  -5.68
d 1923 01 28 08 09 01 GREE             6    26     4    16 2423447.83959 -10.35  -5.76
g 1923 01 28 08 09 01   9489           6    26     4    16   6.40  82.40  31.60 290.70 0.5590 2 1
s 1923 01 28 08 09 01   9489     1     6    26     4    16   6.40  82.40  31.60 290.70 0.5590 2 1
d 1923 01 29 08 03 01 GREE            17    51    13    37 2423448.83543 -10.77  -5.84
g 1923 01 29 08 03 01   9489          17    51    13    37   6.00  82.40  44.70 284.00 0.7240 2 1
s 1923 01 29 08 03 01   9489     1    17    51    13    37   6.00  82.40  44.70 284.00 0.7240 2 1
d 1923 01 30 07 56 01 GREE             6    48     7    51 2423449.83057 -11.19  -5.91
g 1923 01 30 07 56 01   9489           6    48     7    51   6.10  85.00  60.40 280.30 0.8810 2 1
s 1923 01 30 07 56 01   9489     1     6    48     7    51   6.10  85.00  60.40 280.30 0.8810 2 1
d 1923 01 31 07 35 00 GREE             7    33    15    71 2423450.81597 -11.61  -5.99
g 1923 01 31 07 35 00   9489           7    33    15    71   5.30  87.10  75.50 277.00 0.9720 2 1
s 1923 01 31 07 35 00   9489     1     7    33    15    71   5.30  87.10  75.50 277.00 0.9720 2 1
d 1923 02 01 08 18 00 GREE             0     0     0     0 2423451.84583 -12.03  -6.06
d 1923 02 02 08 05 00 GREE             0     0     0     0 2423452.83681 -12.44  -6.13
d 1923 02 03 10 27 01 GREE             0     0     0     0 2423453.93543 -12.89  -6.20
d 1923 02 04 10 27 01 GREE             0     0     0     0 2423454.93543 -13.29  -6.27
d 1923 02 05 10 33 01 GREE             0     0     0     0 2423455.93959 -13.68  -6.33
d 1923 02 06 12 46 00 GREE             0     0     0     0 2423457.03194 -14.11  -6.40
d 1923 02 07 09 33 00 GREE             0     0     0     0 2423457.89792 -14.44  -6.45
d 1923 02 08 09 46 00 GREE             0     0     0     0 2423458.90694 -14.83  -6.51
d 1923 02 09 11 12 00 GREE             0     0     0     0 2423459.96667 -15.22  -6.57
d 1923 02 10 09 47 01 GREE             0     0     0     0 2423460.90765 -15.57  -6.62
d 1923 02 11 10 43 01 GREE             0     0     0     0 2423461.94654 -15.95  -6.67
d 1923 02 12 10 32 00 GREE             3    11     4    13 2423462.93889 -16.31  -6.72
g 1923 02 12 10 32 00  92801           2     8     3    11  -7.00 279.80  67.80 265.20 0.9240 0 0
s 1923 02 12 10 32 00  92801     1     2     8     3    11  -7.00 279.80  67.80 265.20 0.9240 0 0
g 1923 02 12 10 32 00   9490           1     3     1     2  12.10 183.70 -28.30  56.30 0.5590 2 9
s 1923 02 12 10 32 00   9490     1     1     3     1     2  12.10 183.70 -28.30  56.30 0.5590 2 9
d 1923 02 13 08 05 00 GREE             3    14     2     8 2423463.83681 -16.63  -6.76
g 1923 02 13 08 05 00   9490           3    14     2     8  11.60 183.60 -16.60  41.90 0.4200 2 9
s 1923 02 13 08 05 00   9490     1     3    14     2     8  11.60 183.60 -16.60  41.90 0.4200 2 9
d 1923 02 14 08 06 01 GREE             1     9     1     5 2423464.83751 -16.97  -6.81
g 1923 02 14 08 06 01   9490           1     9     1     5  12.00 184.70  -2.30   7.00 0.3260 2 9
s 1923 02 14 08 06 01   9490     1     1     9     1     5  12.00 184.70  -2.30   7.00 0.3260 2 9
d 1923 02 15 08 24 00 GREE             7    22     4    12 2423465.85000 -17.32  -6.85
g 1923 02 15 08 24 00   9490           7    22     4    12  11.00 184.80  11.10 328.30 0.3600 2 9
s 1923 02 15 08 24 00   9490     1     7    22     4    12  11.00 184.80  11.10 328.30 0.3600 2 9
d 1923 02 16 10 03 00 GREE             1     5     1     3 2423466.91875 -17.68  -6.89
g 1923 02 16 10 03 00   9490           1     5     1     3  10.10 183.40  23.80 305.30 0.4900 2 9
s 1923 02 16 10 03 00   9490     1     1     5     1     3  10.10 183.40  23.80 305.30 0.4900 2 9
d 1923 02 17 11 41 00 GREE             0     0     0     0 2423467.98681 -18.04  -6.94
d 1923 02 18 12 59 00 GREE             0     0     0     0 2423469.04097 -18.38  -6.97
d 1923 02 19 07 26 00 GREE             0     7     0     4 2423469.80972 -18.62  -7.00
g 1923 02 19 07 26 00  92802           0     7     0     4  11.90 120.00  -1.50   4.60 0.3270 0 0
s 1923 02 19 07 26 00  92802     1     0     7     0     4  11.90 120.00  -1.50   4.60 0.3270 0 0
d 1923 02 20 09 28 01 GREE             1     5     1     3 2423470.89446 -18.97  -7.03
g 1923 02 20 09 28 01  92803           1     5     1     3   6.60 112.70   5.50 338.00 0.2530 0 0
s 1923 02 20 09 28 01  92803     1     1     5     1     3   6.60 112.70   5.50 338.00 0.2530 0 0
d 1923 02 21 12 07 00 GREE             0     0     0     0 2423472.00486 -19.31  -7.07
d 1923 02 22 10 29 00 GREE             0     0     0     0 2423472.93681 -19.59  -7.09
d 1923 02 23 07 48 00 GREE             1     5     1     3 2423473.82500 -19.85  -7.12
g 1923 02 23 07 48 00  92804           1     5     1     3  14.20  54.70 -13.90  32.80 0.4310 0 0
s 1923 02 23 07 48 00  92804     1     1     5     1     3  14.20  54.70 -13.90  32.80 0.4310 0 0
d 1923 02 24 07 33 01 GREE             0     0     0     0 2423474.81459 -20.14  -7.14
d 1923 02 25 08 24 00 GREE             0     0     0     0 2423475.85000 -20.43  -7.16
d 1923 02 26 11 42 01 GREE             0     0     0     0 2423476.98751 -20.75  -7.18
d 1923 02 27 07 26 00 GREE             0     0     0     0 2423477.80972 -20.97  -7.20
d 1923 02 28 09 54 01 GREE             0     0     0     0 2423478.91251 -21.27  -7.21
d 1923 03 01 12 31 01 GREE             0     0     0     0 2423480.02154 -21.55  -7.22
d 1923 03 02 09 36 00 GREE             0     0     0     0 2423480.90000 -21.78  -7.23
d 1923 03 03 11 26 01 GREE             0     0     0     0 2423481.97640 -22.04  -7.24
d 1923 03 04 08 19 01 GREE             0     0     0     0 2423482.84654 -22.25  -7.25
d 1923 03 05 09 37 00 GREE             0     0     0     0 2423483.90069 -22.50  -7.25
d 1923 03 06 08 12 00 GREE             0     0     0     0 2423484.84167 -22.71  -7.25
d 1923 03 07 13 09 00 GREE             0     0     0     0 2423486.04792 -22.98  -7.25
d 1923 03 08 13 53 01 GREE             0     0     0     0 2423487.07848 -23.20  -7.24
d 1923 03 09 08 09 01 GREE             0     0     0     0 2423487.83959 -23.36  -7.24
d 1923 03 10 08 08 00 GREE             0     0     0     0 2423488.83889 -23.56  -7.23
d 1923 03 11 12 37 00 GREE             0     0     0     0 2423490.02569 -23.79  -7.22
d 1923 03 12 10 32 00 GREE             0     0     0     0 2423490.93889 -23.96  -7.21
d 1923 03 13 09 38 01 GREE             0     0     0     0 2423491.90140 -24.13  -7.19
d 1923 03 14 09 33 00 GREE             0     0     0     0 2423492.89792 -24.31  -7.18
d 1923 03 15 08 03 01 GREE             4    17     5    21 2423493.83543 -24.47  -7.16
g 1923 03 15 08 03 01   9491           4    17     5    21   4.30 100.30 -64.70  81.90 0.9130 5 2
s 1923 03 15 08 03 01   9491     1     4    17     5    21   4.30 100.30 -64.70  81.90 0.9130 5 2
d 1923 03 16 07 52 00 GREE             7    15     6    13 2423494.82778 -24.63  -7.14
g 1923 03 16 07 52 00   9491           7    15     6    13   4.40 100.30 -51.60  79.00 0.7980 5 2
s 1923 03 16 07 52 00   9491     1     7    15     6    13   4.40 100.30 -51.60  79.00 0.7980 5 2
d 1923 03 17 12 07 00 GREE             3    12     2     7 2423496.00486 -24.81  -7.11
g 1923 03 17 12 07 00  92901           3    12     2     7 -30.50 126.80  -9.60 160.10 0.4250 0 0
s 1923 03 17 12 07 00  92901     1     3    12     2     7 -30.50 126.80  -9.60 160.10 0.4250 0 0
d 1923 03 18 10 36 00 GREE             0     0     0     0 2423496.94167 -24.95  -7.09
d 1923 03 19 10 39 00 GREE             0     0     0     0 2423497.94375 -25.09  -7.06
d 1923 03 20 15 21 01 GREE             1     3     1     2 2423499.13959 -25.24  -7.02
g 1923 03 20 15 21 01  92902           1     3     1     2 -11.30 121.10  26.10 258.50 0.4400 0 0
s 1923 03 20 15 21 01  92902     1     1     3     1     2 -11.30 121.10  26.10 258.50 0.4400 0 0
d 1923 03 21 12 08 01 GREE             0     0     0     0 2423500.00557 -25.35  -7.00
d 1923 03 22 08 08 00 GREE            26   103    14    55 2423500.83889 -25.45  -6.97
g 1923 03 22 08 08 00   9492          26   103    14    55   6.30  87.00  14.30 312.70 0.3350 2 8
s 1923 03 22 08 08 00   9492     1    26   103    14    55   6.30  87.00  14.30 312.70 0.3350 2 8
d 1923 03 23 08 58 01 GREE            12    48     7    28 2423501.87362 -25.57  -6.93
g 1923 03 23 08 58 01   9492          12    48     7    28   5.80  87.20  28.20 293.60 0.5150 2 8
s 1923 03 23 08 58 01   9492     1    12    48     7    28   5.80  87.20  28.20 293.60 0.5150 2 8
d 1923 03 24 10 58 00 GREE             4    12     3     9 2423502.95694 -25.69  -6.89
g 1923 03 24 10 58 00   9492           4    12     3     9   6.30  89.90  45.20 285.30 0.7340 2 8
s 1923 03 24 10 58 00   9492     1     4    12     3     9   6.30  89.90  45.20 285.30 0.7340 2 8
d 1923 03 25 15 23 00 GREE            17    27    18    29 2423504.14097 -25.80  -6.84
g 1923 03 25 15 23 00   9492          17    27    18    29   7.10  88.80  59.70 282.00 0.8780 2 8
s 1923 03 25 15 23 00   9492     1    17    27    18    29   7.10  88.80  59.70 282.00 0.8780 2 8
d 1923 03 26 16 12 00 GREE             1     8     2    16 2423505.17500 -25.89  -6.80
g 1923 03 26 16 12 00   9492           1     8     2    16   7.20  88.60  73.10 279.50 0.9640 2 8
s 1923 03 26 16 12 00   9492     1     1     8     2    16   7.20  88.60  73.10 279.50 0.9640 2 8
d 1923 03 27 11 49 01 GREE             0     0     0     0 2423505.99237 -25.96  -6.76
d 1923 03 28 10 16 00 GREE             0     0     0     0 2423506.92778 -26.03  -6.72
d 1923 03 29 11 25 00 GREE            21    80    15    57 2423507.97569 -26.11  -6.67
g 1923 03 29 11 25 00   9493          21    80    15    57   4.70 295.10 -43.40  76.30 0.7070 2 4
s 1923 03 29 11 25 00   9493     1    21    80    15    57   4.70 295.10 -43.40  76.30 0.7070 2 4
d 1923 03 30 09 21 01 GREE            75   240    45   144 2423508.88959 -26.17  -6.62
g 1923 03 30 09 21 01   9493          75   240    45   144   4.70 295.40 -31.10  70.80 0.5480 2 4
s 1923 03 30 09 21 01   9493     1    75   240    45   144   4.70 295.40 -31.10  70.80 0.5480 2 4
d 1923 03 31 07 58 00 GREE            46   215    25   116 2423509.83194 -26.22  -6.57
g 1923 03 31 07 58 00   9493          46   215    25   116   4.50 295.70 -18.40  59.20 0.3680 2 4
s 1923 03 31 07 58 00   9493     1    46   215    25   116   4.50 295.70 -18.40  59.20 0.3680 2 4
d 1923 04 01 11 55 01 GREE            43   147    22    75 2423510.99654 -26.28  -6.51
g 1923 04 01 11 55 01   9493          43   147    22    75   4.50 297.60  -1.10   5.50 0.1920 2 4
s 1923 04 01 11 55 01   9493     1    43   147    22    75   4.50 297.60  -1.10   5.50 0.1920 2 4
d 1923 04 02 10 32 00 GREE            13    71     7    37 2423511.93889 -26.32  -6.46
g 1923 04 02 10 32 00   9493          13    71     7    37   4.00 296.30  10.00 316.10 0.2520 2 4
s 1923 04 02 10 32 00   9493     1    13    71     7    37   4.00 296.30  10.00 316.10 0.2520 2 4
d 1923 04 03 14 18 00 GREE             0     1     0     1 2423513.09583 -26.36  -6.39
g 1923 04 03 14 18 00   9493           0     1     0     1   4.90 294.30  23.30 295.20 0.4380 2 0
s 1923 04 03 14 18 00   9493     1     0     1     0     1   4.90 294.30  23.30 295.20 0.4380 2 0
d 1923 04 04 09 18 01 GREE             0     0     0     0 2423513.88751 -26.38  -6.34
d 1923 04 05 10 03 00 GREE             0     0     0     0 2423514.91875 -26.40  -6.28
d 1923 04 06 08 08 00 GREE             0     0     0     0 2423515.83889 -26.41  -6.22
d 1923 04 07 12 36 00 GREE             0     0     0     0 2423517.02500 -26.42  -6.14
d 1923 04 08 14 44 00 GREE             0     0     0     0 2423518.11389 -26.41  -6.07
d 1923 04 09 08 45 01 GREE             0     0     0     0 2423518.86459 -26.41  -6.02
d 1923 04 10 08 11 00 GREE             0     5     0     7 2423519.84097 -26.39  -5.95
g 1923 04 10 08 11 00  93001           0     5     0     7  23.20 122.10 -59.80  61.00 0.9110 0 0
s 1923 04 10 08 11 00  93001     1     0     5     0     7  23.20 122.10 -59.80  61.00 0.9110 0 0
d 1923 04 11 08 51 00 GREE             0     0     0     0 2423520.86875 -26.37  -5.88
d 1923 04 12 11 05 00 GREE             0     0     0     0 2423521.96181 -26.33  -5.80
d 1923 04 13 09 36 00 GREE             0     0     0     0 2423522.90000 -26.30  -5.73
d 1923 04 14 09 17 00 GREE             7    22     4    12 2423523.88681 -26.25  -5.65
g 1923 04 14 09 17 00   9494           7    22     4    12  -5.80 147.80  19.20 268.60 0.3290 5 7
s 1923 04 14 09 17 00   9494     1     7    22     4    12  -5.80 147.80  19.20 268.60 0.3290 5 7
d 1923 04 15 08 45 01 GREE             6    20     4    12 2423524.86459 -26.20  -5.57
g 1923 04 15 08 45 01  93002           3     9     2     5   5.20 112.00  -3.60  18.40 0.1990 0 0
s 1923 04 15 08 45 01  93002     1     3     9     2     5   5.20 112.00  -3.60  18.40 0.1990 0 0
g 1923 04 15 08 45 01   9494           3    11     2     7  -6.50 148.80  33.20 266.70 0.5470 5 7
s 1923 04 15 08 45 01   9494     1     3    11     2     7  -6.50 148.80  33.20 266.70 0.5470 5 7
d 1923 04 16 08 11 00 GREE             0     0     0     0 2423525.84097 -26.14  -5.50
d 1923 04 17 09 25 01 GREE            19    63    11    36 2423526.89237 -26.07  -5.41
g 1923 04 17 09 25 01   9495          19    63    11    36   5.20 115.20  26.30 291.50 0.4770 5 7
s 1923 04 17 09 25 01   9495     1    19    63    11    36   5.20 115.20  26.30 291.50 0.4770 5 7
d 1923 04 18 07 13 00 GREE             9    28     6    19 2423527.80069 -26.00  -5.33
g 1923 04 18 07 13 00   9495           9    28     6    19   4.90 116.30  39.40 283.80 0.6530 5 7
s 1923 04 18 07 13 00   9495     1     9    28     6    19   4.90 116.30  39.40 283.80 0.6530 5 7
d 1923 04 19 07 56 01 GREE             3    29     4    31 2423528.83057 -25.92  -5.25
g 1923 04 19 07 56 01   9495           0     5     0     5   3.60 118.30  55.00 278.10 0.8280 5 7
s 1923 04 19 07 56 01   9495     1     0     5     0     5   3.60 118.30  55.00 278.10 0.8280 5 7
g 1923 04 19 07 56 01   9496           3    24     4    26  -6.00   1.80 -61.50  93.90 0.8780 2 5
s 1923 04 19 07 56 01   9496     1     3    24     4    26  -6.00   1.80 -61.50  93.90 0.8780 2 5
d 1923 04 20 11 32 01 GREE            31   113    23    82 2423529.98057 -25.82  -5.15
g 1923 04 20 11 32 01   9496          31   113    23    82  -5.80   1.70 -46.40  93.10 0.7240 2 5
s 1923 04 20 11 32 01   9496     1    31   113    23    82  -5.80   1.70 -46.40  93.10 0.7240 2 5
d 1923 04 21 11 11 00 GREE            65   211    39   126 2423530.96597 -25.72  -5.06
g 1923 04 21 11 11 00   9496          65   211    39   126  -6.00   2.00 -33.10  93.10 0.5460 2 5
s 1923 04 21 11 11 00   9496     1    65   211    39   126  -6.00   2.00 -33.10  93.10 0.5460 2 5
d 1923 04 22 02 45 01 GREE            39   236    22   130 2423531.61459 -25.65  -5.00
g 1923 04 22 02 45 01   9496          39   236    22   130  -5.80   1.70 -24.80  93.10 0.4190 2 5
s 1923 04 22 02 45 01   9496     1    39   236    22   130  -5.80   1.70 -24.80  93.10 0.4190 2 5
d 1923 04 23 09 11 01 GREE            19    83    10    42 2423532.88265 -25.51  -4.89
g 1923 04 23 09 11 01   9496          19    83    10    42  -6.10   2.40  -7.40  99.30 0.1310 2 5
s 1923 04 23 09 11 01   9496     1    19    83    10    42  -6.10   2.40  -7.40  99.30 0.1310 2 5
d 1923 04 24 08 18 00 GREE            27    83    14    42 2423533.84583 -25.40  -4.80
g 1923 04 24 08 18 00   9496          27    83    14    42  -6.60   2.00   5.00 250.00 0.0920 2 5
s 1923 04 24 08 18 00   9496     1    27    83    14    42  -6.60   2.00   5.00 250.00 0.0920 2 5
d 1923 04 25 02 28 00 GREE            15    78     8    41 2423534.60278 -25.30  -4.73
g 1923 04 25 02 28 00   9496          15    78     8    41  -5.90   2.70  15.70 264.90 0.2710 2 5
s 1923 04 25 02 28 00   9496     1    15    78     8    41  -5.90   2.70  15.70 264.90 0.2710 2 5
d 1923 04 26 13 24 01 GREE            13    60     8    37 2423536.05834 -25.11  -4.59
g 1923 04 26 13 24 01   9496          13    60     8    37  -5.80   3.30  35.50 266.50 0.5810 2 5
s 1923 04 26 13 24 01   9496     1    13    60     8    37  -5.80   3.30  35.50 266.50 0.5810 2 5
d 1923 04 27 08 35 01 GREE            21    52    16    38 2423536.85765 -25.00  -4.52
g 1923 04 27 08 35 01   9496          21    52    16    38  -5.80   3.90  46.70 266.20 0.7280 2 5
s 1923 04 27 08 35 01   9496     1    21    52    16    38  -5.80   3.90  46.70 266.20 0.7280 2 5
d 1923 04 28 08 39 01 GREE            25    91    26    92 2423537.86043 -24.85  -4.42
g 1923 04 28 08 39 01   9496          25    91    26    92  -4.70   4.20  60.20 267.10 0.8680 2 5
s 1923 04 28 08 39 01   9496     1    25    91    26    92  -4.70   4.20  60.20 267.10 0.8680 2 5
d 1923 04 29 02 44 00 GREE             5    28     8    45 2423538.61389 -24.73  -4.35
g 1923 04 29 02 44 00   9496           5    28     8    45  -4.50   5.40  71.40 266.70 0.9480 2 5
s 1923 04 29 02 44 00   9496     1     5    28     8    45  -4.50   5.40  71.40 266.70 0.9480 2 5
d 1923 04 30 08 36 01 GREE             0    11     0     8 2423539.85834 -24.53  -4.22
g 1923 04 30 08 36 01  93101           0    11     0     8   3.10 232.90 -44.60  81.50 0.7130 0 0
s 1923 04 30 08 36 01  93101     1     0    11     0     8   3.10 232.90 -44.60  81.50 0.7130 0 0
d 1923 05 01 08 36 01 GREE             0     0     0     0 2423540.85834 -24.36  -4.12
d 1923 05 02 11 19 01 GREE             0     0     0     0 2423541.97154 -24.16  -4.01
d 1923 05 03 13 23 01 GREE             0     0     0     0 2423543.05765 -23.96  -3.90
d 1923 05 04 08 08 00 GREE             0     0     0     0 2423543.83889 -23.81  -3.82
d 1923 05 05 12 15 01 GREE             0     0     0     0 2423545.01043 -23.58  -3.70
d 1923 05 06 10 09 00 GREE             0     0     0     0 2423545.92292 -23.39  -3.60
d 1923 05 07 08 34 00 GREE             0     0     0     0 2423546.85694 -23.19  -3.50
d 1923 05 08 13 50 01 GREE             0     0     0     0 2423548.07640 -22.92  -3.37
d 1923 05 09 15 56 00 GREE             0     0     0     0 2423549.16389 -22.67  -3.25
d 1923 05 10 14 21 00 GREE             0     0     0     0 2423550.09792 -22.45  -3.15
d 1923 05 11 13 50 01 GREE             1     3     1     2 2423551.07640 -22.21  -3.04
g 1923 05 11 13 50 01   9497           1     3     1     2   7.70 113.20 -16.10  56.40 0.3310 2 0
s 1923 05 11 13 50 01   9497     1     1     3     1     2   7.70 113.20 -16.10  56.40 0.3310 2 0
d 1923 05 12 09 43 00 GREE            15    41     8    21 2423551.90486 -22.01  -2.95
g 1923 05 12 09 43 00   9497          15    41     8    21   7.70 113.40  -4.90  24.50 0.2060 2 2
s 1923 05 12 09 43 00   9497     1    15    41     8    21   7.70 113.40  -4.90  24.50 0.2060 2 2
d 1923 05 13 11 57 00 GREE             9    29     5    15 2423552.99792 -21.73  -2.83
g 1923 05 13 11 57 00   9497           9    29     5    15   7.60 113.80   9.90 316.50 0.2480 2 2
s 1923 05 13 11 57 00   9497     1     9    29     5    15   7.60 113.80   9.90 316.50 0.2480 2 2
d 1923 05 14 13 29 00 GREE             0     8     0     5 2423554.06181 -21.45  -2.71
g 1923 05 14 13 29 00   9497           0     8     0     5   7.00 116.60  26.80 290.00 0.4780 2 0
s 1923 05 14 13 29 00   9497     1     0     8     0     5   7.00 116.60  26.80 290.00 0.4780 2 0
d 1923 05 15 09 56 00 GREE             0     0     0     0 2423554.91389 -21.22  -2.61
d 1923 05 16 10 42 00 GREE             0     0     0     0 2423555.94583 -20.93  -2.49
d 1923 05 17 09 36 00 GREE             0     0     0     0 2423556.90000 -20.67  -2.38
d 1923 05 18 14 21 00 GREE             0     0     0     0 2423558.09792 -20.32  -2.24
d 1923 05 19 07 56 01 GREE             0     0     0     0 2423558.83057 -20.10  -2.16
d 1923 05 20 08 58 01 GREE             3    10     3     8 2423559.87362 -19.79  -2.04
g 1923 05 20 08 58 01   9498           3    10     3     8   8.00 325.20 -47.70  77.60 0.7530 5 0
s 1923 05 20 08 58 01   9498     1     3    10     3     8   8.00 325.20 -47.70  77.60 0.7530 5 0
d 1923 05 21 09 30 00 GREE             1     6     1     4 2423560.89583 -19.48  -1.92
g 1923 05 21 09 30 00   9498           1     6     1     4   7.40 326.20 -33.20  73.90 0.5670 5 0
s 1923 05 21 09 30 00   9498     1     1     6     1     4   7.40 326.20 -33.20  73.90 0.5670 5 0
d 1923 05 22 15 10 00 GREE             0     0     0     0 2423562.13194 -19.09  -1.77
d 1923 05 23 14 48 00 GREE             6    55     5    44 2423563.11667 -18.77  -1.66
g 1923 05 23 14 48 00   9499           6    55     5    44 -10.20 279.80 -50.20 101.80 0.7750 2 4
s 1923 05 23 14 48 00   9499     1     6    55     5    44 -10.20 279.80 -50.20 101.80 0.7750 2 4
d 1923 05 24 08 19 01 GREE            31    76    21    51 2423563.84654 -18.54  -1.57
g 1923 05 24 08 19 01   9499          31    76    21    51 -10.20 279.50 -40.90 103.70 0.6650 2 4
s 1923 05 24 08 19 01   9499     1    31    76    21    51 -10.20 279.50 -40.90 103.70 0.6650 2 4
d 1923 05 25 12 10 00 GREE            21    73    12    41 2423565.00694 -18.15  -1.43
g 1923 05 25 12 10 00   9499          21    73    12    41 -10.10 279.70 -25.30 109.90 0.4500 2 4
s 1923 05 25 12 10 00   9499     1    21    73    12    41 -10.10 279.70 -25.30 109.90 0.4500 2 4
d 1923 05 26 08 22 01 GREE             1     1     1     1 2423565.84862 -17.87  -1.33
g 1923 05 26 08 22 01  93201           1     1     1     1   0.20 283.10 -10.70  82.40 0.1900 0 0
s 1923 05 26 08 22 01  93201     1     1     1     1     1   0.20 283.10 -10.70  82.40 0.1900 0 0
d 1923 05 27 08 44 00 GREE             2    23     7    87 2423566.86389 -17.52  -1.21
g 1923 05 27 08 44 00  93202           2     7     2     6  26.50 327.50  47.10 305.00 0.8030 0 0
s 1923 05 27 08 44 00  93202     1     2     7     2     6  26.50 327.50  47.10 305.00 0.8030 0 0
g 1923 05 27 08 44 00   9500           0    16     5    81   9.60 196.80 -83.60  80.30 0.9950 1 0
s 1923 05 27 08 44 00   9500     1     0    16     5    81   9.60 196.80 -83.60  80.30 0.9950 1 0
d 1923 05 28 08 29 01 GREE            11    70    17   108 2423567.85348 -17.18  -1.09
g 1923 05 28 08 29 01   9500          11    70    17   108   9.40 196.90 -70.40  79.60 0.9460 1 0
s 1923 05 28 08 29 01   9500     1    11    70    17   108   9.40 196.90 -70.40  79.60 0.9460 1 0
d 1923 05 29 10 07 01 GREE            16   100    15    93 2423568.92154 -16.80  -0.97
g 1923 05 29 10 07 01   9500          16   100    15    93   9.40 196.70 -56.50  78.20 0.8430 1 0
s 1923 05 29 10 07 01   9500     1    16   100    15    93   9.40 196.70 -56.50  78.20 0.8430 1 0
d 1923 05 30 13 27 01 GREE            19   111    13    75 2423570.06043 -16.39  -0.83
g 1923 05 30 13 27 01   9500          19   111    13    75   9.50 197.20 -40.90  74.80 0.6710 1 0
s 1923 05 30 13 27 01   9500     1    19   111    13    75   9.50 197.20 -40.90  74.80 0.6710 1 0
d 1923 05 31 11 00 01 GREE            17    82    10    48 2423570.95834 -16.06  -0.72
g 1923 05 31 11 00 01   9500          17    82    10    48   9.50 197.30 -29.00  69.90 0.5120 1 0
s 1923 05 31 11 00 01   9500     1    17    82    10    48   9.50 197.30 -29.00  69.90 0.5120 1 0
d 1923 06 01 02 49 01 GREE            22    56    13    34 2423571.61737 -15.82  -0.64
g 1923 06 01 02 49 01   9500          20    47    11    26   9.50 197.10 -20.40  63.00 0.3870 1 0
s 1923 06 01 02 49 01   9500     1    20    47    11    26   9.50 197.10 -20.40  63.00 0.3870 1 0
g 1923 06 01 02 49 01   9501           2     9     2     8  -6.40 164.50 -53.00  97.60 0.8030 2 4
s 1923 06 01 02 49 01   9501     1     2     9     2     8  -6.40 164.50 -53.00  97.60 0.8030 2 4
d 1923 06 02 08 05 00 GREE            28    97    18    60 2423572.83681 -15.36  -0.50
g 1923 06 02 08 05 00  93203           1     7     1     4  10.10 190.10 -11.30  46.40 0.2670 0 0
s 1923 06 02 08 05 00  93203     1     1     7     1     4  10.10 190.10 -11.30  46.40 0.2670 0 0
g 1923 06 02 08 05 00   9500           3     7     2     4   9.10 197.00  -4.40  24.20 0.1840 1 0
s 1923 06 02 08 05 00   9500     1     3     7     2     4   9.10 197.00  -4.40  24.20 0.1840 1 0
g 1923 06 02 08 05 00   9501          24    83    15    52  -6.90 165.50 -35.90 101.10 0.5950 2 4
s 1923 06 02 08 05 00   9501     1    24    83    15    52  -6.90 165.50 -35.90 101.10 0.5950 2 4
d 1923 06 03 09 30 00 GREE            20    54    11    31 2423573.89583 -14.96  -0.37
g 1923 06 03 09 30 00  93204           0     5     0     4  10.80 141.00 -46.40  74.80 0.7390 0 0
s 1923 06 03 09 30 00  93204     1     0     5     0     4  10.80 141.00 -46.40  74.80 0.7390 0 0
g 1923 06 03 09 30 00   9501          20    49    11    27  -7.10 165.90 -21.50 107.80 0.3840 2 4
s 1923 06 03 09 30 00   9501     1    20    49    11    27  -7.10 165.90 -21.50 107.80 0.3840 2 4
d 1923 06 04 08 55 01 GREE             0     7     0     4 2423574.87154 -14.59  -0.25
g 1923 06 04 08 55 01   9501           0     7     0     4  -7.00 163.30 -11.20 121.70 0.2270 2 4
s 1923 06 04 08 55 01   9501     1     0     7     0     4  -7.00 163.30 -11.20 121.70 0.2270 2 4
d 1923 06 05 13 53 01 GREE             0     5     0     3 2423576.07848 -14.12  -0.10
g 1923 06 05 13 53 01  93205           0     5     0     3  -6.30 174.90  16.40 249.10 0.3020 0 0
s 1923 06 05 13 53 01  93205     1     0     5     0     3  -6.30 174.90  16.40 249.10 0.3020 0 0
d 1923 06 06 05 32 01 GREE             0     0     0     0 2423576.73057 -13.86  -0.03
d 1923 06 07 10 59 01 GREE             0     0     0     0 2423577.95765 -13.38   0.12
d 1923 06 08 09 53 00 GREE             0     0     0     0 2423578.91181 -12.99   0.24
d 1923 06 09 02 45 01 GREE             0     0     0     0 2423579.61459 -12.71   0.32
d 1923 06 10 13 43 01 GREE             0     0     0     0 2423581.07154 -12.11   0.50
d 1923 06 11 08 25 00 GREE             0     0     0     0 2423581.85069 -11.79   0.59
d 1923 06 12 08 52 01 GREE             0     0     0     0 2423582.86946 -11.37   0.71
d 1923 06 13 08 47 00 GREE             0     0     0     0 2423583.86597 -10.95   0.83
d 1923 06 14 08 25 00 GREE             0     0     0     0 2423584.85069 -10.53   0.95
d 1923 06 15 08 54 00 GREE             0     0     0     0 2423585.87083 -10.10   1.07
d 1923 06 16 08 21 00 GREE             0     0     0     0 2423586.84792  -9.68   1.19
d 1923 06 17 07 52 00 GREE             0     0     0     0 2423587.82778  -9.25   1.31
d 1923 06 18 08 26 01 GREE             8    49     6    34 2423588.85140  -8.81   1.43
g 1923 06 18 08 26 01   9502           8    49     6    34  -3.30 306.80 -42.60  96.40 0.6830 2 2
s 1923 06 18 08 26 01   9502     1     8    49     6    34  -3.30 306.80 -42.60  96.40 0.6830 2 2
d 1923 06 19 08 34 00 GREE            17    98    10    57 2423589.85694  -8.37   1.55
g 1923 06 19 08 34 00   9502          17    98    10    57  -3.40 306.30 -29.80  99.40 0.5050 2 2
s 1923 06 19 08 34 00   9502     1    17    98    10    57  -3.40 306.30 -29.80  99.40 0.5050 2 2
d 1923 06 20 10 46 01 GREE            19    50    10    26 2423590.94862  -7.89   1.67
g 1923 06 20 10 46 01   9502          19    50    10    26  -3.30 307.00 -14.70 109.00 0.2690 2 2
s 1923 06 20 10 46 01   9502     1    19    50    10    26  -3.30 307.00 -14.70 109.00 0.2690 2 2
d 1923 06 21 08 29 01 GREE            19    69    10    39 2423591.85348  -7.49   1.78
g 1923 06 21 08 29 01  93301           0     6     0     7  29.90  10.40  60.70 302.70 0.9000 0 0
s 1923 06 21 08 29 01  93301     1     0     6     0     7  29.90  10.40  60.70 302.70 0.9000 0 0
g 1923 06 21 08 29 01   9502          19    63    10    32  -3.20 307.60  -2.10 156.70 0.0950 2 2
s 1923 06 21 08 29 01   9502     1    19    63    10    32  -3.20 307.60  -2.10 156.70 0.0950 2 2
d 1923 06 22 12 25 01 GREE            15    88     8    46 2423593.01737  -6.97   1.92
g 1923 06 22 12 25 01   9502          15    88     8    46  -3.10 308.30  14.00 250.60 0.2580 2 2
s 1923 06 22 12 25 01   9502     1    15    88     8    46  -3.10 308.30  14.00 250.60 0.2580 2 2
d 1923 06 23 08 25 00 GREE            12    41     7    23 2423593.85069  -6.60   2.01
g 1923 06 23 08 25 00   9502          12    41     7    23  -2.80 309.30  26.00 259.60 0.4470 2 0
s 1923 06 23 08 25 00   9502     1    12    41     7    23  -2.80 309.30  26.00 259.60 0.4470 2 0
d 1923 06 24 10 43 01 GREE             5    27     4    18 2423594.94654  -6.11   2.14
g 1923 06 24 10 43 01  93302           0     5     0     3   7.20 280.60  11.90 294.00 0.2230 0 0
s 1923 06 24 10 43 01  93302     1     0     5     0     3   7.20 280.60  11.90 294.00 0.2230 0 0
g 1923 06 24 10 43 01   9502           5    22     4    15  -2.80 310.30  41.50 263.50 0.6690 2 0
s 1923 06 24 10 43 01   9502     1     5    22     4    15  -2.80 310.30  41.50 263.50 0.6690 2 0
d 1923 06 25 10 03 00 GREE            72   309    54   228 2423595.91875  -5.67   2.25
g 1923 06 25 10 03 00   9502           7    14     7    13  -2.60 311.20  55.30 265.30 0.8260 2 0
s 1923 06 25 10 03 00   9502     1     7    14     7    13  -2.60 311.20  55.30 265.30 0.8260 2 0
g 1923 06 25 10 03 00   9503          22   112    20   101   3.90 312.00  56.10 273.20 0.8320 2 9
s 1923 06 25 10 03 00   9503     1    22   112    20   101   3.90 312.00  56.10 273.20 0.8320 2 9
g 1923 06 25 10 03 00   9504          43   183    27   114   8.00 220.10 -35.80  79.40 0.5910 2 1
s 1923 06 25 10 03 00   9504     1    43   183    27   114   8.00 220.10 -35.80  79.40 0.5910 2 1
d 1923 06 26 15 17 00 GREE            66   376    49   293 2423597.13681  -5.12   2.39
g 1923 06 26 15 17 00   9503          10    69    19   129   4.10 314.00  74.20 273.60 0.9630 2 9
s 1923 06 26 15 17 00   9503     1    10    69    19   129   4.10 314.00  74.20 273.60 0.9630 2 9
g 1923 06 26 15 17 00   9504          56   307    30   164   8.30 220.40 -19.40  72.10 0.3470 2 1
s 1923 06 26 15 17 00   9504     1    56   307    30   164   8.30 220.40 -19.40  72.10 0.3470 2 1
d 1923 06 27 10 14 01 GREE            60   331    31   169 2423597.92640  -4.77   2.48
g 1923 06 27 10 14 01   9504          60   331    31   169   8.50 219.70  -9.60  57.60 0.1970 2 1
s 1923 06 27 10 14 01   9504     1    60   331    31   169   8.50 219.70  -9.60  57.60 0.1970 2 1
d 1923 06 28 10 19 00 GREE            67   259    34   131 2423598.92986  -4.31   2.59
g 1923 06 28 10 19 00   9504          67   259    34   131   8.30 220.60   4.60 321.10 0.1280 2 1
s 1923 06 28 10 19 00   9504     1    67   259    34   131   8.30 220.60   4.60 321.10 0.1280 2 1
d 1923 06 29 09 05 01 GREE           178   767    93   400 2423599.87848  -3.88   2.70
g 1923 06 29 09 05 01   9504         178   767    93   400   8.30 218.80  15.30 290.90 0.2810 2 7
s 1923 06 29 09 05 01   9504     1   178   767    93   400   8.30 218.80  15.30 290.90 0.2810 2 7
d 1923 06 30 08 28 00 GREE           150  1067    86   611 2423600.85278  -3.44   2.81
g 1923 06 30 08 28 00   9504         150  1067    86   611   8.50 219.20  28.60 282.40 0.4870 2 7
s 1923 06 30 08 28 00   9504     1   150  1067    86   611   8.50 219.20  28.60 282.40 0.4870 2 7
d 1923 07 01 02 34 00 GREE            99   782    65   509 2423601.60694  -3.09   2.89
g 1923 07 01 02 34 00   9504          99   782    65   509   8.50 220.00  39.40 279.90 0.6400 2 1
s 1923 07 01 02 34 00   9504     1    99   782    65   509   8.50 220.00  39.40 279.90 0.6400 2 1
d 1923 07 02 12 23 00 GREE            26   169    26   166 2423603.01597  -2.45   3.05
g 1923 07 02 12 23 00   9504          26   169    26   166   8.50 221.10  59.20 278.10 0.8600 2 1
s 1923 07 02 12 23 00   9504     1    26   169    26   166   8.50 221.10  59.20 278.10 0.8600 2 1
d 1923 07 03 08 52 01 GREE            10    39    17    65 2423603.86946  -2.06   3.14
g 1923 07 03 08 52 01   9504          10    39    17    65   8.10 223.00  72.40 277.50 0.9530 2 1
s 1923 07 03 08 52 01   9504     1    10    39    17    65   8.10 223.00  72.40 277.50 0.9530 2 1
d 1923 07 04 08 13 01 GREE             0     0     0     0 2423604.84237  -1.62   3.24
d 1923 07 05 10 52 00 GREE             0     0     0     0 2423605.95278  -1.11   3.36
d 1923 07 06 08 09 01 GREE             0     0     0     0 2423606.83959  -0.71   3.46
d 1923 07 07 10 09 00 GREE             0     0     0     0 2423607.92292  -0.21   3.57
d 1923 07 08 11 24 00 GREE             0     0     0     0 2423608.97500   0.26   3.68
d 1923 07 09 08 34 00 GREE             0     0     0     0 2423609.85694   0.66   3.77
d 1923 07 10 10 40 01 GREE             0     0     0     0 2423610.94446   1.16   3.88
d 1923 07 11 08 54 00 GREE             1     5     1     5 2423611.87083   1.58   3.98
g 1923 07 11 08 54 00  93303           1     5     1     5   6.20 345.30 -59.40  85.10 0.8610 0 0
s 1923 07 11 08 54 00  93303     1     1     5     1     5   6.20 345.30 -59.40  85.10 0.8610 0 0
d 1923 07 12 08 24 00 GREE             0     0     0     0 2423612.85000   2.02   4.07
d 1923 07 13 08 22 01 GREE             0     0     0     0 2423613.84862   2.47   4.17
d 1923 07 14 08 47 00 GREE             0     0     0     0 2423614.86597   2.93   4.27
d 1923 07 15 08 08 00 GREE             0     0     0     0 2423615.83889   3.36   4.37
d 1923 07 16 13 40 01 GREE             0     0     0     0 2423617.06946   3.91   4.49
d 1923 07 17 10 33 01 GREE             0     0     0     0 2423617.93959   4.30   4.57
d 1923 07 18 08 25 00 GREE             0     0     0     0 2423618.85069   4.70   4.65
d 1923 07 19 08 05 00 GREE             0     0     0     0 2423619.83681   5.13   4.74
d 1923 07 20 10 22 00 GREE             0     0     0     0 2423620.93194   5.61   4.84
d 1923 07 21 08 24 00 GREE             0     0     0     0 2423621.85000   6.01   4.92
d 1923 07 22 09 23 00 GREE            10    43     6    24 2423622.89097   6.47   5.02
g 1923 07 22 09 23 00   9505          10    43     6    24   7.20 233.40 -25.50  83.70 0.4320 1 1
s 1923 07 22 09 23 00   9505     1    10    43     6    24   7.20 233.40 -25.50  83.70 0.4320 1 1
d 1923 07 23 09 23 00 GREE             9    23     5    12 2423623.89097   6.90   5.10
g 1923 07 23 09 23 00   9505           9    23     5    12   6.90 235.40 -10.30  79.70 0.1820 1 0
s 1923 07 23 09 23 00   9505     1     9    23     5    12   6.90 235.40 -10.30  79.70 0.1820 1 0
d 1923 07 24 08 47 00 GREE             5    15     3     8 2423624.86597   7.31   5.19
g 1923 07 24 08 47 00   9505           5    15     3     8   6.90 236.90   4.10 293.60 0.0780 1 0
s 1923 07 24 08 47 00   9505     1     5    15     3     8   6.90 236.90   4.10 293.60 0.0780 1 0
d 1923 07 25 07 48 00 GREE             7    17     4     9 2423625.82500   7.72   5.27
g 1923 07 25 07 48 00   9505           7    17     4     9   7.20 238.00  17.90 276.90 0.3090 1 0
s 1923 07 25 07 48 00   9505     1     7    17     4     9   7.20 238.00  17.90 276.90 0.3090 1 0
d 1923 07 26 08 15 00 GREE             3     6     2     4 2423626.84375   8.15   5.35
g 1923 07 26 08 15 00   9505           3     6     2     4   7.40 238.80  32.20 275.20 0.5320 1 0
s 1923 07 26 08 15 00   9505     1     3     6     2     4   7.40 238.80  32.20 275.20 0.5320 1 0
d 1923 07 27 09 12 01 GREE             1     5     1     3 2423627.88334   8.59   5.43
g 1923 07 27 09 12 01   9506           1     5     1     3   3.10 202.90  10.00 256.90 0.1790 2 9
s 1923 07 27 09 12 01   9506     1     1     5     1     3   3.10 202.90  10.00 256.90 0.1790 2 9
d 1923 07 28 12 17 00 GREE             1     5     1     3 2423629.01181   9.06   5.52
g 1923 07 28 12 17 00   9506           1     5     1     3   4.60 203.30  25.30 269.10 0.4280 2 9
s 1923 07 28 12 17 00   9506     1     1     5     1     3   4.60 203.30  25.30 269.10 0.4280 2 9
d 1923 07 29 07 53 01 GREE            19    41    12    26 2423629.82848   9.40   5.59
g 1923 07 29 07 53 01   9506          19    41    12    26   5.00 204.40  37.20 270.90 0.6050 2 9
s 1923 07 29 07 53 01   9506     1    19    41    12    26   5.00 204.40  37.20 270.90 0.6050 2 9
d 1923 07 30 10 48 00 GREE             9    42    14    57 2423630.95000   9.86   5.67
g 1923 07 30 10 48 00   9506           4    19     4    16   4.80 204.80  52.50 271.70 0.7930 2 9
s 1923 07 30 10 48 00   9506     1     4    19     4    16   4.80 204.80  52.50 271.70 0.7930 2 9
g 1923 07 30 10 48 00   9507           5    23    10    41 -25.80  84.20 -68.10 119.20 0.9580 2 0
s 1923 07 30 10 48 00   9507     1     5    23    10    41 -25.80  84.20 -68.10 119.20 0.9580 2 0
d 1923 07 31 12 46 00 GREE             5    15     7    18 2423632.03194  10.30   5.75
g 1923 07 31 12 46 00   9506           1     6     2     8   4.30 203.50  65.50 272.10 0.9100 2 9
s 1923 07 31 12 46 00   9506     1     1     6     2     8   4.30 203.50  65.50 272.10 0.9100 2 9
g 1923 07 31 12 46 00   9507           4     9     5    10 -25.90  83.70 -54.30 123.70 0.8800 2 0
s 1923 07 31 12 46 00   9507     1     4     9     5    10 -25.90  83.70 -54.30 123.70 0.8800 2 0
d 1923 08 01 08 29 01 GREE             2     8     2     7 2423632.85348  10.63   5.81
g 1923 08 01 08 29 01   9507           2     8     2     7 -26.30  83.30 -43.80 129.20 0.8030 2 0
s 1923 08 01 08 29 01   9507     1     2     8     2     7 -26.30  83.30 -43.80 129.20 0.8030 2 0
d 1923 08 02 08 41 00 GREE             0     0     0     0 2423633.86181  11.03   5.88
d 1923 08 03 09 18 01 GREE             1    27     1    17 2423634.88751  11.44   5.96
g 1923 08 03 09 18 01   9507           1    27     1    17 -26.10  84.30 -15.90 155.10 0.5850 2 0
s 1923 08 03 09 18 01   9507     1     1    27     1    17 -26.10  84.30 -15.90 155.10 0.5850 2 0
d 1923 08 04 08 24 00 GREE             1     5     1     3 2423635.85000  11.82   6.02
g 1923 08 04 08 24 00   9507           1     5     1     3 -26.10  84.30  -3.20 174.60 0.5360 2 0
s 1923 08 04 08 24 00   9507     1     1     5     1     3 -26.10  84.30  -3.20 174.60 0.5360 2 0
d 1923 08 05 07 50 01 GREE             0     0     0     0 2423636.82640  12.20   6.09
d 1923 08 06 08 00 01 GREE             0     0     0     0 2423637.83334  12.59   6.15
d 1923 08 07 08 19 01 GREE             0     7     0     6 2423638.84654  12.97   6.22
g 1923 08 07 08 19 01  93401           0     7     0     6 -26.20  90.40  42.60 229.90 0.7950 0 0
s 1923 08 07 08 19 01  93401     1     0     7     0     6 -26.20  90.40  42.60 229.90 0.7950 0 0
d 1923 08 08 08 18 00 GREE             0     0     0     0 2423639.84583  13.35   6.28
d 1923 08 09 08 15 00 GREE             0     0     0     0 2423640.84375  13.72   6.34
d 1923 08 10 10 26 00 GREE             0     0     0     0 2423641.93472  14.12   6.40
d 1923 08 11 08 28 00 GREE             0     0     0     0 2423642.85278  14.46   6.45
d 1923 08 12 09 07 00 GREE             0     0     0     0 2423643.87986  14.83   6.51
d 1923 08 13 08 22 01 GREE             0     0     0     0 2423644.84862  15.17   6.56
d 1923 08 14 08 08 00 GREE             0     0     0     0 2423645.83889  15.52   6.61
d 1923 08 15 11 38 00 GREE             0     0     0     0 2423646.98472  15.92   6.67
d 1923 08 16 11 41 00 GREE             3    23     2    12 2423647.98681  16.26   6.71
g 1923 08 16 11 41 00  93501           3    23     2    12  15.60 272.90 -14.10  56.50 0.2850 0 0
s 1923 08 16 11 41 00  93501     1     3    23     2    12  15.60 272.90 -14.10  56.50 0.2850 0 0
d 1923 08 17 02 48 00 GREE             0     0     0     0 2423648.61667  16.47   6.74
d 1923 08 18 09 21 01 GREE             0     0     0     0 2423649.88959  16.90   6.80
d 1923 08 19 09 37 00 GREE             0     0     0     0 2423650.90069  17.23   6.84
d 1923 08 20 08 22 01 GREE             2    11     2     7 2423651.84862  17.54   6.88
g 1923 08 20 08 22 01  93502           1     5     1     3  31.50 240.00   4.00 351.90 0.4220 0 0
s 1923 08 20 08 22 01  93502     1     1     5     1     3  31.50 240.00   4.00 351.90 0.4220 0 0
g 1923 08 20 08 22 01  93503           1     6     1     4 -27.90 235.70  -0.30 179.50 0.5730 0 0
s 1923 08 20 08 22 01  93503     1     1     6     1     4 -27.90 235.70  -0.30 179.50 0.5730 0 0
d 1923 08 21 15 38 01 GREE             0     3     0     2 2423653.15140  17.95   6.93
g 1923 08 21 15 38 01  93504           0     3     0     2  33.90 232.90  14.10 336.20 0.5020 0 0
s 1923 08 21 15 38 01  93504     1     0     3     0     2  33.90 232.90  14.10 336.20 0.5020 0 0
d 1923 08 22 08 15 00 GREE             0     0     0     0 2423653.84375  18.17   6.95
d 1923 08 23 08 15 00 GREE             0     0     0     0 2423654.84375  18.48   6.98
d 1923 08 24 10 55 00 GREE             0     0     0     0 2423655.95486  18.81   7.02
d 1923 08 25 08 13 01 GREE             0     0     0     0 2423656.84237  19.08   7.05
d 1923 08 26 13 43 01 GREE             0     0     0     0 2423658.07154  19.44   7.08
d 1923 08 27 08 52 01 GREE             0     0     0     0 2423658.86946  19.67   7.10
d 1923 08 28 13 16 00 GREE             0     0     0     0 2423660.05278  20.00   7.13
d 1923 08 29 08 36 01 GREE             0     0     0     0 2423660.85834  20.22   7.15
d 1923 08 30 08 25 00 GREE             0     0     0     0 2423661.85069  20.49   7.17
d 1923 08 31 09 11 01 GREE             0     0     0     0 2423662.88265  20.77   7.18
d 1923 09 01 09 07 00 GREE            19    66    17    57 2423663.87986  21.03   7.20
g 1923 09 01 09 07 00   9508          19    66    17    57 -28.90  34.90 -42.20 133.60 0.8150 2 4
s 1923 09 01 09 07 00   9508     1    19    66    17    57 -28.90  34.90 -42.20 133.60 0.8150 2 4
d 1923 09 02 08 02 00 GREE            37   101    26    71 2423664.83472  21.27   7.21
g 1923 09 02 08 02 00   9508          37   101    26    71 -28.30  37.20 -27.20 144.70 0.6990 2 4
s 1923 09 02 08 02 00   9508     1    37   101    26    71 -28.30  37.20 -27.20 144.70 0.6990 2 4
d 1923 09 03 08 38 00 GREE            95   346    60   218 2423665.85972  21.53   7.22
g 1923 09 03 08 38 00   9508          95   346    60   218 -28.00  38.30 -12.60 161.40 0.6070 2 4
s 1923 09 03 08 38 00   9508     1    95   346    60   218 -28.00  38.30 -12.60 161.40 0.6070 2 4
d 1923 09 04 12 12 01 GREE            90   453    55   277 2423667.00834  21.81   7.23
g 1923 09 04 12 12 01   9508          90   453    55   277 -27.60  38.30   2.60 184.00 0.5740 2 4
s 1923 09 04 12 12 01   9508     1    90   453    55   277 -27.60  38.30   2.60 184.00 0.5740 2 4
d 1923 09 05 10 45 00 GREE            71   361    45   228 2423667.94792  22.03   7.24
g 1923 09 05 10 45 00   9508          71   361    45   228 -27.20  38.50  15.20 202.60 0.6100 2 4
s 1923 09 05 10 45 00   9508     1    71   361    45   228 -27.20  38.50  15.20 202.60 0.6100 2 4
d 1923 09 06 13 24 01 GREE            46   256    33   183 2423669.05834  22.29   7.25
g 1923 09 06 13 24 01   9508          46   256    33   183 -27.10  39.30  30.60 219.70 0.7130 2 4
s 1923 09 06 13 24 01   9508     1    46   256    33   183 -27.10  39.30  30.60 219.70 0.7130 2 4
d 1923 09 07 14 57 00 GREE            28   234    27   223 2423670.12292  22.53   7.25
g 1923 09 07 14 57 00   9508          27   217    24   192 -27.10  39.40  44.80 229.80 0.8240 2 4
s 1923 09 07 14 57 00   9508     1    27   217    24   192 -27.10  39.40  44.80 229.80 0.8240 2 4
g 1923 09 07 14 57 00   9509           1    17     3    31  22.70 280.20 -74.40  68.50 0.9570 2 8
s 1923 09 07 14 57 00   9509     1     1    17     3    31  22.70 280.20 -74.40  68.50 0.9570 2 8
d 1923 09 08 10 26 00 GREE            47   301    48   315 2423670.93472  22.71   7.25
g 1923 09 08 10 26 00  93601           8    17     5    10 -23.70 340.00  -3.80 173.20 0.5160 0 0
s 1923 09 08 10 26 00  93601     1     8    17     5    10 -23.70 340.00  -3.80 173.20 0.5160 0 0
g 1923 09 08 10 26 00   9508          19   152    22   171 -27.00  39.00  55.10 234.90 0.8950 2 4
s 1923 09 08 10 26 00   9508     1    19   152    22   171 -27.00  39.00  55.10 234.90 0.8950 2 4
g 1923 09 08 10 26 00   9509          20   132    21   134  22.00 283.40 -60.50  68.70 0.8690 2 8
s 1923 09 08 10 26 00   9509     1    20   132    21   134  22.00 283.40 -60.50  68.70 0.8690 2 8
d 1923 09 09 08 42 01 GREE            45   285    51   300 2423671.86251  22.91   7.25
g 1923 09 09 08 42 01   9508          15    83    28   148 -26.90  38.70  67.10 239.10 0.9590 2 4
s 1923 09 09 08 42 01   9508     1    15    83    28   148 -26.90  38.70  67.10 239.10 0.9590 2 4
g 1923 09 09 08 42 01   9509          30   202    23   152  21.80 283.90 -47.70  67.10 0.7470 2 8
s 1923 09 09 08 42 01   9509     1    30   202    23   152  21.80 283.90 -47.70  67.10 0.7470 2 8
d 1923 09 10 13 39 00 GREE            62   267    37   158 2423673.06875  23.16   7.25
g 1923 09 10 13 39 00   9509          62   267    37   158  21.60 286.00 -29.70  60.20 0.5330 2 8
s 1923 09 10 13 39 00   9509     1    62   267    37   158  21.60 286.00 -29.70  60.20 0.5330 2 8
d 1923 09 11 12 07 00 GREE            40   213    22   115 2423674.00486  23.35   7.24
g 1923 09 11 12 07 00   9509          40   213    22   115  21.80 287.00 -16.30  45.40 0.3680 2 0
s 1923 09 11 12 07 00   9509     1    40   213    22   115  21.80 287.00 -16.30  45.40 0.3680 2 0
d 1923 09 12 08 34 00 GREE            44   187    23    97 2423674.85694  23.52   7.23
g 1923 09 12 08 34 00   9509          44   187    23    97  21.90 287.50  -4.60  16.30 0.2660 2 0
s 1923 09 12 08 34 00   9509     1    44   187    23    97  21.90 287.50  -4.60  16.30 0.2660 2 0
d 1923 09 13 08 38 00 GREE            36   213    19   111 2423675.85972  23.71   7.22
g 1923 09 13 08 38 00   9509          36   213    19   111  21.80 286.20   7.40 334.70 0.2810 2 0
s 1923 09 13 08 38 00   9509     1    36   213    19   111  21.80 286.20   7.40 334.70 0.2810 2 0
d 1923 09 14 10 17 01 GREE            27   192    15   106 2423676.92848  23.91   7.21
g 1923 09 14 10 17 01   9509          27   192    15   106  21.70 285.00  20.30 308.70 0.4140 2 0
s 1923 09 14 10 17 01   9509     1    27   192    15   106  21.70 285.00  20.30 308.70 0.4140 2 0
d 1923 09 15 08 52 01 GREE            26   185    16   112 2423677.86946  24.08   7.20
g 1923 09 15 08 52 01   9509          26   185    16   112  21.80 284.20  31.90 298.70 0.5620 2 0
s 1923 09 15 08 52 01   9509     1    26   185    16   112  21.80 284.20  31.90 298.70 0.5620 2 0
d 1923 09 16 08 36 01 GREE            17   112    13    83 2423678.85834  24.25   7.18
g 1923 09 16 08 36 01   9509          17   112    13    83  21.70 285.70  46.40 293.00 0.7330 2 0
s 1923 09 16 08 36 01   9509     1    17   112    13    83  21.70 285.70  46.40 293.00 0.7330 2 0
d 1923 09 17 09 30 00 GREE             7    70     8    72 2423679.89583  24.42   7.16
g 1923 09 17 09 30 00   9509           7    70     8    72  21.60 286.40  60.80 290.80 0.8700 2 0
s 1923 09 17 09 30 00   9509     1     7    70     8    72  21.60 286.40  60.80 290.80 0.8700 2 0
d 1923 09 18 09 30 00 GREE            14    49    17    54 2423680.89583  24.58   7.14
g 1923 09 18 09 30 00   9509           7    24    13    41  21.50 286.00  73.60 290.40 0.9550 2 0
s 1923 09 18 09 30 00   9509     1     7    24    13    41  21.50 286.00  73.60 290.40 0.9550 2 0
g 1923 09 18 09 30 00   9510           7    25     4    13   8.90 228.20  15.80 277.80 0.2720 1 0
s 1923 09 18 09 30 00   9510     1     7    25     4    13   8.90 228.20  15.80 277.80 0.2720 1 0
d 1923 09 19 09 34 01 GREE             1    17     1    10 2423681.89862  24.74   7.12
g 1923 09 19 09 34 01   9510           1    17     1    10   8.80 228.70  29.60 275.40 0.4920 1 0
s 1923 09 19 09 34 01   9510     1     1    17     1    10   8.80 228.70  29.60 275.40 0.4920 1 0
d 1923 09 20 09 33 00 GREE             0     0     0     0 2423682.89792  24.88   7.10
d 1923 09 21 14 44 00 GREE             0     0     0     0 2423684.11389  25.05   7.07
d 1923 09 22 09 20 00 GREE             0     0     0     0 2423684.88889  25.16   7.04
d 1923 09 23 11 45 01 GREE             0     0     0     0 2423685.98959  25.30   7.01
d 1923 09 24 09 31 01 GREE             5    21    14    53 2423686.89654  25.41   6.98
g 1923 09 24 09 31 01   9511           5    21    14    53 -17.70  58.10 -75.00 109.80 0.9790 2 7
s 1923 09 24 09 31 01   9511     1     5    21    14    53 -17.70  58.10 -75.00 109.80 0.9790 2 7
d 1923 09 25 09 28 01 GREE            32   200    40   247 2423687.89446  25.52   6.95
g 1923 09 25 09 28 01   9511          32   200    40   247 -17.40  58.10 -61.90 112.60 0.9140 2 7
s 1923 09 25 09 28 01   9511     1    32   200    40   247 -17.40  58.10 -61.90 112.60 0.9140 2 7
d 1923 09 26 08 34 00 GREE            52   291    45   251 2423688.85694  25.63   6.91
g 1923 09 26 08 34 00   9511          52   291    45   251 -17.00  58.00 -49.30 116.70 0.8140 2 7
s 1923 09 26 08 34 00   9511     1    52   291    45   251 -17.00  58.00 -49.30 116.70 0.8140 2 7
d 1923 09 27 13 52 00 GREE            54   285    36   188 2423690.07778  25.75   6.86
g 1923 09 27 13 52 00   9511          54   285    36   188 -17.10  58.30 -32.90 126.80 0.6500 2 7
s 1923 09 27 13 52 00   9511     1    54   285    36   188 -17.10  58.30 -32.90 126.80 0.6500 2 7
d 1923 09 28 09 34 01 GREE            52   269    33   164 2423690.89862  25.83   6.83
g 1923 09 28 09 34 01   9511          47   250    28   147 -17.20  59.70 -20.60 140.00 0.5240 2 7
s 1923 09 28 09 34 01   9511     1    47   250    28   147 -17.20  59.70 -20.60 140.00 0.5240 2 7
g 1923 09 28 09 34 01   9512           5    19     5    17 -27.70  35.00 -45.30 130.40 0.8290 2 9
s 1923 09 28 09 34 01   9512     1     5    19     5    17 -27.70  35.00 -45.30 130.40 0.8290 2 9
d 1923 09 29 03 18 01 GREE            48   304    27   172 2423691.63751  25.89   6.80
g 1923 09 29 03 18 01   9511          48   291    27   162 -16.80  59.90 -10.70 155.90 0.4380 2 0
s 1923 09 29 03 18 01   9511     1    48   291    27   162 -16.80  59.90 -10.70 155.90 0.4380 2 0
g 1923 09 29 03 18 01   9512           0    13     0    10 -26.40  35.00 -35.60 135.30 0.7440 2 9
s 1923 09 29 03 18 01   9512     1     0    13     0    10 -26.40  35.00 -35.60 135.30 0.7440 2 9
d 1923 09 30 15 28 01 GREE            54   304    30   168 2423693.14446  26.01   6.73
g 1923 09 30 15 28 01   9511          54   304    30   168 -16.80  59.10   8.40 199.40 0.4250 2 7
s 1923 09 30 15 28 01   9511     1    54   304    30   168 -16.80  59.10   8.40 199.40 0.4250 2 7
d 1923 10 01 02 39 01 GREE            60   309    34   175 2423693.61043  26.05   6.71
g 1923 10 01 02 39 01   9511          60   309    34   175 -16.70  59.30  14.80 212.00 0.4650 2 0
s 1923 10 01 02 39 01   9511     1    60   309    34   175 -16.70  59.30  14.80 212.00 0.4650 2 0
d 1923 10 02 09 56 00 GREE            59   257    38   166 2423694.91389  26.14   6.65
g 1923 10 02 09 56 00   9511          59   257    38   166 -16.60  58.90  31.50 233.00 0.6300 2 0
s 1923 10 02 09 56 00   9511     1    59   257    38   166 -16.60  58.90  31.50 233.00 0.6300 2 0
d 1923 10 03 03 44 01 GREE            38   213    28   156 2423695.65557  26.18   6.61
g 1923 10 03 03 44 01   9511          38   213    28   156 -16.20  58.70  41.10 240.20 0.7300 2 0
s 1923 10 03 03 44 01   9511     1    38   213    28   156 -16.20  58.70  41.10 240.20 0.7300 2 0
d 1923 10 04 12 18 01 GREE            28   131    32   146 2423697.01251  26.25   6.54
g 1923 10 04 12 18 01   9511          28   131    32   146 -16.80  58.70  59.00 247.30 0.8920 2 0
s 1923 10 04 12 18 01   9511     1    28   131    32   146 -16.80  58.70  59.00 247.30 0.8920 2 0
d 1923 10 05 07 55 00 GREE            21    96    37   166 2423697.82986  26.29   6.49
g 1923 10 05 07 55 00  93701           0     4     0     6  27.70 281.60 -67.20  62.60 0.9220 0 0
s 1923 10 05 07 55 00  93701     1     0     4     0     6  27.70 281.60 -67.20  62.60 0.9220 0 0
g 1923 10 05 07 55 00   9511          21    92    37   160 -16.70  58.80  69.90 250.30 0.9570 2 0
s 1923 10 05 07 55 00   9511     1    21    92    37   160 -16.70  58.80  69.90 250.30 0.9570 2 0
d 1923 10 06 07 45 00 GREE             2    23    30   264 2423698.82292  26.33   6.44
g 1923 10 06 07 45 00   9511           2    23    30   264 -17.10  60.90  85.10 252.50 0.9990 2 0
s 1923 10 06 07 45 00   9511     1     2    23    30   264 -17.10  60.90  85.10 252.50 0.9990 2 0
d 1923 10 07 11 05 00 GREE             0     0     0     0 2423699.96181  26.37   6.37
d 1923 10 08 13 12 00 GREE             0     0     0     0 2423701.05000  26.39   6.30
d 1923 10 09 11 02 00 GREE            11    75    18   124 2423701.95972  26.41   6.25
g 1923 10 09 11 02 00   9513          11    75    18   124   3.50 222.20 -72.20  88.40 0.9520 1 0
s 1923 10 09 11 02 00   9513     1    11    75    18   124   3.50 222.20 -72.20  88.40 0.9520 1 0
d 1923 10 10 08 19 01 GREE            19   105    20   107 2423702.84654  26.41   6.19
g 1923 10 10 08 19 01   9513          19   105    20   107   3.40 222.30 -60.40  89.60 0.8700 1 0
s 1923 10 10 08 19 01   9513     1    19   105    20   107   3.40 222.30 -60.40  89.60 0.8700 1 0
d 1923 10 11 07 55 00 GREE            25   141    19   104 2423703.82986  26.42   6.12
g 1923 10 11 07 55 00   9513          25   141    19   104   3.60 222.70 -47.00  90.90 0.7330 1 0
s 1923 10 11 07 55 00   9513     1    25   141    19   104   3.60 222.70 -47.00  90.90 0.7330 1 0
d 1923 10 12 07 52 00 GREE            38   180    23   108 2423704.82778  26.41   6.06
g 1923 10 12 07 52 00   9513          38   180    23   108   3.60 223.20 -33.40  92.60 0.5520 1 0
s 1923 10 12 07 52 00   9513     1    38   180    23   108   3.60 223.20 -33.40  92.60 0.5520 1 0
d 1923 10 13 09 34 01 GREE            32   185    17    98 2423705.89862  26.40   5.98
g 1923 10 13 09 34 01   9513          32   185    17    98   3.70 223.60 -18.80  96.00 0.3250 1 0
s 1923 10 13 09 34 01   9513     1    32   185    17    98   3.70 223.60 -18.80  96.00 0.3250 1 0
d 1923 10 14 10 20 01 GREE            33   167    17    84 2423706.93057  26.38   5.91
g 1923 10 14 10 20 01   9513          33   167    17    84   3.60 224.00  -4.80 115.10 0.0930 1 0
s 1923 10 14 10 20 01   9513     1    33   167    17    84   3.60 224.00  -4.80 115.10 0.0930 1 0
d 1923 10 15 09 25 01 GREE            33   178    17    90 2423707.89237  26.35   5.84
g 1923 10 15 09 25 01   9513          33   178    17    90   3.60 224.20   8.10 255.00 0.1470 1 1
s 1923 10 15 09 25 01   9513     1    33   178    17    90   3.60 224.20   8.10 255.00 0.1470 1 1
d 1923 10 16 10 46 01 GREE            35   147    19    80 2423708.94862  26.31   5.76
g 1923 10 16 10 46 01  93702           0     3     0     2   7.20 215.30  13.10 276.80 0.2280 0 0
s 1923 10 16 10 46 01  93702     1     0     3     0     2   7.20 215.30  13.10 276.80 0.2280 0 0
g 1923 10 16 10 46 01   9513          35   144    19    78   3.40 223.90  21.70 264.50 0.3730 1 1
s 1923 10 16 10 46 01   9513     1    35   144    19    78   3.40 223.90  21.70 264.50 0.3730 1 1
d 1923 10 17 09 56 00 GREE            16    95    10    58 2423709.91389  26.27   5.68
g 1923 10 17 09 56 00   9513          16    95    10    58   3.30 224.30  34.80 267.50 0.5730 1 1
s 1923 10 17 09 56 00   9513     1    16    95    10    58   3.30 224.30  34.80 267.50 0.5730 1 1
d 1923 10 18 08 35 01 GREE             9    42     7    31 2423710.85765  26.22   5.61
g 1923 10 18 08 35 01   9513           9    42     7    31   3.50 224.10  47.10 269.50 0.7330 1 1
s 1923 10 18 08 35 01   9513     1     9    42     7    31   3.50 224.10  47.10 269.50 0.7330 1 1
d 1923 10 19 08 18 00 GREE             7    28     7    28 2423711.84583  26.17   5.53
g 1923 10 19 08 18 00   9513           7    28     7    28   3.60 223.50  59.50 271.00 0.8620 1 1
s 1923 10 19 08 18 00   9513     1     7    28     7    28   3.60 223.50  59.50 271.00 0.8620 1 1
d 1923 10 20 10 16 00 GREE             2    16     4    28 2423712.92778  26.10   5.44
g 1923 10 20 10 16 00   9513           2    16     4    28   3.60 222.70  73.00 272.20 0.9560 1 1
s 1923 10 20 10 16 00   9513     1     2    16     4    28   3.60 222.70  73.00 272.20 0.9560 1 1
d 1923 10 21 08 44 00 GREE             4    18    12    55 2423713.86389  26.03   5.36
g 1923 10 21 08 44 00   9514           4    18    12    55 -17.00  59.40 -78.00 108.30 0.9860 1 0
s 1923 10 21 08 44 00   9514     1     4    18    12    55 -17.00  59.40 -78.00 108.30 0.9860 1 0
d 1923 10 22 09 30 00 GREE            25   109    21    85 2423714.89583  25.94   5.27
g 1923 10 22 09 30 00   9514           8    27    11    37 -17.10  58.90 -64.90 110.90 0.9280 1 0
s 1923 10 22 09 30 00   9514     1     8    27    11    37 -17.10  58.90 -64.90 110.90 0.9280 1 0
g 1923 10 22 09 30 00   9515          17    82    10    48  -5.30  94.60 -29.20 109.50 0.5180 2 5
s 1923 10 22 09 30 00   9515     1    17    82    10    48  -5.30  94.60 -29.20 109.50 0.5180 2 5
d 1923 10 23 04 58 00 GREE            56   490    35   292 2423715.70694  25.87   5.20
g 1923 10 23 04 58 00   9514          10    68    10    66 -16.90  58.40 -54.70 113.50 0.8540 1 0
s 1923 10 23 04 58 00   9514     1    10    68    10    66 -16.90  58.40 -54.70 113.50 0.8540 1 0
g 1923 10 23 04 58 00   9515          46   422    25   226  -5.30  95.30 -17.80 120.40 0.3540 2 5
s 1923 10 23 04 58 00   9515     1    46   422    25   226  -5.30  95.30 -17.80 120.40 0.3540 2 5
d 1923 10 24 09 30 00 GREE           125   584    67   312 2423716.89583  25.76   5.10
g 1923 10 24 09 30 00  93703           1     4     1     3 -22.40 131.80  34.50 229.40 0.6900 0 0
s 1923 10 24 09 30 00  93703     1     1     4     1     3 -22.40 131.80  34.50 229.40 0.6900 0 0
g 1923 10 24 09 30 00   9514          11    66     8    47 -16.90  58.20 -39.20 120.40 0.7040 1 0
s 1923 10 24 09 30 00   9514     1    11    66     8    47 -16.90  58.20 -39.20 120.40 0.7040 1 0
g 1923 10 24 09 30 00   9515         113   514    58   262  -5.50  95.20  -2.20 168.50 0.1890 2 5
s 1923 10 24 09 30 00   9515     1   113   514    58   262  -5.50  95.20  -2.20 168.50 0.1890 2 5
d 1923 10 25 09 30 00 GREE            93   550    50   292 2423717.89583  25.65   5.01
g 1923 10 25 09 30 00   9514          18    71    11    43 -17.00  58.00 -26.20 130.90 0.5610 1 0
s 1923 10 25 09 30 00   9514     1    18    71    11    43 -17.00  58.00 -26.20 130.90 0.5610 1 0
g 1923 10 25 09 30 00   9515          75   479    39   249  -5.60  95.50  11.30 226.70 0.2680 2 5
s 1923 10 25 09 30 00   9515     1    75   479    39   249  -5.60  95.50  11.30 226.70 0.2680 2 5
d 1923 10 26 09 38 01 GREE            95   380    54   214 2423718.90140  25.54   4.91
g 1923 10 26 09 38 01   9514          30    77    17    43 -17.10  57.90 -13.00 149.90 0.4320 1 0
s 1923 10 26 09 38 01   9514     1    30    77    17    43 -17.10  57.90 -13.00 149.90 0.4320 1 0
g 1923 10 26 09 38 01   9515          65   303    37   171  -5.90  96.20  25.30 247.10 0.4630 2 5
s 1923 10 26 09 38 01   9515     1    65   303    37   171  -5.90  96.20  25.30 247.10 0.4630 2 5
d 1923 10 27 11 18 00 GREE            43   249    27   159 2423719.97083  25.41   4.81
g 1923 10 27 11 18 00   9514          18    55    10    30 -17.00  57.40   0.60 181.50 0.3730 1 0
s 1923 10 27 11 18 00   9514     1    18    55    10    30 -17.00  57.40   0.60 181.50 0.3730 1 0
g 1923 10 27 11 18 00   9515          25   194    17   129  -6.20  96.20  39.40 254.80 0.6570 2 5
s 1923 10 27 11 18 00   9515     1    25   194    17   129  -6.20  96.20  39.40 254.80 0.6570 2 5
d 1923 10 28 11 26 01 GREE            25   121    20    91 2423720.97640  25.28   4.72
g 1923 10 28 11 26 01   9514          10    57     6    32 -17.00  57.20  13.60 211.50 0.4330 1 0
s 1923 10 28 11 26 01   9514     1    10    57     6    32 -17.00  57.20  13.60 211.50 0.4330 1 0
g 1923 10 28 11 26 01   9515          15    64    14    59  -7.00  99.20  55.60 258.40 0.8380 2 5
s 1923 10 28 11 26 01   9515     1    15    64    14    59  -7.00  99.20  55.60 258.40 0.8380 2 5
d 1923 10 29 11 31 00 GREE            13    45    12    40 2423721.97986  25.15   4.62
g 1923 10 29 11 31 00   9514           9    31     6    19 -16.90  56.90  26.60 230.00 0.5610 1 0
s 1923 10 29 11 31 00   9514     1     9    31     6    19 -16.90  56.90  26.60 230.00 0.5610 1 0
g 1923 10 29 11 31 00   9515           4    14     6    21  -6.40  99.00  68.70 261.40 0.9380 2 5
s 1923 10 29 11 31 00   9515     1     4    14     6    21  -6.40  99.00  68.70 261.40 0.9380 2 5
d 1923 10 30 08 38 00 GREE            13    24     9    17 2423722.85972  25.02   4.54
g 1923 10 30 08 38 00   9514          13    24     9    17 -17.00  56.90  38.20 239.40 0.6890 1 0
s 1923 10 30 08 38 00   9514     1    13    24     9    17 -17.00  56.90  38.20 239.40 0.6890 1 0
d 1923 10 31 14 18 00 GREE            23    85    18    62 2423724.09583  24.83   4.41
g 1923 10 31 14 18 00   9514           5    11     5    11 -16.90  56.30  53.90 246.70 0.8440 1 0
s 1923 10 31 14 18 00   9514     1     5    11     5    11 -16.90  56.30  53.90 246.70 0.8440 1 0
g 1923 10 31 14 18 00   9516          18    74    13    51 -28.30 333.60 -28.80 141.50 0.6830 2 8
s 1923 10 31 14 18 00   9516     1    18    74    13    51 -28.30 333.60 -28.80 141.50 0.6830 2 8
d 1923 11 01 09 27 00 GREE            33   275    22   180 2423724.89375  24.70   4.33
g 1923 11 01 09 27 00   9514           0    11     1    14 -16.50  55.60  63.70 249.90 0.9170 1 0
s 1923 11 01 09 27 00   9514     1     0    11     1    14 -16.50  55.60  63.70 249.90 0.9170 1 0
g 1923 11 01 09 27 00   9516          33   264    21   166 -28.30 333.90 -18.00 153.10 0.6040 2 8
s 1923 11 01 09 27 00   9516     1    33   264    21   166 -28.30 333.90 -18.00 153.10 0.6040 2 8
d 1923 11 02 10 30 01 GREE           100   424    60   254 2423725.93751  24.53   4.22
g 1923 11 02 10 30 01   9516         100   424    60   254 -28.70 332.90  -5.20 171.70 0.5500 2 8
s 1923 11 02 10 30 01   9516     1   100   424    60   254 -28.70 332.90  -5.20 171.70 0.5500 2 8
d 1923 11 03 14 49 01 GREE            70   443    43   269 2423727.11737  24.32   4.10
g 1923 11 03 14 49 01   9516          70   443    43   269 -29.00 332.10   9.50 194.90 0.5660 2 8
s 1923 11 03 14 49 01   9516     1    70   443    43   269 -29.00 332.10   9.50 194.90 0.5660 2 8
d 1923 11 04 09 38 01 GREE            63   364    66   412 2423727.90140  24.18   4.02
g 1923 11 04 09 38 01   9516          53   288    34   184 -28.30 333.20  20.90 210.60 0.6200 2 8
s 1923 11 04 09 38 01   9516     1    53   288    34   184 -28.30 333.20  20.90 210.60 0.6200 2 8
g 1923 11 04 09 38 01   9517          10    76    32   228  30.00 231.50 -80.80  60.20 0.9860 2 1
s 1923 11 04 09 38 01   9517     1    10    76    32   228  30.00 231.50 -80.80  60.20 0.9860 2 1
d 1923 11 05 11 29 01 GREE            46   346    54   388 2423728.97848  23.97   3.91
g 1923 11 05 11 29 01   9516          12   114     9    84 -28.70 333.10  35.10 223.70 0.7330 2 8
s 1923 11 05 11 29 01   9516     1    12   114     9    84 -28.70 333.10  35.10 223.70 0.7330 2 8
g 1923 11 05 11 29 01   9517          34   232    45   304  29.80 232.00 -66.00  59.30 0.9240 2 1
s 1923 11 05 11 29 01   9517     1    34   232    45   304  29.80 232.00 -66.00  59.30 0.9240 2 1
d 1923 11 06 12 17 00 GREE            49   329    44   290 2423730.01181  23.76   3.80
g 1923 11 06 12 17 00   9516           5    14     5    14 -27.70 334.60  50.20 233.60 0.8470 2 7
s 1923 11 06 12 17 00   9516     1     5    14     5    14 -27.70 334.60  50.20 233.60 0.8470 2 7
g 1923 11 06 12 17 00   9517          44   315    39   276  29.50 233.10 -51.30  56.20 0.8200 2 1
s 1923 11 06 12 17 00   9517     1    44   315    39   276  29.50 233.10 -51.30  56.20 0.8200 2 1
d 1923 11 07 11 19 01 GREE            52   280    37   197 2423730.97154  23.56   3.69
g 1923 11 07 11 19 01   9517          52   280    37   197  29.10 233.40 -38.40  50.90 0.7020 2 1
s 1923 11 07 11 19 01   9517     1    52   280    37   197  29.10 233.40 -38.40  50.90 0.7020 2 1
d 1923 11 08 10 55 00 GREE            63   283    39   173 2423731.95486  23.35   3.58
g 1923 11 08 10 55 00   9517          63   283    39   173  29.00 233.60 -25.20  40.60 0.5740 2 1
s 1923 11 08 10 55 00   9517     1    63   283    39   173  29.00 233.60 -25.20  40.60 0.5740 2 1
d 1923 11 09 10 33 01 GREE            40   334    23   189 2423732.93959  23.13   3.47
g 1923 11 09 10 33 01   9517          40   334    23   189  28.90 233.80 -12.00  22.90 0.4680 2 1
s 1923 11 09 10 33 01   9517     1    40   334    23   189  28.90 233.80 -12.00  22.90 0.4680 2 1
d 1923 11 10 10 48 00 GREE            48   378    27   211 2423733.95000  22.90   3.36
g 1923 11 10 10 48 00   9517          48   378    27   211  29.60 234.30   1.80 356.50 0.4440 2 1
s 1923 11 10 10 48 00   9517     1    48   378    27   211  29.60 234.30   1.80 356.50 0.4440 2 1
d 1923 11 11 10 26 00 GREE            31   350    18   201 2423734.93472  22.67   3.25
g 1923 11 11 10 26 00   9517          31   350    18   201  29.50 233.20  13.70 335.00 0.4910 2 1
s 1923 11 11 10 26 00   9517     1    31   350    18   201  29.50 233.20  13.70 335.00 0.4910 2 1
d 1923 11 12 09 25 01 GREE            27   253    17   158 2423735.89237  22.43   3.14
g 1923 11 12 09 25 01   9517          27   253    17   158  29.80 233.40  26.50 319.60 0.5990 2 1
s 1923 11 12 09 25 01   9517     1    27   253    17   158  29.80 233.40  26.50 319.60 0.5990 2 1
d 1923 11 13 06 10 00 GREE            18   123    13    88 2423736.75694  22.21   3.04
g 1923 11 13 06 10 00   9517          18   123    13    88  30.10 234.00  38.40 310.80 0.7130 2 1
s 1923 11 13 06 10 00   9517     1    18   123    13    88  30.10 234.00  38.40 310.80 0.7130 2 1
d 1923 11 14 11 34 00 GREE            18    73    17    68 2423737.98194  21.89   2.90
g 1923 11 14 11 34 00   9517          18    73    17    68  30.00 232.50  53.10 304.30 0.8400 2 1
s 1923 11 14 11 34 00   9517     1    18    73    17    68  30.00 232.50  53.10 304.30 0.8400 2 1
d 1923 11 15 08 28 00 GREE             5    50     7    63 2423738.85278  21.66   2.80
g 1923 11 15 08 28 00   9517           5    50     7    63  30.10 231.60  63.70 301.90 0.9150 2 1
s 1923 11 15 08 28 00   9517     1     5    50     7    63  30.10 231.60  63.70 301.90 0.9150 2 1
d 1923 11 16 11 41 00 GREE             2    16     7    41 2423739.98681  21.34   2.66
g 1923 11 16 11 41 00   9517           2    16     7    41  29.90 230.80  77.90 300.00 0.9790 2 1
s 1923 11 16 11 41 00   9517     1     2    16     7    41  29.90 230.80  77.90 300.00 0.9790 2 1
d 1923 11 17 09 46 00 GREE             0     0     0     0 2423740.90694  21.08   2.55
d 1923 11 18 08 44 00 GREE             0     0     0     0 2423741.86389  20.80   2.44
d 1923 11 19 07 27 01 GREE             0     0     0     0 2423742.81043  20.52   2.33
d 1923 11 20 08 28 00 GREE             0     0     0     0 2423743.85278  20.20   2.20
d 1923 11 21 07 45 00 GREE             0     0     0     0 2423744.82292  19.90   2.08
d 1923 11 22 11 55 01 GREE             0     0     0     0 2423745.99654  19.52   1.94
d 1923 11 23 12 05 01 GREE             0     0     0     0 2423747.00348  19.19   1.81
d 1923 11 24 08 39 01 GREE             3    27     8    57 2423747.86043  18.91   1.71
g 1923 11 24 08 39 01   9518           3    27     8    57 -22.80 335.50 -73.60 114.10 0.9700 1 0
s 1923 11 24 08 39 01   9518     1     3    27     8    57 -22.80 335.50 -73.60 114.10 0.9700 1 0
d 1923 11 25 08 48 00 GREE            15    64    17    73 2423748.86667  18.56   1.58
g 1923 11 25 08 48 00   9518          15    64    17    73 -22.50 335.50 -60.40 116.20 0.8970 1 0
s 1923 11 25 08 48 00   9518     1    15    64    17    73 -22.50 335.50 -60.40 116.20 0.8970 1 0
d 1923 11 26 12 47 01 GREE            15    47    12    37 2423750.03265  18.16   1.44
g 1923 11 26 12 47 01   9518          15    47    12    37 -22.60 335.50 -45.00 121.50 0.7680 1 0
s 1923 11 26 12 47 01   9518     1    15    47    12    37 -22.60 335.50 -45.00 121.50 0.7680 1 0
d 1923 11 27 12 23 00 GREE            12    30     8    20 2423751.01597  17.81   1.31
g 1923 11 27 12 23 00   9518          12    30     8    20 -22.70 335.80 -31.70 129.70 0.6330 1 1
s 1923 11 27 12 23 00   9518     1    12    30     8    20 -22.70 335.80 -31.70 129.70 0.6330 1 1
d 1923 11 28 07 24 01 GREE             6    11     4     7 2423751.80834  17.52   1.21
g 1923 11 28 07 24 01   9518           6    11     4     7 -22.50 336.60 -20.50 141.10 0.5180 1 0
s 1923 11 28 07 24 01   9518     1     6    11     4     7 -22.50 336.60 -20.50 141.10 0.5180 1 0
d 1923 11 29 07 35 00 GREE             3     9     2     5 2423752.81597  17.15   1.09
g 1923 11 29 07 35 00   9518           3     9     2     5 -22.70 336.50  -7.30 163.70 0.4210 1 0
s 1923 11 29 07 35 00   9518     1     3     9     2     5 -22.70 336.50  -7.30 163.70 0.4210 1 0
d 1923 11 30 11 44 00 GREE             0     0     0     0 2423753.98889  16.71   0.94
d 1923 12 01 10 26 00 GREE             0     0     0     0 2423754.93472  16.35   0.82
d 1923 12 02 08 26 01 GREE             0     0     0     0 2423755.85140  16.00   0.70
d 1923 12 03 08 15 00 GREE             0     2     0     2 2423756.84375  15.61   0.57
g 1923 12 03 08 15 00  93901           0     2     0     2 -20.80 334.60  43.90 240.80 0.7450 0 0
s 1923 12 03 08 15 00  93901     1     0     2     0     2 -20.80 334.60  43.90 240.80 0.7450 0 0
d 1923 12 04 07 49 00 GREE             0     0     0     0 2423757.82569  15.22   0.45
d 1923 12 05 07 23 01 GREE             0     0     0     0 2423758.80765  14.82   0.32
d 1923 12 06 12 33 00 GREE             0     0     0     0 2423760.02292  14.32   0.17
d 1923 12 07 07 35 00 GREE             0     0     0     0 2423760.81597  13.99   0.07
d 1923 12 08 07 59 01 GREE             0     0     0     0 2423761.83265  13.57  -0.06
d 1923 12 09 11 22 01 GREE             0     0     0     0 2423762.97362  13.08  -0.21
d 1923 12 10 07 55 00 GREE             0     0     0     0 2423763.82986  12.72  -0.32
d 1923 12 11 09 46 00 GREE             0     0     0     0 2423764.90694  12.25  -0.46
d 1923 12 12 08 13 01 GREE             0     0     0     0 2423765.84237  11.84  -0.58
d 1923 12 13 08 11 00 GREE             0     0     0     0 2423766.84097  11.40  -0.71
d 1923 12 14 12 12 01 GREE             0     0     0     0 2423768.00834  10.87  -0.85
d 1923 12 15 13 22 00 GREE             0     0     0     0 2423769.05694  10.40  -0.99
d 1923 12 16 11 48 00 GREE             0     0     0     0 2423769.99167   9.97  -1.11
d 1923 12 17 08 51 00 GREE             0     0     0     0 2423770.86875   9.57  -1.22
d 1923 12 18 11 25 00 GREE             0     4     1     5 2423771.97569   9.06  -1.36
g 1923 12 18 11 25 00   9519           0     4     1     5  29.30  31.60 -59.80  56.50 0.9060 2 0
s 1923 12 18 11 25 00   9519     1     0     4     1     5  29.30  31.60 -59.80  56.50 0.9060 2 0
d 1923 12 19 08 12 00 GREE             2     6     2     6 2423772.84167   8.66  -1.47
g 1923 12 19 08 12 00   9519           2     6     2     6  29.50  29.00 -51.00  53.10 0.8470 2 7
s 1923 12 19 08 12 00   9519     1     2     6     2     6  29.50  29.00 -51.00  53.10 0.8470 2 7
d 1923 12 20 10 30 01 GREE            35   100    26    73 2423773.93751   8.15  -1.61
g 1923 12 20 10 30 01   9519          35   100    26    73  29.30  29.40 -36.10  45.30 0.7250 2 7
s 1923 12 20 10 30 01   9519     1    35   100    26    73  29.30  29.40 -36.10  45.30 0.7250 2 7
d 1923 12 21 07 27 01 GREE            50   255    32   161 2423774.81043   7.73  -1.71
g 1923 12 21 07 27 01   9519          50   255    32   161  28.70  31.30 -22.70  33.80 0.6100 2 7
s 1923 12 21 07 27 01   9519     1    50   255    32   161  28.70  31.30 -22.70  33.80 0.6100 2 7
d 1923 12 22 10 56 01 GREE            37   269    22   157 2423775.95557   7.19  -1.86
g 1923 12 22 10 56 01   9519          37   269    22   157  28.30  32.70  -6.20  10.80 0.5130 2 7
s 1923 12 22 10 56 01   9519     1    37   269    22   157  28.30  32.70  -6.20  10.80 0.5130 2 7
d 1923 12 23 11 25 00 GREE            46   268    27   156 2423776.97569   6.71  -1.98
g 1923 12 23 11 25 00   9519          46   268    27   156  27.80  33.10   7.60 346.70 0.5120 2 7
s 1923 12 23 11 25 00   9519     1    46   268    27   156  27.80  33.10   7.60 346.70 0.5120 2 7
d 1923 12 24 08 08 00 GREE            22   152    14    93 2423777.83889   6.30  -2.09
g 1923 12 24 08 08 00   9519          22   152    14    93  27.70  32.70  18.60 330.30 0.5730 2 5
s 1923 12 24 08 08 00   9519     1    22   152    14    93  27.70  32.70  18.60 330.30 0.5730 2 5
d 1923 12 25 11 11 00 GREE            13    61     9    42 2423778.96597   5.75  -2.23
g 1923 12 25 11 11 00   9519          10    43     7    30  26.90  32.40  33.10 314.60 0.6870 2 5
s 1923 12 25 11 11 00   9519     1    10    43     7    30  26.90  32.40  33.10 314.60 0.6870 2 5
g 1923 12 25 11 11 00   9520           3    18     2    12  28.50 332.10 -27.20  38.40 0.6480 5 3
s 1923 12 25 11 11 00   9520     1     3    18     2    12  28.50 332.10 -27.20  38.40 0.6480 5 3
d 1923 12 26 08 32 01 GREE            10    36     8    28 2423779.85557   5.33  -2.34
g 1923 12 26 08 32 01   9519           7    28     6    23  28.00  31.70  44.10 308.90 0.7920 2 5
s 1923 12 26 08 32 01   9519     1     7    28     6    23  28.00  31.70  44.10 308.90 0.7920 2 5
g 1923 12 26 08 32 01   9520           3     8     2     5  27.30 333.00 -14.60  24.50 0.5440 3 0
s 1923 12 26 08 32 01   9520     1     3     8     2     5  27.30 333.00 -14.60  24.50 0.5440 3 0
d 1923 12 27 08 39 01 GREE             8    48    10    52 2423780.86043   4.84  -2.46
g 1923 12 27 08 39 01   9519           7    43     9    49  28.60  32.40  58.10 303.70 0.8980 2 5
s 1923 12 27 08 39 01   9519     1     7    43     9    49  28.60  32.40  58.10 303.70 0.8980 2 5
g 1923 12 27 08 39 01   9520           1     5     1     3  26.50 332.30  -2.00   3.60 0.4870 5 0
s 1923 12 27 08 39 01   9520     1     1     5     1     3  26.50 332.30  -2.00   3.60 0.4870 5 0
d 1923 12 28 07 52 00 GREE             2    14     5    25 2423781.82778   4.37  -2.58
g 1923 12 28 07 52 00   9519           2    14     5    25  28.20  31.20  69.60 300.50 0.9600 2 5
s 1923 12 28 07 52 00   9519     1     2    14     5    25  28.20  31.20  69.60 300.50 0.9600 2 5
d 1923 12 29 08 13 01 GREE             0     0     0     0 2423782.84237   3.88  -2.70
d 1923 12 30 07 52 00 GREE             0     0     0     0 2423783.82778   3.40  -2.81
d 1923 12 31 07 59 01 GREE             0     0     0     0 2423784.83265   2.91  -2.93
