d 1911 01 02 03 38 01 GREE             0     0     0     0 2419038.65140   1.94  -3.18
d 1911 01 03 10 48 00 GREE            14    37    42   139 2419039.95000   1.31  -3.33
g 1911 01 03 10 48 00   6921          14    37    42   139  -4.40 188.10 -80.70  96.80 0.9910 0 9
s 1911 01 03 10 48 00   6921     1    14    37    42   139  -4.40 188.10 -80.70  96.80 0.9910 0 9
d 1911 01 04 09 24 00 GREE            40   134    53   179 2419040.89167   0.85  -3.44
g 1911 01 04 09 24 00   6921          40   134    53   179  -4.30 188.20 -68.20  93.30 0.9290 0 9
s 1911 01 04 09 24 00   6921     1    40   134    53   179  -4.30 188.20 -68.20  93.30 0.9290 0 9
d 1911 01 05 13 03 00 GREE            60   179    51   150 2419042.04375   0.28  -3.57
g 1911 01 05 13 03 00   6921          60   179    51   150  -4.70 187.70 -53.50  93.10 0.8040 0 9
s 1911 01 05 13 03 00   6921     1    60   179    51   150  -4.70 187.70 -53.50  93.10 0.8040 0 9
d 1911 01 06 06 57 01 GREE            31   122    22    86 2419042.78959  -0.08  -3.65
g 1911 01 06 06 57 01   6921          31   122    22    86  -4.30 186.80 -44.60  92.40 0.7020 0 9
s 1911 01 06 06 57 01   6921     1    31   122    22    86  -4.30 186.80 -44.60  92.40 0.7020 0 9
d 1911 01 07 09 38 01 GREE            33   225    19   129 2419043.90140  -0.62  -3.78
g 1911 01 07 09 38 01   6921          33   225    19   129  -4.20 187.40 -29.40  91.80 0.4910 0 9
s 1911 01 07 09 38 01   6921     1    33   225    19   129  -4.20 187.40 -29.40  91.80 0.4910 0 9
d 1911 01 08 08 55 01 GREE            28   187    15    98 2419044.87154  -1.09  -3.88
g 1911 01 08 08 55 01   6921          28   187    15    98  -4.40 187.00 -17.00  92.40 0.2920 0 9
s 1911 01 08 08 55 01   6921     1    28   187    15    98  -4.40 187.00 -17.00  92.40 0.2920 0 9
d 1911 01 09 10 23 01 GREE            40   195    21   103 2419045.93265  -1.61  -4.00
g 1911 01 09 10 23 01   6921          40   195    21   103  -4.50 186.30  -3.70  97.80 0.0650 0 9
s 1911 01 09 10 23 01   6921     1    40   195    21   103  -4.50 186.30  -3.70  97.80 0.0650 0 9
d 1911 01 10 12 38 01 GREE            42   191    21    96 2419047.02640  -2.13  -4.12
g 1911 01 10 12 38 01   6921          42   191    21    96  -4.20 187.40  11.80 269.20 0.2040 0 9
s 1911 01 10 12 38 01   6921     1    42   191    21    96  -4.20 187.40  11.80 269.20 0.2040 0 9
d 1911 01 11 10 36 00 GREE            27   133    15    73 2419047.94167  -2.57  -4.21
g 1911 01 11 10 36 00   6921          27   133    15    73  -4.60 187.30  23.70 268.10 0.4020 0 9
s 1911 01 11 10 36 00   6921     1    27   133    15    73  -4.60 187.30  23.70 268.10 0.4020 0 9
d 1911 01 12 10 29 00 GREE            12    90     8    57 2419048.93681  -3.05  -4.32
g 1911 01 12 10 29 00   6921          12    90     8    57  -4.70 187.80  37.30 267.90 0.6060 0 9
s 1911 01 12 10 29 00   6921     1    12    90     8    57  -4.70 187.80  37.30 267.90 0.6060 0 9
d 1911 01 13 04 12 00 GREE            18    82    14    61 2419049.67500  -3.41  -4.39
g 1911 01 13 04 12 00   6921          18    82    14    61  -4.50 188.20  47.40 267.90 0.7370 0 9
s 1911 01 13 04 12 00   6921     1    18    82    14    61  -4.50 188.20  47.40 267.90 0.7370 0 9
d 1911 01 14 09 10 00 GREE             3    29     4    32 2419050.88194  -3.98  -4.51
g 1911 01 14 09 10 00   6921           3    29     4    32  -4.70 187.80  62.90 267.00 0.8910 0 9
s 1911 01 14 09 10 00   6921     1     3    29     4    32  -4.70 187.80  62.90 267.00 0.8910 0 9
d 1911 01 15 13 27 01 GREE             0     0     0     0 2419052.06043  -4.54  -4.63
d 1911 01 16 13 27 01 GREE             0     0     0     0 2419053.06043  -5.01  -4.73
d 1911 01 17 07 43 01 GREE             0     0     0     0 2419053.82154  -5.37  -4.80
d 1911 01 18 10 23 01 GREE             0     0     0     0 2419054.93265  -5.88  -4.91
d 1911 01 19 12 46 00 GREE             0     0     0     0 2419056.03194  -6.39  -5.01
d 1911 01 20 13 26 00 GREE             0     0     0     0 2419057.05972  -6.87  -5.11
d 1911 01 21 03 11 01 GREE             0     0     0     0 2419057.63265  -7.13  -5.16
d 1911 01 22 08 48 00 GREE             0     0     0     0 2419058.86667  -7.69  -5.27
d 1911 01 23 13 32 00 GREE             0     0     0     0 2419060.06389  -8.23  -5.38
d 1911 01 24 12 12 01 GREE             0     0     0     0 2419061.00834  -8.65  -5.46
d 1911 01 25 12 47 01 GREE             0     0     0     0 2419062.03265  -9.11  -5.54
d 1911 01 26 12 40 00 GREE             0     0     0     0 2419063.02778  -9.54  -5.62
d 1911 01 27 04 07 01 GREE             0     0     0     0 2419063.67154  -9.82  -5.68
d 1911 01 28 10 29 00 GREE             0     0     0     0 2419064.93681 -10.37  -5.78
d 1911 01 29 08 09 01 GREE             0     0     0     0 2419065.83959 -10.76  -5.85
d 1911 01 30 14 39 01 GREE             0    13     0    14 2419067.11043 -11.30  -5.94
g 1911 01 30 14 39 01   6922           0    13     0    14 -20.00 226.80 -44.40 112.30 0.7140 0 9
s 1911 01 30 14 39 01   6922     1     0    13     0    14 -20.00 226.80 -44.40 112.30 0.7140 0 9
d 1911 01 31 10 33 01 GREE             0     0     0     0 2419067.93959 -11.64  -6.00
d 1911 02 01 11 41 00 GREE             0    14     0     9 2419068.98681 -12.08  -6.08
g 1911 02 01 11 41 00   6922           0    14     0     9 -19.50 226.60 -19.90 126.40 0.4010 0 9
s 1911 02 01 11 41 00   6922     1     0    14     0     9 -19.50 226.60 -19.90 126.40 0.4010 0 9
d 1911 02 02 09 46 00 GREE             0     0     0     0 2419069.90694 -12.46  -6.14
d 1911 02 03 10 07 01 GREE             0     0     0     0 2419070.92154 -12.87  -6.21
d 1911 02 04 10 24 01 GREE             0     0     0     0 2419071.93334 -13.27  -6.27
d 1911 02 05 08 45 01 GREE             0     0     0     0 2419072.86459 -13.64  -6.33
d 1911 02 06 10 43 01 GREE             0     0     0     0 2419073.94654 -14.06  -6.40
d 1911 02 07 10 43 01 GREE             0     0     0     0 2419074.94654 -14.45  -6.46
d 1911 02 08 12 50 00 GREE             0     0     0     0 2419076.03472 -14.86  -6.52
d 1911 02 09 10 26 00 GREE             0    25     0    79 2419076.93472 -15.20  -6.57
g 1911 02 09 10 26 00   6924           0    17     0    11  -0.80 189.20  47.40 274.90 0.7440 0 9
s 1911 02 09 10 26 00   6924     1     0    17     0    11  -0.80 189.20  47.40 274.90 0.7440 0 9
g 1911 02 09 10 26 00   6925           0     8     0    68 -11.20  59.10 -82.70 102.90 0.9980 0 0
s 1911 02 09 10 26 00   6925     1     0     8     0    68 -11.20  59.10 -82.70 102.90 0.9980 0 0
d 1911 02 10 10 35 00 GREE            16   116    20   157 2419077.94097 -15.58  -6.62
g 1911 02 10 10 35 00   6924           2    22     1    16  -1.60 188.80  60.20 271.90 0.8740 0 9
s 1911 02 10 10 35 00   6924     1     2    22     1    16  -1.60 188.80  60.20 271.90 0.8740 0 9
g 1911 02 10 10 35 00   6925          12    68    18   102 -11.30  58.30 -70.30  99.70 0.9430 0 0
s 1911 02 10 10 35 00   6925     1    12    68    18   102 -11.30  58.30 -70.30  99.70 0.9430 0 0
g 1911 02 10 10 35 00   6926           2     9     1     5 -13.70 165.80  37.20 256.10 0.6090 0 9
s 1911 02 10 10 35 00   6926     1     2     9     1     5 -13.70 165.80  37.20 256.10 0.6090 0 9
g 1911 02 10 10 35 00   6927           0    17     0    34 -13.20  51.60 -77.00 102.00 0.9700 0 8
s 1911 02 10 10 35 00   6927     1     0    17     0    34 -13.20  51.60 -77.00 102.00 0.9700 0 8
d 1911 02 11 12 33 00 GREE            31   206    29   190 2419079.02292 -15.97  -6.68
g 1911 02 11 12 33 00   6925          26   148    24   135 -11.40  57.20 -57.10  99.30 0.8360 0 0
s 1911 02 11 12 33 00   6925     1    26   148    24   135 -11.40  57.20 -57.10  99.30 0.8360 0 0
g 1911 02 11 12 33 00   6926           5    56     5    48 -13.00 168.60  54.30 258.80 0.8120 0 9
s 1911 02 11 12 33 00   6926     1     5    56     5    48 -13.00 168.60  54.30 258.80 0.8120 0 9
g 1911 02 11 12 33 00   6927           0     2     0     7 -13.30  48.20 -66.10 101.60 0.9150 0 8
s 1911 02 11 12 33 00   6927     1     0     2     0     7 -13.30  48.20 -66.10 101.60 0.9150 0 8
d 1911 02 12 14 15 00 GREE            51   326    37   249 2419080.09375 -16.36  -6.73
g 1911 02 12 14 15 00   6925          38   211    26   143 -11.60  57.60 -42.60  99.80 0.6750 0 0
s 1911 02 12 14 15 00   6925     1    38   211    26   143 -11.60  57.60 -42.60  99.80 0.6750 0 0
g 1911 02 12 14 15 00   6926           0    34     0    40 -13.80 165.10  64.90 257.90 0.9060 0 9
s 1911 02 12 14 15 00   6926     1     0    34     0    40 -13.80 165.10  64.90 257.90 0.9060 0 9
g 1911 02 12 14 15 00   6927          13    81    11    66 -14.00  48.20 -52.00 102.50 0.7890 0 8
s 1911 02 12 14 15 00   6927     1    13    81    11    66 -14.00  48.20 -52.00 102.50 0.7890 0 8
d 1911 02 13 12 37 00 GREE            52   243    32   147 2419081.02569 -16.68  -6.77
g 1911 02 13 12 37 00   6925          24   132    14    76 -11.30  58.40 -29.60 100.90 0.4970 0 0
s 1911 02 13 12 37 00   6925     1    24   132    14    76 -11.30  58.40 -29.60 100.90 0.4970 0 0
g 1911 02 13 12 37 00   6927          28   111    18    71 -13.30  49.70 -38.30 102.90 0.6230 0 8
s 1911 02 13 12 37 00   6927     1    28   111    18    71 -13.30  49.70 -38.30 102.90 0.6230 0 8
d 1911 02 14 10 33 01 GREE            96   364    53   200 2419081.93959 -17.00  -6.82
g 1911 02 14 10 33 01   6925          30   125    16    66 -11.30  58.40 -17.50 105.70 0.3080 0 1
s 1911 02 14 10 33 01   6925     1    30   125    16    66 -11.30  58.40 -17.50 105.70 0.3080 0 1
g 1911 02 14 10 33 01   6927          66   239    37   134 -13.50  49.80 -26.10 106.60 0.4500 0 8
s 1911 02 14 10 33 01   6927     1    66   239    37   134 -13.50  49.80 -26.10 106.60 0.4500 0 8
d 1911 02 15 11 24 00 GREE            78   283    42   155 2419082.97500 -17.36  -6.86
g 1911 02 15 11 24 00   6925          38   145    20    77 -11.80  57.30  -5.00 135.20 0.1220 0 1
s 1911 02 15 11 24 00   6925     1    38   145    20    77 -11.80  57.30  -5.00 135.20 0.1220 0 1
g 1911 02 15 11 24 00   6927          40   138    22    78 -14.00  49.30 -13.00 120.10 0.2540 0 8
s 1911 02 15 11 24 00   6927     1    40   138    22    78 -14.00  49.30 -13.00 120.10 0.2540 0 8
d 1911 02 16 10 55 00 GREE            58   357    28   182 2419083.95486 -17.69  -6.90
g 1911 02 16 10 55 00   6925          41   224    20   113 -11.60  56.70   7.30 236.50 0.1300 0 1
s 1911 02 16 10 55 00   6925     1    41   224    20   113 -11.60  56.70   7.30 236.50 0.1300 0 1
g 1911 02 16 10 55 00   6927          17   133     8    69 -13.80  49.10  -0.30 178.20 0.1200 0 8
s 1911 02 16 10 55 00   6927     1    17   133     8    69 -13.80  49.10  -0.30 178.20 0.1200 0 8
d 1911 02 17 12 51 01 GREE            52   245    26   124 2419085.03543 -18.05  -6.94
g 1911 02 17 12 51 01   6925          46   204    23   103 -11.80  56.50  21.40 255.50 0.3720 0 1
s 1911 02 17 12 51 01   6925     1    46   204    23   103 -11.80  56.50  21.40 255.50 0.3720 0 1
g 1911 02 17 12 51 01   6927           6    41     3    21 -13.10  50.40  15.30 246.70 0.2820 0 8
s 1911 02 17 12 51 01   6927     1     6    41     3    21 -13.10  50.40  15.30 246.70 0.2820 0 8
d 1911 02 18 10 13 00 GREE            29   180    17   105 2419085.92569 -18.34  -6.97
g 1911 02 18 10 13 00   6925          25   140    15    84 -12.00  56.30  32.90 258.70 0.5460 0 1
s 1911 02 18 10 13 00   6925     1    25   140    15    84 -12.00  56.30  32.90 258.70 0.5460 0 1
g 1911 02 18 10 13 00   6927           4    40     2    21 -14.20  49.10  25.70 252.00 0.4450 0 8
s 1911 02 18 10 13 00   6927     1     4    40     2    21 -14.20  49.10  25.70 252.00 0.4450 0 8
d 1911 02 19 11 55 01 GREE            13    61    10    47 2419086.99654 -18.68  -7.01
g 1911 02 19 11 55 01   6925          13    61    10    47 -11.20  58.50  49.20 261.20 0.7570 0 1
s 1911 02 19 11 55 01   6925     1    13    61    10    47 -11.20  58.50  49.20 261.20 0.7570 0 1
d 1911 02 20 12 00 00 GREE             1    44     2    40 2419088.00000 -19.00  -7.04
g 1911 02 20 12 00 00   6923           0    13     0     7   1.40   6.70  10.60 308.00 0.2350 0 2
s 1911 02 20 12 00 00   6923     1     0    13     0     7   1.40   6.70  10.60 308.00 0.2350 0 2
g 1911 02 20 12 00 00   6925           1    31     2    33 -11.40  57.80  61.70 260.80 0.8810 0 1
s 1911 02 20 12 00 00   6925     1     1    31     2    33 -11.40  57.80  61.70 260.80 0.8810 0 1
d 1911 02 21 10 40 01 GREE             0     0     0     0 2419088.94446 -19.29  -7.07
d 1911 02 22 10 23 01 GREE             0     0     0     0 2419089.93265 -19.59  -7.10
d 1911 02 23 12 33 00 GREE             0     0     0     0 2419091.02292 -19.91  -7.12
d 1911 02 24 12 27 00 GREE             0     0     0     0 2419092.01875 -20.20  -7.15
d 1911 02 25 09 54 01 GREE             0     0     0     0 2419092.91251 -20.45  -7.16
d 1911 02 26 10 17 01 GREE             8    42    36   194 2419093.92848 -20.74  -7.18
g 1911 02 26 10 17 01   6928           8    42    36   194  -1.00 195.00 -83.00  86.70 0.9940 0 7
s 1911 02 26 10 17 01   6928     1     8    42    36   194  -1.00 195.00 -83.00  86.70 0.9940 0 7
d 1911 02 27 10 29 00 GREE            38   209    53   295 2419094.93681 -21.01  -7.20
g 1911 02 27 10 29 00   6928          38   209    53   295  -1.10 195.50 -69.20  88.60 0.9280 0 7
s 1911 02 27 10 29 00   6928     1    38   209    53   295  -1.10 195.50 -69.20  88.60 0.9280 0 7
d 1911 02 28 11 05 00 GREE            67   339    59   306 2419095.96181 -21.28  -7.21
g 1911 02 28 11 05 00   6928          67   339    59   306  -1.30 194.90 -56.30  86.90 0.8220 0 7
s 1911 02 28 11 05 00   6928     1    67   339    59   306  -1.30 194.90 -56.30  86.90 0.8220 0 7
d 1911 03 01 10 46 01 GREE            80   481    55   332 2419096.94862 -21.54  -7.22
g 1911 03 01 10 46 01   6928          80   481    55   332  -1.40 195.40 -42.80  84.40 0.6760 0 7
s 1911 03 01 10 46 01   6928     1    80   481    55   332  -1.40 195.40 -42.80  84.40 0.6760 0 7
d 1911 03 02 09 47 01 GREE           102   549    59   322 2419097.90765 -21.78  -7.23
g 1911 03 02 09 47 01   6928         102   483    59   279  -1.60 196.10 -29.50  80.50 0.5010 0 7
s 1911 03 02 09 47 01   6928     1   102   483    59   279  -1.60 196.10 -29.50  80.50 0.5010 0 7
g 1911 03 02 09 47 01   6929           0    66     0    43 -13.90 186.00 -39.60 103.10 0.6400 0 9
s 1911 03 02 09 47 01   6929     1     0    66     0    43 -13.90 186.00 -39.60 103.10 0.6400 0 9
d 1911 03 03 10 43 01 GREE           103   517    55   275 2419098.94654 -22.04  -7.24
g 1911 03 03 10 43 01   6928          86   434    45   227  -1.50 196.00 -15.90  71.00 0.2920 0 7
s 1911 03 03 10 43 01   6928     1    86   434    45   227  -1.50 196.00 -15.90  71.00 0.2920 0 7
g 1911 03 03 10 43 01   6929          17    83    10    48 -15.50 183.40 -28.50 108.90 0.4900 0 3
s 1911 03 03 10 43 01   6929     1    17    83    10    48 -15.50 183.40 -28.50 108.90 0.4900 0 3
d 1911 03 04 10 16 00 GREE            73   329    38   176 2419099.92778 -22.28  -7.25
g 1911 03 04 10 16 00   6928          66   279    34   147  -1.60 195.80  -3.20  29.80 0.1130 0 7
s 1911 03 04 10 16 00   6928     1    66   279    34   147  -1.60 195.80  -3.20  29.80 0.1130 0 7
g 1911 03 04 10 16 00   6929           7    50     4    29 -14.80 183.40 -15.60 117.40 0.2950 0 3
s 1911 03 04 10 16 00   6929     1     7    50     4    29 -14.80 183.40 -15.60 117.40 0.2950 0 3
d 1911 03 05 11 51 00 GREE            25   208    12   123 2419100.99375 -22.53  -7.25
g 1911 03 05 11 51 00   6928          20   121    10    61  -2.00 196.50  11.50 293.90 0.2200 0 7
s 1911 03 05 11 51 00   6928     1    20   121    10    61  -2.00 196.50  11.50 293.90 0.2200 0 7
g 1911 03 05 11 51 00   6929           5    71     2    37 -14.50 184.70  -0.30 177.70 0.1260 0 9
s 1911 03 05 11 51 00   6929     1     5    71     2    37 -14.50 184.70  -0.30 177.70 0.1260 0 9
g 1911 03 05 11 51 00   6930           0    16     0    25 -14.30 257.20  72.20 257.50 0.9430 0 0
s 1911 03 05 11 51 00   6930     1     0    16     0    25 -14.30 257.20  72.20 257.50 0.9430 0 0
d 1911 03 06 09 27 00 GREE             6   206     3   105 2419101.89375 -22.73  -7.25
g 1911 03 06 09 27 00   6928           4   135     2    69  -1.90 194.00  20.90 283.30 0.3690 0 4
s 1911 03 06 09 27 00   6928     1     4   135     2    69  -1.90 194.00  20.90 283.30 0.3690 0 4
g 1911 03 06 09 27 00   6929           2    71     1    36 -14.60 186.50  13.40 239.80 0.2610 0 9
s 1911 03 06 09 27 00   6929     1     2    71     1    36 -14.60 186.50  13.40 239.80 0.2610 0 9
d 1911 03 07 10 35 00 GREE             4    80     2    46 2419102.94097 -22.96  -7.25
g 1911 03 07 10 35 00   6928           0    32     0    18  -2.30 198.20  38.90 275.20 0.6350 0 4
s 1911 03 07 10 35 00   6928     1     0    32     0    18  -2.30 198.20  38.90 275.20 0.6350 0 4
g 1911 03 07 10 35 00   6929           0    21     0    11 -13.90 181.50  22.20 251.30 0.3900 0 9
s 1911 03 07 10 35 00   6929     1     0    21     0    11 -13.90 181.50  22.20 251.30 0.3900 0 9
g 1911 03 07 10 35 00   6931           2    11     1     7 -12.40 114.60 -44.70 100.30 0.7040 0 0
s 1911 03 07 10 35 00   6931     1     2    11     1     7 -12.40 114.60 -44.70 100.30 0.7040 0 0
g 1911 03 07 10 35 00   6935           2    16     1    10   8.20 194.40  35.10 293.50 0.6030 0 2
s 1911 03 07 10 35 00   6935     1     2    16     1    10   8.20 194.40  35.10 293.50 0.6030 0 2
d 1911 03 08 10 45 00 GREE             2    12     6    33 2419103.94792 -23.18  -7.24
g 1911 03 08 10 45 00   6932           2    12     6    33  -8.10  65.30 -80.70  97.00 0.9850 0 0
s 1911 03 08 10 45 00   6932     1     2    12     6    33  -8.10  65.30 -80.70  97.00 0.9850 0 0
d 1911 03 09 12 44 01 GREE             9    47    13    62 2419105.03057 -23.40  -7.24
g 1911 03 09 12 44 01   6932           9    47    13    62  -8.60  64.40 -67.40  96.40 0.9260 0 0
s 1911 03 09 12 44 01   6932     1     9    47    13    62  -8.60  64.40 -67.40  96.40 0.9260 0 0
d 1911 03 10 10 29 00 GREE            15    71    16    78 2419105.93681 -23.59  -7.23
g 1911 03 10 10 29 00  6929a           3    37     5    48 -14.60 186.80  67.00 257.20 0.9210 0 4
s 1911 03 10 10 29 00  6929a     1     3    37     5    48 -14.60 186.80  67.00 257.20 0.9210 0 4
g 1911 03 10 10 29 00   6932          12    34    11    30  -8.50  64.70 -55.10  95.30 0.8210 0 0
s 1911 03 10 10 29 00   6932     1    12    34    11    30  -8.50  64.70 -55.10  95.30 0.8210 0 0
d 1911 03 11 10 49 00 GREE            18    69    32   159 2419106.95069 -23.78  -7.22
g 1911 03 11 10 49 00  6929a           9    48    25   140 -14.40 188.20  81.70 256.60 0.9860 0 4
s 1911 03 11 10 49 00  6929a     1     9    48    25   140 -14.40 188.20  81.70 256.60 0.9860 0 4
g 1911 03 11 10 49 00   6932           9    21     7    19  -8.60  64.70 -41.80  94.80 0.6670 0 0
s 1911 03 11 10 49 00   6932     1     9    21     7    19  -8.60  64.70 -41.80  94.80 0.6670 0 0
d 1911 03 12 13 46 01 GREE             4    19     2    13 2419108.07362 -23.99  -7.21
g 1911 03 12 13 46 01   6932           4    19     2    13  -8.70  64.50 -27.20  95.00 0.4570 0 0
s 1911 03 12 13 46 01   6932     1     4    19     2    13  -8.70  64.50 -27.20  95.00 0.4570 0 0
d 1911 03 13 10 20 01 GREE             3    55     2    31 2419108.93057 -24.15  -7.19
g 1911 03 13 10 20 01   6933           3    55     2    31   1.70  53.70 -26.70  72.50 0.4650 0 2
s 1911 03 13 10 20 01   6933     1     3    55     2    31   1.70  53.70 -26.70  72.50 0.4650 0 2
d 1911 03 14 10 52 00 GREE             0     0     0     0 2419109.95278 -24.33  -7.17
d 1911 03 15 12 17 00 GREE             0    11     0     6 2419111.01181 -24.51  -7.15
g 1911 03 15 12 17 00   6934           0    11     0     6  -9.40  77.60  24.70 263.10 0.4190 0 0
s 1911 03 15 12 17 00   6934     1     0    11     0     6  -9.40  77.60  24.70 263.10 0.4190 0 0
d 1911 03 16 11 05 00 GREE             2    10     1     6 2419111.96181 -24.66  -7.13
g 1911 03 16 11 05 00   6934           2    10     1     6  -8.10  77.20  36.80 266.00 0.5990 0 0
s 1911 03 16 11 05 00   6934     1     2    10     1     6  -8.10  77.20  36.80 266.00 0.5990 0 0
d 1911 03 17 09 23 00 GREE             0     0     0     0 2419112.89097 -24.80  -7.11
d 1911 03 18 10 52 00 GREE             0     0     0     0 2419113.95278 -24.96  -7.09
d 1911 03 19 10 56 01 GREE             0     0     0     0 2419114.95557 -25.10  -7.06
d 1911 03 20 11 29 01 GREE             0     0     0     0 2419115.97848 -25.24  -7.03
d 1911 03 21 11 39 01 GREE             0     0     0     0 2419116.98543 -25.37  -6.99
d 1911 03 22 11 49 01 GREE             0     0     0     0 2419117.99237 -25.49  -6.96
d 1911 03 23 10 46 01 GREE             0     0     0     0 2419118.94862 -25.59  -6.93
d 1911 03 24 15 11 01 GREE             4    17     4    20 2419120.13265 -25.72  -6.88
g 1911 03 24 15 11 01   6936           4    17     4    20  -9.50 244.50 -48.20  96.60 0.7460 0 9
s 1911 03 24 15 11 01   6936     1     4    17     4    20  -9.50 244.50 -48.20  96.60 0.7460 0 9
d 1911 03 25 11 08 00 GREE             0    29     0    23 2419120.96389 -25.80  -6.85
g 1911 03 25 11 08 00   6936           0    29     0    23 -10.50 242.10 -39.60  98.20 0.6380 0 9
s 1911 03 25 11 08 00   6936     1     0    29     0    23 -10.50 242.10 -39.60  98.20 0.6380 0 9
d 1911 03 26 15 01 00 GREE             0     0     0     0 2419122.12569 -25.91  -6.80
d 1911 03 27 10 45 00 GREE             0     0     0     0 2419122.94792 -25.98  -6.76
d 1911 03 28 12 30 00 GREE             7    29     7    27 2419124.02083 -26.06  -6.71
g 1911 03 28 12 30 00   6937           7    29     7    27  -1.50 185.30 -56.10  87.40 0.8360 0 6
s 1911 03 28 12 30 00   6937     1     7    29     7    27  -1.50 185.30 -56.10  87.40 0.8360 0 6
d 1911 03 29 10 40 01 GREE            16    53    11    36 2419124.94446 -26.13  -6.67
g 1911 03 29 10 40 01   6937          16    53    11    36  -1.40 187.80 -41.40  84.70 0.6680 0 6
s 1911 03 29 10 40 01   6937     1    16    53    11    36  -1.40 187.80 -41.40  84.70 0.6680 0 6
d 1911 03 30 10 42 00 GREE            50   234    29   134 2419125.94583 -26.19  -6.62
g 1911 03 30 10 42 00   6937          50   234    29   134  -1.40 187.50 -28.50  80.80 0.4850 0 6
s 1911 03 30 10 42 00   6937     1    50   234    29   134  -1.40 187.50 -28.50  80.80 0.4850 0 6
d 1911 03 31 02 49 01 GREE            62   314    35   179 2419126.61737 -26.23  -6.58
g 1911 03 31 02 49 01   6937          62   314    35   179  -1.60 188.90 -18.30  75.60 0.3260 0 6
s 1911 03 31 02 49 01   6937     1    62   314    35   179  -1.60 188.90 -18.30  75.60 0.3260 0 6
d 1911 04 01 10 26 00 GREE           100   486    87   477 2419127.93472 -26.30  -6.51
g 1911 04 01 10 26 00   6937          90   389    47   204  -1.50 191.60   1.80 340.10 0.0930 0 1
s 1911 04 01 10 26 00   6937     1    90   389    47   204  -1.50 191.60   1.80 340.10 0.0930 0 1
g 1911 04 01 10 26 00   6938          10    97    40   273  10.20 108.10 -81.70  81.80 0.9840 0 7
s 1911 04 01 10 26 00   6938     1    10    97    40   273  10.20 108.10 -81.70  81.80 0.9840 0 7
d 1911 04 02 08 44 00 GREE            99   555    78   487 2419128.86389 -26.33  -6.46
g 1911 04 02 08 44 00   6937          64   309    32   156  -1.90 194.20  16.70 284.50 0.2980 0 1
s 1911 04 02 08 44 00   6937     1    64   309    32   156  -1.90 194.20  16.70 284.50 0.2980 0 1
g 1911 04 02 08 44 00   6938          26   190    39   288  10.20 108.90 -68.60  76.80 0.9450 0 7
s 1911 04 02 08 44 00   6938     1    26   190    39   288  10.20 108.90 -68.60  76.80 0.9450 0 7
g 1911 04 02 08 44 00   6939           9    56     7    43   9.30 224.00  46.50 288.20 0.7580 0 2
s 1911 04 02 08 44 00   6939     1     9    56     7    43   9.30 224.00  46.50 288.20 0.7580 0 2
d 1911 04 03 11 49 01 GREE           119   589   120   548 2419129.99237 -26.37  -6.39
g 1911 04 03 11 49 01   6937          31   213    19   130  -2.00 197.10  34.50 275.70 0.5720 0 1
s 1911 04 03 11 49 01   6937     1    31   213    19   130  -2.00 197.10  34.50 275.70 0.5720 0 1
g 1911 04 03 11 49 01   6938          68   286    62   260  10.10 108.20 -54.40  73.50 0.8370 0 7
s 1911 04 03 11 49 01   6938     1    68   286    62   260  10.10 108.20 -54.40  73.50 0.8370 0 7
g 1911 04 03 11 49 01   6939           0    18     0    14   9.10 225.30  62.70 283.20 0.9070 0 0
s 1911 04 03 11 49 01   6939     1     0    18     0    14   9.10 225.30  62.70 283.20 0.9070 0 0
g 1911 04 03 11 49 01   6940          20    72    39   144  -8.40  86.40 -76.20  97.10 0.9680 0 0
s 1911 04 03 11 49 01   6940     1    20    72    39   144  -8.40  86.40 -76.20  97.10 0.9680 0 0
d 1911 04 04 10 50 01 GREE           143   674   114   551 2419130.95140 -26.40  -6.33
g 1911 04 04 10 50 01   6937          48   202    36   149  -2.00 197.20  47.20 273.20 0.7350 0 1
s 1911 04 04 10 50 01   6937     1    48   202    36   149  -2.00 197.20  47.20 273.20 0.7350 0 1
g 1911 04 04 10 50 01   6938          64   295    44   206   9.30 108.50 -41.50  69.70 0.7000 0 7
s 1911 04 04 10 50 01   6938     1    64   295    44   206   9.30 108.50 -41.50  69.70 0.7000 0 7
g 1911 04 04 10 50 01   6940          31   177    34   196  -8.60  86.30 -63.70  96.40 0.8940 0 0
s 1911 04 04 10 50 01   6940     1    31   177    34   196  -8.60  86.30 -63.70  96.40 0.8940 0 0
d 1911 04 05 10 53 01 GREE           124   687    96   565 2419131.95348 -26.42  -6.27
g 1911 04 05 10 53 01   6937          32   253    35   273  -2.40 199.20  62.40 270.70 0.8870 0 1
s 1911 04 05 10 53 01   6937     1    32   253    35   273  -2.40 199.20  62.40 270.70 0.8870 0 1
g 1911 04 05 10 53 01   6938          62   245    37   145   9.40 108.40 -28.40  61.20 0.5370 0 7
s 1911 04 05 10 53 01   6938     1    62   245    37   145   9.40 108.40 -28.40  61.20 0.5370 0 7
g 1911 04 05 10 53 01   6940          30   189    24   147  -8.40  86.50 -50.30  95.60 0.7670 0 0
s 1911 04 05 10 53 01   6940     1    30   189    24   147  -8.40  86.50 -50.30  95.60 0.7670 0 0
d 1911 04 06 14 44 00 GREE            81   463    81   454 2419133.11389 -26.44  -6.20
g 1911 04 06 14 44 00   6937          16    91    43   235  -1.80 200.50  79.00 269.40 0.9820 0 1
s 1911 04 06 14 44 00   6937     1    16    91    43   235  -1.80 200.50  79.00 269.40 0.9820 0 1
g 1911 04 06 14 44 00   6938          24   110    13    59   9.30 108.80 -12.70  39.50 0.3430 0 9
s 1911 04 06 14 44 00   6938     1    24   110    13    59   9.30 108.80 -12.70  39.50 0.3430 0 9
g 1911 04 06 14 44 00   6940          41   262    25   160  -8.20  86.50 -35.00  95.50 0.5720 0 0
s 1911 04 06 14 44 00   6940     1    41   262    25   160  -8.20  86.50 -35.00  95.50 0.5720 0 0
d 1911 04 07 12 02 01 GREE            65   328    35   179 2419134.00140 -26.44  -6.14
g 1911 04 07 12 02 01   6938           5    31     2    17   9.10 108.00  -1.80   6.80 0.2650 0 9
s 1911 04 07 12 02 01   6938     1     5    31     2    17   9.10 108.00  -1.80   6.80 0.2650 0 9
g 1911 04 07 12 02 01   6940          60   297    33   162  -8.10  86.50 -23.30  96.20 0.3960 0 0
s 1911 04 07 12 02 01   6940     1    60   297    33   162  -8.10  86.50 -23.30  96.20 0.3960 0 0
d 1911 04 08 10 59 01 GREE            63   334    33   181 2419134.95765 -26.44  -6.08
g 1911 04 08 10 59 01   6938          12    82     6    43  10.30 107.80  10.70 326.80 0.3350 0 9
s 1911 04 08 10 59 01   6938     1    12    82     6    43  10.30 107.80  10.70 326.80 0.3350 0 9
g 1911 04 08 10 59 01   6940          51   252    27   138  -8.20  86.50 -10.60 102.00 0.1870 0 0
s 1911 04 08 10 59 01   6940     1    51   252    27   138  -8.20  86.50 -10.60 102.00 0.1870 0 0
d 1911 04 09 09 38 01 GREE            52   325    27   172 2419135.90140 -26.43  -6.01
g 1911 04 09 09 38 01   6938           3    41     1    22   9.00 108.40  23.70 302.10 0.4710 0 9
s 1911 04 09 09 38 01   6938     1     3    41     1    22   9.00 108.40  23.70 302.10 0.4710 0 9
g 1911 04 09 09 38 01   6940          39   260    19   133  -8.10  86.60   1.90 222.10 0.0490 0 0
s 1911 04 09 09 38 01   6940     1    39   260    19   133  -8.10  86.60   1.90 222.10 0.0490 0 0
g 1911 04 09 09 38 01   6941          10    24     7    17  -8.00 130.10  45.40 264.50 0.7130 0 2
s 1911 04 09 09 38 01   6941     1    10    24     7    17  -8.00 130.10  45.40 264.50 0.7130 0 2
d 1911 04 10 10 50 01 GREE            42   270    21   138 2419136.95140 -26.41  -5.94
g 1911 04 10 10 50 01   6938           0    31     0    18  10.10 108.50  37.70 292.80 0.6570 0 9
s 1911 04 10 10 50 01   6938     1     0    31     0    18  10.10 108.50  37.70 292.80 0.6570 0 9
g 1911 04 10 10 50 01   6940          42   239    21   120  -8.10  86.50  15.70 261.20 0.2730 0 0
s 1911 04 10 10 50 01   6940     1    42   239    21   120  -8.10  86.50  15.70 261.20 0.2730 0 0
d 1911 04 11 14 51 00 GREE            30   195    18   114 2419138.11875 -26.39  -5.85
g 1911 04 11 14 51 00   6940          30   195    18   114  -8.40  86.40  31.00 263.40 0.5160 0 0
s 1911 04 11 14 51 00   6940     1    30   195    18   114  -8.40  86.40  31.00 263.40 0.5160 0 0
d 1911 04 12 11 00 01 GREE            20   167    14   113 2419138.95834 -26.36  -5.79
g 1911 04 12 11 00 01   6940          20   167    14   113  -8.50  86.50  42.20 263.70 0.6720 0 0
s 1911 04 12 11 00 01   6940     1    20   167    14   113  -8.50  86.50  42.20 263.70 0.6720 0 0
d 1911 04 13 11 03 01 GREE            29   163    26   144 2419139.96043 -26.32  -5.72
g 1911 04 13 11 03 01   6940          29   163    26   144  -8.80  86.80  55.70 263.20 0.8260 0 0
s 1911 04 13 11 03 01   6940     1    29   163    26   144  -8.80  86.80  55.70 263.20 0.8260 0 0
d 1911 04 14 11 49 01 GREE            12    89    17   127 2419140.99237 -26.28  -5.64
g 1911 04 14 11 49 01   6940          12    89    17   127  -8.50  86.80  69.40 263.00 0.9370 0 0
s 1911 04 14 11 49 01   6940     1    12    89    17   127  -8.50  86.80  69.40 263.00 0.9370 0 0
d 1911 04 15 11 11 00 GREE             8    56    24   175 2419141.96597 -26.22  -5.56
g 1911 04 15 11 11 00   6940           8    56    24   175  -8.80  86.20  81.60 262.00 0.9880 0 0
s 1911 04 15 11 11 00   6940     1     8    56    24   175  -8.80  86.20  81.60 262.00 0.9880 0 0
d 1911 04 16 11 49 01 GREE             0     0     0     0 2419142.99237 -26.16  -5.48
d 1911 04 17 10 39 00 GREE             0     0     0     0 2419143.94375 -26.10  -5.40
d 1911 04 18 12 25 01 GREE             0     0     0     0 2419145.01737 -26.02  -5.31
d 1911 04 19 10 43 01 GREE             0     0     0     0 2419145.94654 -25.94  -5.23
d 1911 04 20 12 59 00 GREE             0     0     0     0 2419147.04097 -25.84  -5.14
d 1911 04 21 12 12 01 GREE            10    21    32   136 2419148.00834 -25.75  -5.05
g 1911 04 21 12 12 01   6942          10    21    32   136  -1.90 203.50 -81.30  91.30 0.9970 0 0
s 1911 04 21 12 12 01   6942     1    10    21    32   136  -1.90 203.50 -81.30  91.30 0.9970 0 0
d 1911 04 22 11 13 01 GREE            29   116    41   166 2419148.96737 -25.65  -4.97
g 1911 04 22 11 13 01   6942          29   116    41   166  -1.80 202.70 -69.40  90.00 0.9370 0 0
s 1911 04 22 11 13 01   6942     1    29   116    41   166  -1.80 202.70 -69.40  90.00 0.9370 0 0
d 1911 04 23 09 15 01 GREE            72   305    91   375 2419149.88543 -25.54  -4.88
g 1911 04 23 09 15 01   6942          28   147    25   135  -1.90 202.90 -57.10  89.10 0.8420 0 0
s 1911 04 23 09 15 01   6942     1    28   147    25   135  -1.90 202.90 -57.10  89.10 0.8420 0 0
g 1911 04 23 09 15 01   6944          26    90    40   138  -7.10 188.60 -71.40  95.80 0.9470 0 0
s 1911 04 23 09 15 01   6944     1    26    90    40   138  -7.10 188.60 -71.40  95.80 0.9470 0 0
g 1911 04 23 09 15 01   6945          18    68    26   102 -10.60 188.90 -71.10  99.50 0.9440 0 9
s 1911 04 23 09 15 01   6945     1    18    68    26   102 -10.60 188.90 -71.10  99.50 0.9440 0 9
d 1911 04 24 10 23 01 GREE            94   566    78   466 2419150.93265 -25.42  -4.79
g 1911 04 24 10 23 01   6942          42   234    29   162  -1.70 202.50 -43.70  87.50 0.6940 0 0
s 1911 04 24 10 23 01   6942     1    42   234    29   162  -1.70 202.50 -43.70  87.50 0.6940 0 0
g 1911 04 24 10 23 01   6943           7    28     7    25  -2.90 190.30 -55.90  90.20 0.8290 0 0
s 1911 04 24 10 23 01   6943     1     7    28     7    25  -2.90 190.30 -55.90  90.20 0.8290 0 0
g 1911 04 24 10 23 01   6944          29   199    27   182  -6.70 189.00 -57.20  94.90 0.8400 0 0
s 1911 04 24 10 23 01   6944     1    29   199    27   182  -6.70 189.00 -57.20  94.90 0.8400 0 0
g 1911 04 24 10 23 01   6945          16   105    15    97 -10.50 188.70 -57.50  99.40 0.8430 0 9
s 1911 04 24 10 23 01   6945     1    16   105    15    97 -10.50 188.70 -57.50  99.40 0.8430 0 9
d 1911 04 25 02 42 01 GREE           104   591    72   411 2419151.61251 -25.33  -4.72
g 1911 04 25 02 42 01   6942          41   227    25   139  -2.00 202.40 -34.80  86.70 0.5730 0 0
s 1911 04 25 02 42 01   6942     1    41   227    25   139  -2.00 202.40 -34.80  86.70 0.5730 0 0
g 1911 04 25 02 42 01  6942a           2    10     1     5  -8.30 248.80  11.60 252.20 0.2100 0 2
s 1911 04 25 02 42 01  6942a     1     2    10     1     5  -8.30 248.80  11.60 252.20 0.2100 0 2
g 1911 04 25 02 42 01   6943           5    14     4    11  -2.90 189.80 -47.40  89.60 0.7380 0 0
s 1911 04 25 02 42 01   6943     1     5    14     4    11  -2.90 189.80 -47.40  89.60 0.7380 0 0
g 1911 04 25 02 42 01   6944          35   208    26   156  -6.80 188.90 -48.30  94.90 0.7460 0 0
s 1911 04 25 02 42 01   6944     1    35   208    26   156  -6.80 188.90 -48.30  94.90 0.7460 0 0
g 1911 04 25 02 42 01   6945          21   132    16   100 -10.70 188.20 -49.00 100.10 0.7560 0 9
s 1911 04 25 02 42 01   6945     1    21   132    16   100 -10.70 188.20 -49.00 100.10 0.7560 0 9
d 1911 04 26 10 12 00 GREE           134   725    75   407 2419152.92500 -25.16  -4.60
g 1911 04 26 10 12 00   6942          54   282    28   147  -1.90 202.50 -17.30  81.50 0.3020 0 0
s 1911 04 26 10 12 00   6942     1    54   282    28   147  -1.90 202.50 -17.30  81.50 0.3020 0 0
g 1911 04 26 10 12 00   6943           7    25     4    15  -2.80 190.10 -29.70  87.60 0.4970 0 0
s 1911 04 26 10 12 00   6943     1     7    25     4    15  -2.80 190.10 -29.70  87.60 0.4970 0 0
g 1911 04 26 10 12 00   6944          48   301    28   176  -6.30 189.00 -30.80  94.60 0.5120 0 0
s 1911 04 26 10 12 00   6944     1    48   301    28   176  -6.30 189.00 -30.80  94.60 0.5120 0 0
g 1911 04 26 10 12 00   6945          25   117    15    69 -10.60 188.10 -31.70 102.70 0.5310 0 9
s 1911 04 26 10 12 00   6945     1    25   117    15    69 -10.60 188.10 -31.70 102.70 0.5310 0 9
d 1911 04 27 14 39 01 GREE           152   702    80   367 2419154.11043 -24.99  -4.49
g 1911 04 27 14 39 01   6942          59   268    31   141  -1.80 202.60  -1.60  30.80 0.0550 0 0
s 1911 04 27 14 39 01   6942     1    59   268    31   141  -1.80 202.60  -1.60  30.80 0.0550 0 0
g 1911 04 27 14 39 01   6944          67   310    35   161  -6.00 189.00 -15.20  96.30 0.2630 0 0
s 1911 04 27 14 39 01   6944     1    67   310    35   161  -6.00 189.00 -15.20  96.30 0.2630 0 0
g 1911 04 27 14 39 01   6945          26   124    14    65 -10.40 187.70 -16.50 110.80 0.3000 0 9
s 1911 04 27 14 39 01   6945     1    26   124    14    65 -10.40 187.70 -16.50 110.80 0.3000 0 9
d 1911 04 28 12 40 00 GREE           138   695    70   359 2419155.02778 -24.86  -4.40
g 1911 04 28 12 40 00   6942          54   277    27   139  -1.90 202.60  10.60 282.90 0.1890 0 0
s 1911 04 28 12 40 00   6942     1    54   277    27   139  -1.90 202.60  10.60 282.90 0.1890 0 0
g 1911 04 28 12 40 00   6944          61   318    31   165  -5.80 189.20  -2.80 116.70 0.0550 0 0
s 1911 04 28 12 40 00   6944     1    61   318    31   165  -5.80 189.20  -2.80 116.70 0.0550 0 0
g 1911 04 28 12 40 00   6945          23    76    12    40 -10.10 187.70  -4.30 143.40 0.1240 0 9
s 1911 04 28 12 40 00   6945     1    23    76    12    40 -10.10 187.70  -4.30 143.40 0.1240 0 9
g 1911 04 28 12 40 00  6945a           0    24     0    15 -13.80 170.80 -21.20 115.50 0.3900 0 9
s 1911 04 28 12 40 00  6945a     1     0    24     0    15 -13.80 170.80 -21.20 115.50 0.3900 0 9
d 1911 04 29 09 30 00 GREE           117   657    58   333 2419155.89583 -24.72  -4.31
g 1911 04 29 09 30 00   6942          44   253    22   129  -1.70 202.80  22.20 276.00 0.3810 0 0
s 1911 04 29 09 30 00   6942     1    44   253    22   129  -1.70 202.80  22.20 276.00 0.3810 0 0
g 1911 04 29 09 30 00   6944          63   333    31   167  -5.80 189.30   8.70 259.90 0.1530 0 0
s 1911 04 29 09 30 00   6944     1    63   333    31   167  -5.80 189.30   8.70 259.90 0.1530 0 0
g 1911 04 29 09 30 00   6945          10    49     5    25  -9.70 187.50   6.90 231.50 0.1180 0 9
s 1911 04 29 09 30 00   6945     1    10    49     5    25  -9.70 187.50   6.90 231.50 0.1180 0 9
g 1911 04 29 09 30 00  6945a           0    22     0    12 -12.10 172.00  -8.60 132.90 0.2000 0 9
s 1911 04 29 09 30 00  6945a     1     0    22     0    12 -12.10 172.00  -8.60 132.90 0.2000 0 9
d 1911 04 30 12 56 00 GREE            89   604    52   354 2419157.03889 -24.53  -4.20
g 1911 04 30 12 56 00   6942          31   242    20   153  -1.90 203.10  37.60 272.30 0.6120 0 0
s 1911 04 30 12 56 00   6942     1    31   242    20   153  -1.90 203.10  37.60 272.30 0.6120 0 0
g 1911 04 30 12 56 00   6944          47   310    26   170  -5.80 189.60  24.10 265.20 0.4090 0 0
s 1911 04 30 12 56 00   6944     1    47   310    26   170  -5.80 189.60  24.10 265.20 0.4090 0 0
g 1911 04 30 12 56 00   6945           7    27     3    14 -10.40 187.70  22.20 253.10 0.3900 0 9
s 1911 04 30 12 56 00   6945     1     7    27     3    14 -10.40 187.70  22.20 253.10 0.3900 0 9
g 1911 04 30 12 56 00   6946           4    25     3    17 -12.20 122.50 -43.00 103.50 0.6800 0 2
s 1911 04 30 12 56 00   6946     1     4    25     3    17 -12.20 122.50 -43.00 103.50 0.6800 0 2
d 1911 05 01 07 20 01 GREE            72   458    46   299 2419157.80557 -24.40  -4.12
g 1911 05 01 07 20 01   6942          24   161    18   120  -1.70 203.00  47.70 271.40 0.7420 0 0
s 1911 05 01 07 20 01   6942     1    24   161    18   120  -1.70 203.00  47.70 271.40 0.7420 0 0
g 1911 05 01 07 20 01   6944          41   277    25   168  -5.70 189.60  34.30 265.90 0.5640 0 2
s 1911 05 01 07 20 01   6944     1    41   277    25   168  -5.70 189.60  34.30 265.90 0.5640 0 2
g 1911 05 01 07 20 01   6945           7    20     3    11 -10.40 187.40  32.10 257.10 0.5380 0 9
s 1911 05 01 07 20 01   6945     1     7    20     3    11 -10.40 187.40  32.10 257.10 0.5380 0 9
d 1911 05 02 12 36 00 GREE            51   320    46   304 2419159.02500 -24.19  -4.00
g 1911 05 02 12 36 00   6942          18   110    20   125  -1.70 203.20  64.00 270.10 0.9000 0 0
s 1911 05 02 12 36 00   6942     1    18   110    20   125  -1.70 203.20  64.00 270.10 0.9000 0 0
g 1911 05 02 12 36 00   6944          31   191    24   151  -5.80 190.00  50.80 265.80 0.7750 0 0
s 1911 05 02 12 36 00   6944     1    31   191    24   151  -5.80 190.00  50.80 265.80 0.7750 0 0
g 1911 05 02 12 36 00   6945           2    10     2     7 -10.80 187.50  48.30 259.10 0.7490 0 9
s 1911 05 02 12 36 00   6945     1     2    10     2     7 -10.80 187.50  48.30 259.10 0.7490 0 9
g 1911 05 02 12 36 00   6947           0     9     0    21 -14.10  60.60 -78.60 103.60 0.9810 0 0
s 1911 05 02 12 36 00   6947     1     0     9     0    21 -14.10  60.60 -78.60 103.60 0.9810 0 0
d 1911 05 03 07 22 00 GREE            37   258    52   330 2419159.80694 -24.04  -3.92
g 1911 05 03 07 22 00   6942          14    60    28   118  -1.60 204.00  75.10 269.40 0.9680 0 0
s 1911 05 03 07 22 00   6942     1    14    60    28   118  -1.60 204.00  75.10 269.40 0.9680 0 0
g 1911 05 03 07 22 00   6944          23   164    24   171  -5.70 190.30  61.40 265.60 0.8780 0 0
s 1911 05 03 07 22 00   6944     1    23   164    24   171  -5.70 190.30  61.40 265.60 0.8780 0 0
g 1911 05 03 07 22 00   6945           0    26     0    20 -10.90 187.30  58.40 259.60 0.8520 0 9
s 1911 05 03 07 22 00   6945     1     0    26     0    20 -10.90 187.30  58.40 259.60 0.8520 0 9
g 1911 05 03 07 22 00   6947           0     8     0    21 -14.10  60.70 -68.20 103.60 0.9290 0 0
s 1911 05 03 07 22 00   6947     1     0     8     0    21 -14.10  60.70 -68.20 103.60 0.9290 0 0
d 1911 05 04 07 20 01 GREE            29   111    47   185 2419160.80557 -23.85  -3.81
g 1911 05 04 07 20 01   6944          19    82    36   156  -5.70 190.80  75.10 265.10 0.9660 0 0
s 1911 05 04 07 20 01   6944     1    19    82    36   156  -5.70 190.80  75.10 265.10 0.9660 0 0
g 1911 05 04 07 20 01   6947           8    16    10    22 -14.00  61.10 -54.60 104.50 0.8190 0 0
s 1911 05 04 07 20 01   6947     1     8    16    10    22 -14.00  61.10 -54.60 104.50 0.8190 0 0
g 1911 05 04 07 20 01   6948           2    13     1     7  -8.80 124.40   8.70 239.60 0.1740 0 6
s 1911 05 04 07 20 01   6948     1     2    13     1     7  -8.80 124.40   8.70 239.60 0.1740 0 6
d 1911 05 05 07 20 01 GREE            37   225    23   149 2419161.80557 -23.65  -3.71
g 1911 05 05 07 20 01   6947           4    12     3    11 -14.00  61.60 -40.90 107.00 0.6650 0 0
s 1911 05 05 07 20 01   6947     1     4    12     3    11 -14.00  61.60 -40.90 107.00 0.6650 0 0
g 1911 05 05 07 20 01   6948          23   137    11    70  -9.50 124.60  22.10 254.20 0.3870 0 6
s 1911 05 05 07 20 01   6948     1    23   137    11    70  -9.50 124.60  22.10 254.20 0.3870 0 6
g 1911 05 05 07 20 01   6949          10    76     9    68  -9.20  46.80 -55.70  98.60 0.8270 0 4
s 1911 05 05 07 20 01   6949     1    10    76     9    68  -9.20  46.80 -55.70  98.60 0.8270 0 4
d 1911 05 06 07 12 00 GREE            75   269    49   175 2419162.80000 -23.45  -3.60
g 1911 05 06 07 12 00   6948          49   169    31   106  -9.60 126.00  36.70 258.80 0.6020 0 6
s 1911 05 06 07 12 00   6948     1    49   169    31   106  -9.60 126.00  36.70 258.80 0.6020 0 6
g 1911 05 06 07 12 00   6949          26   100    18    69  -8.50  46.00 -43.30  98.60 0.6870 0 4
s 1911 05 06 07 12 00   6949     1    26   100    18    69  -8.50  46.00 -43.30  98.60 0.6870 0 4
d 1911 05 07 12 54 01 GREE            33   226    25   170 2419164.03751 -23.19  -3.47
g 1911 05 07 12 54 01   6948          21   143    18   122  -9.60 127.20  54.20 260.70 0.8120 0 6
s 1911 05 07 12 54 01   6948     1    21   143    18   122  -9.60 127.20  54.20 260.70 0.8120 0 6
g 1911 05 07 12 54 01   6949          12    83     7    48  -7.60  44.00 -29.00  99.40 0.4880 0 4
s 1911 05 07 12 54 01   6949     1    12    83     7    48  -7.60  44.00 -29.00  99.40 0.4880 0 4
d 1911 05 08 07 22 00 GREE            41   215    28   160 2419164.80694 -23.02  -3.39
g 1911 05 08 07 22 00   6948           9    65    11    76  -9.60 127.30  64.50 261.00 0.9030 0 6
s 1911 05 08 07 22 00   6948     1     9    65    11    76  -9.60 127.30  64.50 261.00 0.9030 0 6
g 1911 05 08 07 22 00   6949          32   150    17    84  -8.40  47.20 -15.60 108.60 0.2810 0 4
s 1911 05 08 07 22 00   6949     1    32   150    17    84  -8.40  47.20 -15.60 108.60 0.2810 0 4
d 1911 05 09 07 30 01 GREE            19   110     9   101 2419165.81251 -22.79  -3.28
g 1911 05 09 07 30 01   6948           0    30     0    59 -10.20 124.40  74.90 260.30 0.9660 0 6
s 1911 05 09 07 30 01   6948     1     0    30     0    59 -10.20 124.40  74.90 260.30 0.9660 0 6
g 1911 05 09 07 30 01   6949          19    80     9    42  -8.50  48.50  -1.00 169.30 0.0930 0 4
s 1911 05 09 07 30 01   6949     1    19    80     9    42  -8.50  48.50  -1.00 169.30 0.0930 0 4
d 1911 05 10 10 48 00 GREE             0     0     0     0 2419166.95000 -22.52  -3.16
d 1911 05 11 09 00 00 GREE             0     0     0     0 2419167.87500 -22.30  -3.05
d 1911 05 12 12 25 01 GREE             0     0     0     0 2419169.01737 -22.02  -2.93
d 1911 05 13 13 04 01 GREE             0     0     0     0 2419170.04446 -21.75  -2.81
d 1911 05 14 09 08 01 GREE             0     0     0     0 2419170.88057 -21.53  -2.72
d 1911 05 15 12 18 01 GREE             0     0     0     0 2419172.01251 -21.23  -2.59
d 1911 05 16 08 24 00 GREE             0     0     0     0 2419172.85000 -21.00  -2.49
d 1911 05 17 08 21 00 GREE             0     0     0     0 2419173.84792 -20.72  -2.38
d 1911 05 18 11 24 00 GREE             0     0     0     0 2419174.97500 -20.40  -2.25
d 1911 05 19 05 03 01 GREE             0     0     0     0 2419175.71043 -20.18  -2.16
d 1911 05 20 02 03 01 GREE             8    35    16    64 2419176.58543 -19.92  -2.06
g 1911 05 20 02 03 01   6950           8    35    16    64  -6.70 193.10 -73.90  96.40 0.9610 0 0
s 1911 05 20 02 03 01   6950     1     8    35    16    64  -6.70 193.10 -73.90  96.40 0.9610 0 0
d 1911 05 21 11 45 01 GREE             6    37     6    28 2419177.98959 -19.49  -1.90
g 1911 05 21 11 45 01   6950           6    24     6    21  -6.50 193.50 -54.90  96.60 0.8190 0 0
s 1911 05 21 11 45 01   6950     1     6    24     6    21  -6.50 193.50 -54.90  96.60 0.8190 0 0
g 1911 05 21 11 45 01  6950a           0    13     0     7 -10.20 257.70   9.30 227.70 0.2150 0 0
s 1911 05 21 11 45 01  6950a     1     0    13     0     7 -10.20 257.70   9.30 227.70 0.2150 0 0
d 1911 05 22 07 19 00 GREE            17    36    14    32 2419178.80486 -19.23  -1.80
g 1911 05 22 07 19 00   6950          17    36    14    32  -6.30 193.50 -44.10  97.20 0.6980 0 0
s 1911 05 22 07 19 00   6950     1    17    36    14    32  -6.30 193.50 -44.10  97.20 0.6980 0 0
d 1911 05 23 08 06 01 GREE             5    19     3    14 2419179.83751 -18.90  -1.68
g 1911 05 23 08 06 01   6950           5    19     3    14  -7.50 193.20 -30.80 101.70 0.5190 0 2
s 1911 05 23 08 06 01   6950     1     5    19     3    14  -7.50 193.20 -30.80 101.70 0.5190 0 2
d 1911 05 24 12 33 00 GREE             0     0     0     0 2419181.02292 -18.52  -1.54
d 1911 05 25 10 33 01 GREE             0    13     0    23 2419181.93959 -18.22  -1.43
g 1911 05 25 10 33 01   6951           0    13     0    23   9.20 122.90 -73.30  80.00 0.9600 0 1
s 1911 05 25 10 33 01   6951     1     0    13     0    23   9.20 122.90 -73.30  80.00 0.9600 0 1
d 1911 05 26 08 42 01 GREE            29   188    31   199 2419182.86251 -17.90  -1.32
g 1911 05 26 08 42 01   6951          29   188    31   199   9.00 123.00 -61.00  79.00 0.8820 0 1
s 1911 05 26 08 42 01   6951     1    29   188    31   199   9.00 123.00 -61.00  79.00 0.8820 0 1
d 1911 05 27 11 57 00 GREE            52   280    38   204 2419183.99792 -17.52  -1.19
g 1911 05 27 11 57 00   6951          52   280    38   204   9.20 123.20 -45.70  76.20 0.7290 0 1
s 1911 05 27 11 57 00   6951     1    52   280    38   204   9.20 123.20 -45.70  76.20 0.7290 0 1
d 1911 05 28 12 17 00 GREE            35   317    21   190 2419185.01181 -17.16  -1.07
g 1911 05 28 12 17 00   6951          35   317    21   190   9.00 123.60 -31.90  71.80 0.5500 0 1
s 1911 05 28 12 17 00   6951     1    35   317    21   190   9.00 123.60 -31.90  71.80 0.5500 0 1
d 1911 05 29 07 29 00 GREE            51   363    28   197 2419185.81181 -16.88  -0.97
g 1911 05 29 07 29 00   6951          51   363    28   197   8.70 124.20 -20.70  64.50 0.3870 0 1
s 1911 05 29 07 29 00   6951     1    51   363    28   197   8.70 124.20 -20.70  64.50 0.3870 0 1
d 1911 05 30 07 20 01 GREE            52   300    27   162 2419186.80557 -16.52  -0.85
g 1911 05 30 07 20 01   6951          52   300    27   162   8.60 125.30  -6.50  34.30 0.1990 0 1
s 1911 05 30 07 20 01   6951     1    52   300    27   162   8.60 125.30  -6.50  34.30 0.1990 0 1
d 1911 05 31 12 08 01 GREE            43   333    21   170 2419188.00557 -16.09  -0.71
g 1911 05 31 12 08 01   6951          43   333    21   170   8.50 125.40   9.50 314.40 0.1940 0 1
s 1911 05 31 12 08 01   6951     1    43   333    21   170   8.50 125.40   9.50 314.40 0.1940 0 1
d 1911 06 01 07 33 01 GREE            47   290    24   149 2419188.81459 -15.79  -0.61
g 1911 06 01 07 33 01   6951          47   290    24   149   8.30 125.90  20.70 293.80 0.3820 0 1
s 1911 06 01 07 33 01   6951     1    47   290    24   149   8.30 125.90  20.70 293.80 0.3820 0 1
d 1911 06 02 07 32 00 GREE            37   291    22   175 2419189.81389 -15.42  -0.49
g 1911 06 02 07 32 00   6951          31   264    19   161   8.30 125.90  33.90 285.30 0.5720 0 1
s 1911 06 02 07 32 00   6951     1    31   264    19   161   8.30 125.90  33.90 285.30 0.5720 0 1
g 1911 06 02 07 32 00   6952           6    27     3    14   9.80 109.20  17.20 301.40 0.3420 0 9
s 1911 06 02 07 32 00   6952     1     6    27     3    14   9.80 109.20  17.20 301.40 0.3420 0 9
d 1911 06 03 12 21 01 GREE            33   224    26   172 2419191.01459 -14.96  -0.34
g 1911 06 03 12 21 01   6951          33   209    26   164   8.10 126.10  50.00 280.80 0.7720 0 1
s 1911 06 03 12 21 01   6951     1    33   209    26   164   8.10 126.10  50.00 280.80 0.7720 0 1
g 1911 06 03 12 21 01   6952           0    15     0     8   9.80 108.50  32.40 288.40 0.5560 0 9
s 1911 06 03 12 21 01   6952     1     0    15     0     8   9.80 108.50  32.40 288.40 0.5560 0 9
d 1911 06 04 15 53 00 GREE            20   126    24   152 2419192.16181 -14.52  -0.21
g 1911 06 04 15 53 00   6951          20   126    24   152   8.10 126.20  65.30 279.00 0.9120 0 1
s 1911 06 04 15 53 00   6951     1    20   126    24   152   8.10 126.20  65.30 279.00 0.9120 0 1
d 1911 06 05 09 48 01 GREE            19    88    38   176 2419192.90834 -14.23  -0.12
g 1911 06 05 09 48 01   6951          19    88    38   176   8.10 126.40  75.40 278.30 0.9690 0 1
s 1911 06 05 09 48 01   6951     1    19    88    38   176   8.10 126.40  75.40 278.30 0.9690 0 1
d 1911 06 06 07 29 00 GREE             0     0     0     0 2419193.81181 -13.87  -0.01
d 1911 06 07 09 02 01 GREE             0     0     0     0 2419194.87640 -13.45   0.12
d 1911 06 08 07 22 00 GREE             0     0     0     0 2419195.80694 -13.08   0.23
d 1911 06 09 07 23 01 GREE             0     0     0     0 2419196.80765 -12.67   0.36
d 1911 06 10 07 30 01 GREE             0     0     0     0 2419197.81251 -12.26   0.48
d 1911 06 11 12 24 00 GREE             0     0     0     0 2419199.01667 -11.77   0.62
d 1911 06 12 11 58 01 GREE             0     0     0     0 2419199.99862 -11.36   0.74
d 1911 06 13 07 45 00 GREE             0     0     0     0 2419200.82292 -11.01   0.84
d 1911 06 14 07 27 01 GREE             0     0     0     0 2419201.81043 -10.59   0.96
d 1911 06 15 07 33 01 GREE             0     0     0     0 2419202.81459 -10.16   1.08
d 1911 06 16 10 55 00 GREE             0     0     0     0 2419203.95486  -9.67   1.21
d 1911 06 17 08 11 00 GREE             0     0     0     0 2419204.84097  -9.29   1.32
d 1911 06 18 13 22 00 GREE             0     0     0     0 2419206.05694  -8.76   1.46
d 1911 06 19 07 32 00 GREE             0     0     0     0 2419206.81389  -8.43   1.55
d 1911 06 20 08 41 00 GREE             0     0     0     0 2419207.86181  -7.97   1.67
d 1911 06 21 10 39 00 GREE             0     4     0     4 2419208.94375  -7.49   1.80
g 1911 06 21 10 39 00   6953           0     4     0     4  -8.50 159.00 -39.80 105.20 0.6560 0 0
s 1911 06 21 10 39 00   6953     1     0     4     0     4  -8.50 159.00 -39.80 105.20 0.6560 0 0
d 1911 06 22 09 33 00 GREE             0     8     0     6 2419209.89792  -7.07   1.91
g 1911 06 22 09 33 00   6953           0     8     0     6  -8.90 158.60 -27.60 111.90 0.4930 0 0
s 1911 06 22 09 33 00   6953     1     0     8     0     6  -8.90 158.60 -27.60 111.90 0.4930 0 0
d 1911 06 23 12 51 01 GREE             7    25     4    14 2419211.03543  -6.56   2.04
g 1911 06 23 12 51 01   6954           7    25     4    14   9.90 146.90 -24.20  70.50 0.4450 0 0
s 1911 06 23 12 51 01   6954     1     7    25     4    14   9.90 146.90 -24.20  70.50 0.4450 0 0
d 1911 06 24 12 33 00 GREE             0     0     0     0 2419212.02292  -6.11   2.16
d 1911 06 25 14 05 00 GREE             0     0     0     0 2419213.08681  -5.64   2.28
d 1911 06 26 07 56 01 GREE             0     0     0     0 2419213.83057  -5.30   2.36
d 1911 06 27 07 49 00 GREE             0     0     0     0 2419214.82569  -4.85   2.48
d 1911 06 28 07 45 00 GREE             0     0     0     0 2419215.82292  -4.40   2.59
d 1911 06 29 08 13 01 GREE             3     8     4    14 2419216.84237  -3.93   2.70
g 1911 06 29 08 13 01   6955           3     8     4    14 -13.50  37.00 -57.20 107.50 0.8580 0 9
s 1911 06 29 08 13 01   6955     1     3     8     4    14 -13.50  37.00 -57.20 107.50 0.8580 0 9
d 1911 06 30 12 51 01 GREE            14    40    13    38 2419218.03543  -3.39   2.84
g 1911 06 30 12 51 01   6955           2    18     2    19 -13.30  35.90 -42.50 112.00 0.7100 0 9
s 1911 06 30 12 51 01   6955     1     2    18     2    19 -13.30  35.90 -42.50 112.00 0.7100 0 9
g 1911 06 30 12 51 01   6956          12    22    11    19   0.30  24.20 -54.20  91.70 0.8120 0 9
s 1911 06 30 12 51 01   6956     1    12    22    11    19   0.30  24.20 -54.20  91.70 0.8120 0 9
d 1911 07 01 07 29 00 GREE             5    24     4    21 2419218.81181  -3.04   2.92
g 1911 07 01 07 29 00   6955           0     6     0     5 -13.20  35.40 -32.80 117.00 0.5930 0 9
s 1911 07 01 07 29 00   6955     1     0     6     0     5 -13.20  35.40 -32.80 117.00 0.5930 0 9
g 1911 07 01 07 29 00   6956           5    18     4    16   0.70  24.40 -43.80  92.00 0.6930 0 9
s 1911 07 01 07 29 00   6956     1     5    18     4    16   0.70  24.40 -43.80  92.00 0.6930 0 9
d 1911 07 02 11 42 01 GREE             6    81     4    50 2419219.98751  -2.50   3.05
g 1911 07 02 11 42 01   6955           0    11     0     7 -11.80  33.10 -19.50 127.70 0.4140 0 9
s 1911 07 02 11 42 01   6955     1     0    11     0     7 -11.80  33.10 -19.50 127.70 0.4140 0 9
g 1911 07 02 11 42 01   6956           3    35     2    25   1.50  24.70 -27.90  92.50 0.4690 0 9
s 1911 07 02 11 42 01   6956     1     3    35     2    25   1.50  24.70 -27.90  92.50 0.4690 0 9
g 1911 07 02 11 42 01   6957           3    35     2    18  -7.20  52.40  -0.20 178.60 0.1780 0 4
s 1911 07 02 11 42 01   6957     1     3    35     2    18  -7.20  52.40  -0.20 178.60 0.1780 0 4
d 1911 07 03 07 26 00 GREE             2    22     1    13 2419220.80972  -2.13   3.14
g 1911 07 03 07 26 00   6956           2    22     1    13   1.50  23.70 -18.00  94.80 0.3100 0 9
s 1911 07 03 07 26 00   6956     1     2    22     1    13   1.50  23.70 -18.00  94.80 0.3100 0 9
d 1911 07 04 07 36 00 GREE             3    36     1    19 2419221.81667  -1.67   3.25
g 1911 07 04 07 36 00   6956           3    36     1    19   0.60  24.80  -3.60 126.20 0.0780 0 9
s 1911 07 04 07 36 00   6956     1     3    36     1    19   0.60  24.80  -3.60 126.20 0.0780 0 9
d 1911 07 05 14 18 00 GREE             0     0     0     0 2419223.09583  -1.08   3.39
d 1911 07 06 07 23 01 GREE             0     0     0     0 2419223.80765  -0.76   3.46
d 1911 07 07 07 22 00 GREE             0     0     0     0 2419224.80694  -0.30   3.57
d 1911 07 08 07 20 01 GREE             0     0     0     0 2419225.80557   0.15   3.67
d 1911 07 09 09 33 00 GREE             0     0     0     0 2419226.89792   0.65   3.78
d 1911 07 10 10 17 01 GREE             0     0     0     0 2419227.92848   1.12   3.89
d 1911 07 11 07 19 00 GREE             0     0     0     0 2419228.80486   1.52   3.98
d 1911 07 12 14 57 00 GREE             2    26     1    22 2419230.12292   2.11   4.11
g 1911 07 12 14 57 00   6958           2    26     1    22   6.50 242.60 -35.90  84.60 0.5870 0 5
s 1911 07 12 14 57 00   6958     1     2    26     1    22   6.50 242.60 -35.90  84.60 0.5870 0 5
d 1911 07 13 07 26 00 GREE            18    79    11    50 2419230.80972   2.42   4.18
g 1911 07 13 07 26 00   6958          18    79    11    50   6.20 241.60 -27.80  84.60 0.4670 0 5
s 1911 07 13 07 26 00   6958     1    18    79    11    50   6.20 241.60 -27.80  84.60 0.4670 0 5
d 1911 07 14 07 27 01 GREE            32   141    17    73 2419231.81043   2.87   4.28
g 1911 07 14 07 27 01   6958          32   141    17    73   6.30 241.30 -14.80  81.60 0.2570 0 5
s 1911 07 14 07 27 01   6958     1    32   141    17    73   6.30 241.30 -14.80  81.60 0.2570 0 5
d 1911 07 15 07 22 00 GREE            17    92     8    48 2419232.80694   3.32   4.37
g 1911 07 15 07 22 00   6958          17    92     8    48   6.40 240.90  -2.00  44.50 0.0500 0 5
s 1911 07 15 07 22 00   6958     1    17    92     8    48   6.40 240.90  -2.00  44.50 0.0500 0 5
d 1911 07 16 11 44 00 GREE            11    67     5    34 2419233.98889   3.84   4.48
g 1911 07 16 11 44 00   6958          11    67     5    34   7.40 240.50  13.20 283.10 0.2330 0 5
s 1911 07 16 11 44 00   6958     1    11    67     5    34   7.40 240.50  13.20 283.10 0.2330 0 5
d 1911 07 17 14 24 00 GREE             0     0     0     0 2419235.10000   4.34   4.59
d 1911 07 18 08 19 01 GREE             0     0     0     0 2419235.84654   4.67   4.66
d 1911 07 19 07 27 01 GREE             0     0     0     0 2419236.81043   5.09   4.75
d 1911 07 20 08 38 00 GREE             0     0     0     0 2419237.85972   5.55   4.84
d 1911 07 21 07 58 00 GREE             0     0     0     0 2419238.83194   5.98   4.93
d 1911 07 22 07 33 01 GREE             0     0     0     0 2419239.81459   6.41   5.02
d 1911 07 23 02 32 01 GREE             0     0     0     0 2419240.60557   6.75   5.08
d 1911 07 24 07 27 01 GREE             0     0     0     0 2419241.81043   7.27   5.19
d 1911 07 25 07 13 00 GREE             4    12     4    15 2419242.80069   7.69   5.27
g 1911 07 25 07 13 00   6959           4    12     4    15 -12.60  61.80 -48.90 110.50 0.7880 0 0
s 1911 07 25 07 13 00   6959     1     4    12     4    15 -12.60  61.80 -48.90 110.50 0.7880 0 0
d 1911 07 26 12 48 01 GREE             0     6     0     5 2419244.03334   8.21   5.37
g 1911 07 26 12 48 01   6959           0     6     0     5 -12.40  63.20 -31.20 119.90 0.5860 0 0
s 1911 07 26 12 48 01   6959     1     0     6     0     5 -12.40  63.20 -31.20 119.90 0.5860 0 0
d 1911 07 27 07 17 01 GREE             0     0     0     0 2419244.80348   8.53   5.43
d 1911 07 28 07 23 01 GREE             0     0     0     0 2419245.80765   8.95   5.51
d 1911 07 29 08 45 01 GREE             0    13     0     7 2419246.86459   9.39   5.59
g 1911 07 29 08 45 01  6959a           0    13     0     7   4.50  68.20  11.20 265.00 0.1950 0 0
s 1911 07 29 08 45 01  6959a     1     0    13     0     7   4.50  68.20  11.20 265.00 0.1950 0 0
d 1911 07 30 12 24 00 GREE             0     0     0     0 2419248.01667   9.86   5.68
d 1911 07 31 07 30 01 GREE             0     0     0     0 2419248.81251  10.19   5.74
d 1911 08 01 10 26 00 GREE             4    11     4    12 2419249.93472  10.64   5.82
g 1911 08 01 10 26 00   6960           4    11     4    12 -11.40 332.60 -43.70 111.50 0.7320 0 0
s 1911 08 01 10 26 00   6960     1     4    11     4    12 -11.40 332.60 -43.70 111.50 0.7320 0 0
d 1911 08 02 08 13 01 GREE             0     0     0     0 2419250.84237  11.01   5.89
d 1911 08 03 07 56 01 GREE             0     0     0     0 2419251.83057  11.40   5.96
d 1911 08 04 07 24 01 GREE             0     0     0     0 2419252.80834  11.78   6.02
d 1911 08 05 08 12 00 GREE            13    54    14    64 2419253.84167  12.19   6.09
g 1911 08 05 08 12 00   6960           6    20     3    11 -11.70 334.70  10.00 209.30 0.3490 0 2
s 1911 08 05 08 12 00   6960     1     6    20     3    11 -11.70 334.70  10.00 209.30 0.3490 0 2
g 1911 08 05 08 12 00   6961           7    34    11    53 -11.60 256.10 -68.60 104.50 0.9470 0 2
s 1911 08 05 08 12 00   6961     1     7    34    11    53 -11.60 256.10 -68.60 104.50 0.9470 0 2
d 1911 08 06 12 54 01 GREE            10    61     9    53 2419255.03751  12.65   6.17
g 1911 08 06 12 54 01   6961          10    61     9    53 -11.70 257.40 -51.50 109.10 0.8160 0 2
s 1911 08 06 12 54 01   6961     1    10    61     9    53 -11.70 257.40 -51.50 109.10 0.8160 0 2
d 1911 08 07 10 12 00 GREE            36   155    25   107 2419255.92500  12.99   6.23
g 1911 08 07 10 12 00   6961          36   155    25   107 -12.00 257.70 -39.40 114.80 0.6880 0 2
s 1911 08 07 10 12 00   6961     1    36   155    25   107 -12.00 257.70 -39.40 114.80 0.6880 0 2
d 1911 08 08 07 27 01 GREE            35   154    21    91 2419256.81043  13.32   6.28
g 1911 08 08 07 27 01   6961          35   154    21    91 -11.70 258.90 -26.50 124.10 0.5310 0 2
s 1911 08 08 07 27 01   6961     1    35   154    21    91 -11.70 258.90 -26.50 124.10 0.5310 0 2
d 1911 08 09 07 26 00 GREE            49   249    27   135 2419257.80972  13.69   6.34
g 1911 08 09 07 26 00   6961          49   249    27   135 -12.10 258.80 -13.40 144.00 0.3880 0 1
s 1911 08 09 07 26 00   6961     1    49   249    27   135 -12.10 258.80 -13.40 144.00 0.3880 0 1
d 1911 08 10 07 26 00 GREE            46   212    24   115 2419258.80972  14.06   6.40
g 1911 08 10 07 26 00   6961          46   212    24   115 -12.10 259.40   0.40 181.40 0.3170 0 1
s 1911 08 10 07 26 00   6961     1    46   212    24   115 -12.10 259.40   0.40 181.40 0.3170 0 1
d 1911 08 11 15 59 00 GREE            19    79    10    42 2419260.16597  14.56   6.47
g 1911 08 11 15 59 00   6961          19    79    10    42 -12.00 260.30  19.20 226.20 0.4490 0 2
s 1911 08 11 15 59 00   6961     1    19    79    10    42 -12.00 260.30  19.20 226.20 0.4490 0 2
d 1911 08 12 07 24 01 GREE            15    66     8    37 2419260.80834  14.79   6.51
g 1911 08 12 07 24 01   6961          15    66     8    37 -12.30 260.10  27.50 235.70 0.5500 0 2
s 1911 08 12 07 24 01   6961     1    15    66     8    37 -12.30 260.10  27.50 235.70 0.5500 0 2
d 1911 08 13 09 25 01 GREE            10    38     5    23 2419261.89237  15.18   6.57
g 1911 08 13 09 25 01   6961          10    38     5    23 -12.30 259.40  41.20 245.50 0.7120 0 2
s 1911 08 13 09 25 01   6961     1    10    38     5    23 -12.30 259.40  41.20 245.50 0.7120 0 2
d 1911 08 14 07 22 00 GREE             9    51    12    65 2419262.80694  15.50   6.61
g 1911 08 14 07 22 00   6961           2    19     1    14 -12.60 260.40  54.30 250.60 0.8460 0 2
s 1911 08 14 07 22 00   6961     1     2    19     1    14 -12.60 260.40  54.30 250.60 0.8460 0 2
g 1911 08 14 07 22 00   6962           7    32    11    51  10.20 134.80 -71.30  81.40 0.9490 0 0
s 1911 08 14 07 22 00   6962     1     7    32    11    51  10.20 134.80 -71.30  81.40 0.9490 0 0
d 1911 08 15 08 21 00 GREE            23    98    16    68 2419263.84792  15.86   6.66
g 1911 08 15 08 21 00   6962           9    42     9    38   9.80 135.90 -56.50  82.60 0.8340 0 2
s 1911 08 15 08 21 00   6962     1     9    42     9    38   9.80 135.90 -56.50  82.60 0.8340 0 2
g 1911 08 15 08 21 00   6963          14    56     7    30   1.80 224.10  31.70 262.80 0.5330 0 2
s 1911 08 15 08 21 00   6963     1    14    56     7    30   1.80 224.10  31.70 262.80 0.5330 0 2
d 1911 08 16 07 23 01 GREE             5    40     2    24 2419264.80765  16.19   6.71
g 1911 08 16 07 23 01   6963           5    40     2    24   1.20 225.80  46.10 265.30 0.7280 0 0
s 1911 08 16 07 23 01   6963     1     5    40     2    24   1.20 225.80  46.10 265.30 0.7280 0 0
d 1911 08 17 08 42 01 GREE             3    29     2    21 2419265.86251  16.55   6.76
g 1911 08 17 08 42 01   6963           3    29     2    21   1.70 225.60  59.80 268.10 0.8700 0 2
s 1911 08 17 08 42 01   6963     1     3    29     2    21   1.70 225.60  59.80 268.10 0.8700 0 2
d 1911 08 18 08 13 01 GREE             0     0     0     0 2419266.84237  16.88   6.80
d 1911 08 19 10 23 01 GREE             0     0     0     0 2419267.93265  17.23   6.84
d 1911 08 20 10 16 00 GREE             0     0     0     0 2419268.92778  17.56   6.88
d 1911 08 21 02 09 01 GREE             0     0     0     0 2419269.58959  17.77   6.91
d 1911 08 22 10 43 01 GREE             0     0     0     0 2419270.94654  18.20   6.96
d 1911 08 23 10 07 01 GREE             0     0     0     0 2419271.92154  18.50   6.99
d 1911 08 24 07 26 00 GREE             0     0     0     0 2419272.80972  18.77   7.02
d 1911 08 25 08 18 00 GREE             0     0     0     0 2419273.84583  19.08   7.05
d 1911 08 26 07 45 00 GREE             0     0     0     0 2419274.82292  19.36   7.08
d 1911 08 27 16 13 00 GREE             0     0     0     0 2419276.17569  19.75   7.11
d 1911 08 28 07 33 01 GREE             0     0     0     0 2419276.81459  19.93   7.12
d 1911 08 29 07 12 00 GREE             0     0     0     0 2419277.80000  20.21   7.15
d 1911 08 30 10 48 00 GREE             0     0     0     0 2419278.95000  20.52   7.17
d 1911 08 31 07 27 01 GREE             0     0     0     0 2419279.81043  20.75   7.18
d 1911 09 01 08 21 00 GREE            17   102    27   174 2419280.84792  21.02   7.20
g 1911 09 01 08 21 00   6964          17   102    27   174   6.60 254.30 -73.50  85.30 0.9560 0 6
s 1911 09 01 08 21 00   6964     1    17   102    27   174   6.60 254.30 -73.50  85.30 0.9560 0 6
d 1911 09 02 08 32 01 GREE            51   261    52   267 2419281.85557  21.28   7.21
g 1911 09 02 08 32 01   6964          51   261    52   267   6.90 253.40 -61.10  86.20 0.8720 0 6
s 1911 09 02 08 32 01   6964     1    51   261    52   267   6.90 253.40 -61.10  86.20 0.8720 0 6
d 1911 09 03 12 18 01 GREE            54   263    38   185 2419283.01251  21.57   7.23
g 1911 09 03 12 18 01   6964          54   263    38   185   6.70 254.20 -45.00  87.90 0.7040 0 6
s 1911 09 03 12 18 01   6964     1    54   263    38   185   6.70 254.20 -45.00  87.90 0.7040 0 6
d 1911 09 04 08 34 00 GREE            67   344    40   219 2419283.85694  21.78   7.23
g 1911 09 04 08 34 00   6964          67   329    40   196   6.50 254.90 -33.10  89.20 0.5440 0 6
s 1911 09 04 08 34 00   6964     1    67   329    40   196   6.50 254.90 -33.10  89.20 0.5440 0 6
g 1911 09 04 08 34 00   6965           0    15     0    23  -4.50 217.60 -70.40  97.20 0.9480 0 0
s 1911 09 04 08 34 00   6965     1     0    15     0    23  -4.50 217.60 -70.40  97.20 0.9480 0 0
d 1911 09 05 10 30 01 GREE            74   398    39   212 2419284.93751  22.04   7.24
g 1911 09 05 10 30 01   6964          74   393    39   207   6.60 255.50 -18.20  90.90 0.3130 0 1
s 1911 09 05 10 30 01   6964     1    74   393    39   207   6.60 255.50 -18.20  90.90 0.3130 0 1
g 1911 09 05 10 30 01   6965           0     5     0     5  -4.80 217.90 -55.80 100.40 0.8400 0 0
s 1911 09 05 10 30 01   6965     1     0     5     0     5  -4.80 217.90 -55.80 100.40 0.8400 0 0
d 1911 09 06 08 45 01 GREE            61   322    32   170 2419285.86459  22.25   7.25
g 1911 09 06 08 45 01   6964          61   322    32   170   6.30 255.70  -5.80  98.90 0.1020 0 1
s 1911 09 06 08 45 01   6964     1    61   322    32   170   6.30 255.70  -5.80  98.90 0.1020 0 1
d 1911 09 07 08 41 00 GREE            59   296    29   149 2419286.86181  22.48   7.25
g 1911 09 07 08 41 00   6964          59   296    29   149   6.00 256.00   7.70 270.00 0.0970 0 1
s 1911 09 07 08 41 00   6964     1    59   296    29   149   6.00 256.00   7.70 270.00 0.0970 0 1
d 1911 09 08 08 22 01 GREE            40   219    20   111 2419287.84862  22.70   7.25
g 1911 09 08 08 22 01   6964          40   219    20   111   5.90 256.20  20.90 267.60 0.3580 0 1
s 1911 09 08 08 22 01   6964     1    40   219    20   111   5.90 256.20  20.90 267.60 0.3580 0 1
d 1911 09 09 10 27 01 GREE            17   132    11    82 2419288.93543  22.93   7.25
g 1911 09 09 10 27 01   6964          17   132    11    82   5.90 256.80  35.90 270.10 0.5880 0 1
s 1911 09 09 10 27 01   6964     1    17   132    11    82   5.90 256.80  35.90 270.10 0.5880 0 1
d 1911 09 10 10 56 01 GREE             4    30     2    19 2419289.95557  23.15   7.25
g 1911 09 10 10 56 01   6964           4    30     2    19   5.70 257.40  49.90 271.40 0.7670 0 1
s 1911 09 10 10 56 01   6964     1     4    30     2    19   5.70 257.40  49.90 271.40 0.7670 0 1
d 1911 09 11 08 48 00 GREE             0     0     0     0 2419290.86667  23.33   7.24
d 1911 09 12 08 49 01 GREE             0     0     0     0 2419291.86737  23.53   7.23
d 1911 09 13 12 18 01 GREE             0     0     0     0 2419293.01251  23.75   7.22
d 1911 09 14 09 00 00 GREE             0     0     0     0 2419293.87500  23.91   7.21
d 1911 09 15 08 44 00 GREE             0     0     0     0 2419294.86389  24.09   7.20
d 1911 09 16 08 38 00 GREE             0     0     0     0 2419295.85972  24.26   7.18
d 1911 09 17 14 36 01 GREE             0     0     0     0 2419297.10834  24.47   7.16
d 1911 09 18 08 22 01 GREE             0     0     0     0 2419297.84862  24.59   7.14
d 1911 09 19 08 31 00 GREE             0     0     0     0 2419298.85486  24.74   7.12
d 1911 09 20 08 47 00 GREE             0     0     0     0 2419299.86597  24.89   7.10
d 1911 09 21 08 34 00 GREE             0     0     0     0 2419300.85694  25.03   7.07
d 1911 09 22 08 38 00 GREE             0     9     0     5 2419301.85972  25.17   7.04
g 1911 09 22 08 38 00  6965a           0     9     0     5   8.00  57.80   7.50 277.80 0.1320 0 2
s 1911 09 22 08 38 00  6965a     1     0     9     0     5   8.00  57.80   7.50 277.80 0.1320 0 2
d 1911 09 23 08 31 00 GREE             0     0     0     0 2419302.85486  25.30   7.01
d 1911 09 24 12 04 00 GREE             0     0     0     0 2419304.00278  25.44   6.98
d 1911 09 25 08 28 00 GREE             0     0     0     0 2419304.85278  25.53   6.95
d 1911 09 26 08 39 01 GREE             0     0     0     0 2419305.86043  25.64   6.91
d 1911 09 27 08 48 00 GREE             0     0     0     0 2419306.86667  25.75   6.87
d 1911 09 28 13 52 00 GREE             0     0     0     0 2419308.07778  25.86   6.82
d 1911 09 29 08 38 00 GREE             0     0     0     0 2419308.85972  25.93   6.79
d 1911 09 30 09 44 01 GREE             0     0     0     0 2419309.90557  26.01   6.74
d 1911 10 01 10 33 01 GREE             0     0     0     0 2419310.93959  26.09   6.69
d 1911 10 02 09 36 00 GREE            19    54    18    50 2419311.90000  26.15   6.64
g 1911 10 02 09 36 00   6966          19    54    18    50   7.40 220.80 -57.00  85.50 0.8400 0 1
s 1911 10 02 09 36 00   6966     1    19    54    18    50   7.40 220.80 -57.00  85.50 0.8400 0 1
d 1911 10 03 11 34 00 GREE            59   256    41   176 2419312.98194  26.22   6.59
g 1911 10 03 11 34 00   6966          59   256    41   176   7.20 220.00 -43.50  86.60 0.6860 0 1
s 1911 10 03 11 34 00   6966     1    59   256    41   176   7.20 220.00 -43.50  86.60 0.6860 0 1
d 1911 10 04 10 13 00 GREE            46   180    27   105 2419313.92569  26.27   6.54
g 1911 10 04 10 13 00   6966          46   180    27   105   7.10 220.30 -30.80  87.10 0.5120 0 1
s 1911 10 04 10 13 00   6966     1    46   180    27   105   7.10 220.30 -30.80  87.10 0.5120 0 1
d 1911 10 05 10 30 01 GREE            32   154    17    81 2419314.93751  26.32   6.48
g 1911 10 05 10 30 01   6966          32   154    17    81   6.70 220.30 -17.40  88.30 0.2990 0 1
s 1911 10 05 10 30 01   6966     1    32   154    17    81   6.70 220.30 -17.40  88.30 0.2990 0 1
d 1911 10 06 14 28 00 GREE            33   122    17    64 2419316.10278  26.36   6.42
g 1911 10 06 14 28 00   6966          33   122    17    64   6.60 220.30  -2.10  85.00 0.0370 0 1
s 1911 10 06 14 28 00   6966     1    33   122    17    64   6.60 220.30  -2.10  85.00 0.0370 0 1
d 1911 10 07 10 32 00 GREE            28   111    14    56 2419316.93889  26.39   6.37
g 1911 10 07 10 32 00   6966          28   111    14    56   6.70 220.30   9.00 272.60 0.1570 0 1
s 1911 10 07 10 32 00   6966     1    28   111    14    56   6.70 220.30   9.00 272.60 0.1570 0 1
d 1911 10 08 12 40 00 GREE             8    33     4    17 2419318.02778  26.41   6.30
g 1911 10 08 12 40 00   6966           8    33     4    17   6.50 220.90  23.90 271.80 0.4050 0 1
s 1911 10 08 12 40 00   6966     1     8    33     4    17   6.50 220.90  23.90 271.80 0.4050 0 1
d 1911 10 09 09 34 01 GREE             0     0     0     0 2419318.89862  26.43   6.25
d 1911 10 10 09 47 01 GREE             0     0     0     0 2419319.90765  26.44   6.18
d 1911 10 11 10 12 00 GREE             0     8     0     6 2419320.92500  26.44   6.11
g 1911 10 11 10 12 00   6967           0     8     0     6   3.70 202.80  44.10 269.00 0.6990 0 2
s 1911 10 11 10 12 00   6967     1     0     8     0     6   3.70 202.80  44.10 269.00 0.6990 0 2
d 1911 10 12 09 53 00 GREE             0     0     0     0 2419321.91181  26.44   6.05
d 1911 10 13 02 12 00 GREE             0     0     0     0 2419322.59167  26.43   6.00
d 1911 10 14 10 45 00 GREE             0     0     0     0 2419323.94792  26.40   5.90
d 1911 10 15 10 04 01 GREE             0     0     0     0 2419324.91946  26.38   5.83
d 1911 10 16 12 43 00 GREE             0     0     0     0 2419326.02986  26.34   5.75
d 1911 10 17 11 36 01 GREE             0     0     0     0 2419326.98334  26.30   5.67
d 1911 10 18 12 08 01 GREE             0     0     0     0 2419328.00557  26.24   5.59
d 1911 10 19 02 26 01 GREE             0     0     0     0 2419328.60140  26.21   5.54
d 1911 10 20 12 41 01 GREE             0     0     0     0 2419330.02848  26.12   5.43
d 1911 10 21 10 43 01 GREE             0     0     0     0 2419330.94654  26.05   5.35
d 1911 10 22 13 12 00 GREE             0     0     0     0 2419332.05000  25.96   5.25
d 1911 10 23 09 46 00 GREE             0     0     0     0 2419332.90694  25.88   5.18
d 1911 10 24 02 18 00 GREE             0     0     0     0 2419333.59583  25.82   5.12
d 1911 10 25 09 54 01 GREE             0     0     0     0 2419334.91251  25.68   5.00
d 1911 10 26 14 49 01 GREE             0     0     0     0 2419336.11737  25.55   4.89
d 1911 10 27 10 42 00 GREE             0     0     0     0 2419336.94583  25.45   4.81
d 1911 10 28 09 47 01 GREE             0     0     0     0 2419337.90765  25.32   4.72
d 1911 10 29 13 13 00 GREE             0     0     0     0 2419339.05069  25.17   4.61
d 1911 10 30 09 28 01 GREE             0     0     0     0 2419339.89446  25.05   4.52
d 1911 10 31 09 51 01 GREE             0     0     0     0 2419340.91043  24.89   4.42
d 1911 11 01 11 26 01 GREE            25   117    12    60 2419341.97640  24.72   4.32
g 1911 11 01 11 26 01   6968          21    94    10    48  -2.40 246.20   5.10 217.30 0.1940 0 7
s 1911 11 01 11 26 01   6968     1    21    94    10    48  -2.40 246.20   5.10 217.30 0.1940 0 7
g 1911 11 01 11 26 01   6969           4    23     2    12  -2.90 242.50   1.40 191.00 0.1280 0 7
s 1911 11 01 11 26 01   6969     1     4    23     2    12  -2.90 242.50   1.40 191.00 0.1280 0 7
d 1911 11 02 12 24 00 GREE            10    45     5    23 2419343.01667  24.55   4.21
g 1911 11 02 12 24 00   6968          10    45     5    23  -2.00 248.10  20.70 253.70 0.3690 0 0
s 1911 11 02 12 24 00   6968     1    10    45     5    23  -2.00 248.10  20.70 253.70 0.3690 0 0
d 1911 11 03 09 44 01 GREE             6    27     3    15 2419343.90557  24.39   4.12
g 1911 11 03 09 44 01   6968           6    27     3    15  -1.90 249.60  33.90 260.60 0.5670 0 0
s 1911 11 03 09 44 01   6968     1     6    27     3    15  -1.90 249.60  33.90 260.60 0.5670 0 0
d 1911 11 04 02 19 01 GREE             8    27     4    17 2419344.59654  24.27   4.04
g 1911 11 04 02 19 01   6968           8    27     4    17  -1.90 250.80  44.20 263.20 0.7040 0 2
s 1911 11 04 02 19 01   6968     1     8    27     4    17  -1.90 250.80  44.20 263.20 0.7040 0 2
d 1911 11 05 11 39 01 GREE             0     0     0     0 2419345.98543  24.00   3.90
d 1911 11 06 09 47 01 GREE             0     0     0     0 2419346.90765  23.82   3.80
d 1911 11 07 10 33 01 GREE             0     0     0     0 2419347.93959  23.61   3.69
d 1911 11 08 10 39 00 GREE             0     0     0     0 2419348.94375  23.39   3.58
d 1911 11 09 10 59 01 GREE             0     9     0     8 2419349.95765  23.16   3.46
g 1911 11 09 10 59 01   6970           0     9     0     8  -8.60  99.30 -36.60 108.50 0.6230 0 0
s 1911 11 09 10 59 01   6970     1     0     9     0     8  -8.60  99.30 -36.60 108.50 0.6230 0 0
d 1911 11 10 12 23 00 GREE             7    20     4    13 2419351.01597  22.92   3.34
g 1911 11 10 12 23 00   6970           7    20     4    13  -8.60 100.70 -21.20 119.50 0.4120 0 0
s 1911 11 10 12 23 00   6970     1     7    20     4    13  -8.60 100.70 -21.20 119.50 0.4120 0 0
d 1911 11 11 09 38 01 GREE             3    10     1     6 2419351.90140  22.71   3.24
g 1911 11 11 09 38 01   6970           3    10     1     6  -8.60 101.60  -8.60 144.10 0.2530 0 0
s 1911 11 11 09 38 01   6970     1     3    10     1     6  -8.60 101.60  -8.60 144.10 0.2530 0 0
d 1911 11 12 08 45 01 GREE             4    11     2     6 2419352.86459  22.47   3.13
g 1911 11 12 08 45 01   6970           4    11     2     6  -8.60 102.00   4.50 198.90 0.2400 0 0
s 1911 11 12 08 45 01   6970     1     4    11     2     6  -8.60 102.00   4.50 198.90 0.2400 0 0
d 1911 11 13 12 27 00 GREE             0     0     0     0 2419354.01875  22.18   3.00
d 1911 11 14 14 48 00 GREE             2    16     1    11 2419355.11667  21.89   2.87
g 1911 11 14 14 48 00   6971           2    16     1    11   1.70  23.90 -44.00  90.50 0.6880 0 2
s 1911 11 14 14 48 00   6971     1     2    16     1    11   1.70  23.90 -44.00  90.50 0.6880 0 2
d 1911 11 15 09 20 00 GREE             0     0     0     0 2419355.88889  21.68   2.78
d 1911 11 16 10 45 00 GREE             0     0     0     0 2419356.94792  21.39   2.66
d 1911 11 17 10 22 00 GREE             0     0     0     0 2419357.93194  21.11   2.54
d 1911 11 18 09 50 00 GREE             0     0     0     0 2419358.90972  20.83   2.42
d 1911 11 19 10 35 00 GREE             0     0     0     0 2419359.94097  20.52   2.30
d 1911 11 20 10 20 01 GREE             0     0     0     0 2419360.93057  20.22   2.18
d 1911 11 21 11 31 00 GREE            14   107    27   210 2419361.97986  19.89   2.05
g 1911 11 21 11 31 00   6972          14   107    27   210  -2.20 262.20 -75.20  92.80 0.9670 0 9
s 1911 11 21 11 31 00   6972     1    14   107    27   210  -2.20 262.20 -75.20  92.80 0.9670 0 9
d 1911 11 22 10 48 00 GREE            36   149    39   161 2419362.95000  19.58   1.93
g 1911 11 22 10 48 00   6972          36   149    39   161  -2.40 262.30 -62.30  93.70 0.8870 0 9
s 1911 11 22 10 48 00   6972     1    36   149    39   161  -2.40 262.30 -62.30  93.70 0.8870 0 9
d 1911 11 23 09 51 01 GREE            49   253    38   196 2419363.91043  19.26   1.81
g 1911 11 23 09 51 01   6972          49   253    38   196  -2.00 262.40 -49.60  94.10 0.7650 0 9
s 1911 11 23 09 51 01   6972     1    49   253    38   196  -2.00 262.40 -49.60  94.10 0.7650 0 9
d 1911 11 24 03 21 01 GREE            54   297    36   197 2419364.63959  19.02   1.72
g 1911 11 24 03 21 01   6972          53   284    35   186  -1.90 262.20 -40.10  95.00 0.6460 0 9
s 1911 11 24 03 21 01   6972     1    53   284    35   186  -1.90 262.20 -40.10  95.00 0.6460 0 9
g 1911 11 24 03 21 01   6973           1    13     1    11 -10.30 249.60 -52.70 104.50 0.8040 0 2
s 1911 11 24 03 21 01   6973     1     1    13     1    11 -10.30 249.60 -52.70 104.50 0.8040 0 2
d 1911 11 25 10 00 00 GREE            53   299    29   162 2419365.91667  18.58   1.57
g 1911 11 25 10 00 00   6972          53   299    29   162  -2.10 263.20 -22.30  99.30 0.3840 0 9
s 1911 11 25 10 00 00   6972     1    53   299    29   162  -2.10 263.20 -22.30  99.30 0.3840 0 9
d 1911 11 26 08 49 01 GREE            57   285    30   155 2419366.86737  18.25   1.45
g 1911 11 26 08 49 01   6972          57   285    30   155  -2.50 263.60  -9.40 112.80 0.1770 0 9
s 1911 11 26 08 49 01   6972     1    57   285    30   155  -2.50 263.60  -9.40 112.80 0.1770 0 9
d 1911 11 27 10 42 00 GREE            47   254    23   129 2419367.94583  17.87   1.31
g 1911 11 27 10 42 00   6972          47   254    23   129  -2.00 264.30   5.50 239.00 0.1120 0 9
s 1911 11 27 10 42 00   6972     1    47   254    23   129  -2.00 264.30   5.50 239.00 0.1120 0 9
d 1911 11 28 12 17 00 GREE            36   236    18   119 2419369.01181  17.48   1.18
g 1911 11 28 12 17 00   6972          36   236    18   119  -1.70 264.60  19.90 261.80 0.3440 0 9
s 1911 11 28 12 17 00   6972     1    36   236    18   119  -1.70 264.60  19.90 261.80 0.3440 0 9
d 1911 11 29 02 55 01 GREE            30   239    16   128 2419369.62154  17.26   1.10
g 1911 11 29 02 55 01   6972          30   239    16   128  -1.70 265.10  28.40 264.40 0.4780 0 9
s 1911 11 29 02 55 01   6972     1    30   239    16   128  -1.70 265.10  28.40 264.40 0.4780 0 9
d 1911 11 30 10 32 00 GREE            18   140    13   101 2419370.93889  16.77   0.93
g 1911 11 30 10 32 00   6972          18   140    13   101  -2.00 265.40  46.10 266.30 0.7220 0 9
s 1911 11 30 10 32 00   6972     1    18   140    13   101  -2.00 265.40  46.10 266.30 0.7220 0 9
d 1911 12 01 10 50 01 GREE            22    94    22    93 2419371.95140  16.38   0.81
g 1911 12 01 10 50 01   6972          22    94    22    93  -1.90 265.50  59.50 267.30 0.8620 0 9
s 1911 12 01 10 50 01   6972     1    22    94    22    93  -1.90 265.50  59.50 267.30 0.8620 0 9
d 1911 12 02 03 20 00 GREE             4    27     6    39 2419372.63889  16.12   0.72
g 1911 12 02 03 20 00   6972           4    27     6    39  -2.00 266.20  69.30 267.60 0.9360 0 9
s 1911 12 02 03 20 00   6972     1     4    27     6    39  -2.00 266.20  69.30 267.60 0.9360 0 9
d 1911 12 03 11 00 01 GREE             0     0     0     0 2419373.95834  15.60   0.55
d 1911 12 04 11 21 00 GREE             0     0     0     0 2419374.97292  15.20   0.42
d 1911 12 05 11 45 01 GREE             0     0     0     0 2419375.98959  14.79   0.29
d 1911 12 06 11 54 00 GREE             0     0     0     0 2419376.99583  14.37   0.16
d 1911 12 07 10 46 01 GREE             0     0     0     0 2419377.94862  13.98   0.04
d 1911 12 08 10 42 00 GREE             0     0     0     0 2419378.94583  13.56  -0.09
d 1911 12 09 10 16 00 GREE             0     0     0     0 2419379.92778  13.14  -0.21
d 1911 12 10 09 14 00 GREE             0     0     0     0 2419380.88472  12.73  -0.34
d 1911 12 11 09 46 00 GREE             0     0     0     0 2419381.90694  12.29  -0.47
d 1911 12 12 12 43 00 GREE             0     0     0     0 2419383.02986  11.79  -0.61
d 1911 12 13 11 25 00 GREE             0     0     0     0 2419383.97569  11.37  -0.73
d 1911 12 14 09 56 00 GREE             0     0     0     0 2419384.91389  10.95  -0.85
d 1911 12 15 06 00 00 GREE             0     0     0     0 2419385.75000  10.58  -0.96
d 1911 12 16 09 43 00 GREE             0     0     0     0 2419386.90486  10.05  -1.11
d 1911 12 17 05 44 00 GREE             0     0     0     0 2419387.73889   9.67  -1.21
d 1911 12 18 12 47 01 GREE             3    27     3    22 2419389.03265   9.07  -1.38
g 1911 12 18 12 47 01   6974           3    27     3    22  23.50 294.30 -46.60  58.20 0.7840 0 2
s 1911 12 18 12 47 01   6974     1     3    27     3    22  23.50 294.30 -46.60  58.20 0.7840 0 2
d 1911 12 19 12 20 00 GREE             4    20     2    16 2419390.01389   8.61  -1.50
g 1911 12 19 12 20 00   6974           2    10     1     8  23.30 295.10 -32.90  50.20 0.6490 0 0
s 1911 12 19 12 20 00   6974     1     2    10     1     8  23.30 295.10 -32.90  50.20 0.6490 0 0
g 1911 12 19 12 20 00   6975           2    10     1     8 -15.40 292.60 -35.40 113.70 0.6100 0 0
s 1911 12 19 12 20 00   6975     1     2    10     1     8 -15.40 292.60 -35.40 113.70 0.6100 0 0
d 1911 12 20 10 19 00 GREE            37   123    21    69 2419390.92986   8.19  -1.61
g 1911 12 20 10 19 00   6975          37   123    21    69 -14.60 291.90 -24.00 120.00 0.4550 0 8
s 1911 12 20 10 19 00   6975     1    37   123    21    69 -14.60 291.90 -24.00 120.00 0.4550 0 8
d 1911 12 21 10 30 01 GREE            31   106    17    60 2419391.93751   7.71  -1.74
g 1911 12 21 10 30 01   6975          31   106    17    60 -14.40 291.90 -10.70 140.70 0.2840 0 8
s 1911 12 21 10 30 01   6975     1    31   106    17    60 -14.40 291.90 -10.70 140.70 0.2840 0 8
d 1911 12 22 10 40 01 GREE            18    78     9    41 2419392.94446   7.23  -1.87
g 1911 12 22 10 40 01   6975          18    78     9    41 -14.20 292.00   2.60 191.70 0.2180 0 8
s 1911 12 22 10 40 01   6975     1    18    78     9    41 -14.20 292.00   2.60 191.70 0.2180 0 8
d 1911 12 23 10 26 00 GREE             3    19     1    10 2419393.93472   6.76  -1.99
g 1911 12 23 10 26 00   6975           3    19     1    10 -14.40 292.70  16.40 231.70 0.3490 0 8
s 1911 12 23 10 26 00   6975     1     3    19     1    10 -14.40 292.70  16.40 231.70 0.3490 0 8
d 1911 12 24 09 31 01 GREE             4    13     2     7 2419394.89654   6.30  -2.11
g 1911 12 24 09 31 01   6975           4    13     2     7 -14.30 293.60  29.90 245.90 0.5290 0 7
s 1911 12 24 09 31 01   6975     1     4    13     2     7 -14.30 293.60  29.90 245.90 0.5290 0 7
d 1911 12 25 11 28 00 GREE             0     0     0     0 2419395.97778   5.78  -2.24
d 1911 12 26 09 53 00 GREE             0     0     0     0 2419396.91181   5.33  -2.35
d 1911 12 27 10 30 01 GREE             0    45     0    24 2419397.93751   4.84  -2.48
g 1911 12 27 10 30 01   6976           0    45     0    24   7.40 255.70  32.30 287.30 0.5550 0 4
s 1911 12 27 10 30 01   6976     1     0    45     0    24   7.40 255.70  32.30 287.30 0.5550 0 4
d 1911 12 28 10 43 01 GREE             2    43     2    33 2419398.94654   4.35  -2.60
g 1911 12 28 10 43 01   6976           2    43     2    33   7.50 258.30  48.00 282.30 0.7550 0 4
s 1911 12 28 10 43 01   6976     1     2    43     2    33   7.50 258.30  48.00 282.30 0.7550 0 4
d 1911 12 29 10 35 00 GREE             3    39     4    40 2419399.94097   3.87  -2.72
g 1911 12 29 10 35 00   6976           3    39     4    40   6.80 257.20  60.00 279.40 0.8730 0 4
s 1911 12 29 10 35 00   6976     1     3    39     4    40   6.80 257.20  60.00 279.40 0.8730 0 4
d 1911 12 30 05 54 00 GREE             7    25    11    25 2419400.74583   3.47  -2.81
g 1911 12 30 05 54 00   6976           7    25    11    25   7.20 256.00  69.40 278.70 0.9410 0 4
s 1911 12 30 05 54 00   6976     1     7    25    11    25   7.20 256.00  69.40 278.70 0.9410 0 4
d 1911 12 31 14 16 01 GREE             0     0     0     0 2419402.09446   2.82  -2.97
