d 1933 01 01 09 28 01 GREE             0     0     0     0 2427073.89446   2.00  -3.14
d 1933 01 02 08 39 01 GREE             0     0     0     0 2427074.86043   1.53  -3.25
d 1933 01 03 07 55 00 GREE            20    94    44   201 2427075.82986   1.06  -3.36
g 1933 01 03 07 55 00  11530          20    94    44   201  10.00 329.50 -75.40  78.90 0.9720 1 0
s 1933 01 03 07 55 00  11530     1    20    94    44   201  10.00 329.50 -75.40  78.90 0.9720 1 0
d 1933 01 04 11 28 00 GREE            43   232    60   302 2427076.97778   0.50  -3.49
g 1933 01 04 11 28 00  11530          32   192    35   210  10.30 328.60 -61.20  76.50 0.8890 1 0
s 1933 01 04 11 28 00  11530     1    32   192    35   210  10.30 328.60 -61.20  76.50 0.8890 1 0
g 1933 01 04 11 28 00  11531          11    40    25    92   9.30 313.70 -76.10  79.60 0.9750 1 0
s 1933 01 04 11 28 00  11531     1    11    40    25    92   9.30 313.70 -76.10  79.60 0.9750 1 0
d 1933 01 05 09 36 00 GREE            82   389    76   353 2427077.90000   0.05  -3.60
g 1933 01 05 09 36 00  11530          52   267    41   211  10.10 329.00 -48.70  73.80 0.7730 1 0
s 1933 01 05 09 36 00  11530     1    52   267    41   211  10.10 329.00 -48.70  73.80 0.7730 1 0
g 1933 01 05 09 36 00  11531          30   122    35   142   9.00 314.60 -63.10  78.20 0.9020 1 0
s 1933 01 05 09 36 00  11531     1    30   122    35   142   9.00 314.60 -63.10  78.20 0.9020 1 0
d 1933 01 06 09 15 01 GREE            96   477    68   335 2427078.88543  -0.43  -3.70
g 1933 01 06 09 15 01  11530          62   300    40   192  10.40 328.80 -35.90  68.10 0.6240 1 0
s 1933 01 06 09 15 01  11530     1    62   300    40   192  10.40 328.80 -35.90  68.10 0.6240 1 0
g 1933 01 06 09 15 01  11531          34   177    28   143   9.00 314.60 -50.10  75.40 0.7850 1 0
s 1933 01 06 09 15 01  11531     1    34   177    28   143   9.00 314.60 -50.10  75.40 0.7850 1 0
d 1933 01 07 11 03 01 GREE           132   587    77   345 2427079.96043  -0.95  -3.82
g 1933 01 07 11 03 01  11530          88   357    49   199  10.20 328.80 -21.70  56.90 0.4370 1 0
s 1933 01 07 11 03 01  11530     1    88   357    49   199  10.20 328.80 -21.70  56.90 0.4370 1 0
g 1933 01 07 11 03 01  11531          44   230    28   146   9.10 315.00 -35.50  69.80 0.6130 1 0
s 1933 01 07 11 03 01  11531     1    44   230    28   146   9.10 315.00 -35.50  69.80 0.6130 1 0
d 1933 01 08 08 55 01 GREE           106   602    57   325 2427080.87154  -1.39  -3.92
g 1933 01 08 08 55 01  11530          74   362    39   190  10.30 328.80  -9.70  34.10 0.2960 1 0
s 1933 01 08 08 55 01  11530     1    74   362    39   190  10.30 328.80  -9.70  34.10 0.2960 1 0
g 1933 01 08 08 55 01  11531          32   240    18   135   9.20 315.00 -23.50  60.60 0.4530 1 0
s 1933 01 08 08 55 01  11531     1    32   240    18   135   9.20 315.00 -23.50  60.60 0.4530 1 0
d 1933 01 09 10 12 00 GREE           136   633    71   329 2427081.92500  -1.90  -4.04
g 1933 01 09 10 12 00  11530          73   348    38   180  10.20 328.90   4.20 343.40 0.2560 1 0
s 1933 01 09 10 12 00  11530     1    73   348    38   180  10.20 328.90   4.20 343.40 0.2560 1 0
g 1933 01 09 10 12 00  11531          63   285    33   149   9.30 315.20  -9.50  35.60 0.2820 1 0
s 1933 01 09 10 12 00  11531     1    63   285    33   149   9.30 315.20  -9.50  35.60 0.2820 1 0
d 1933 01 10 11 11 00 GREE           165   616    90   328 2427082.96597  -2.40  -4.15
g 1933 01 10 11 11 00 106101           1     9     1     5   3.40 333.40  22.50 288.20 0.4020 0 0
s 1933 01 10 11 11 00 106101     1     1     9     1     5   3.40 333.40  22.50 288.20 0.4020 0 0
g 1933 01 10 11 11 00 106102           3    11     2     6   5.50 324.90  14.00 304.60 0.2910 0 0
s 1933 01 10 11 11 00 106102     1     3    11     2     6   5.50 324.90  14.00 304.60 0.2910 0 0
g 1933 01 10 11 11 00 106103           3    13     2     7  12.20 308.20  -2.70   9.80 0.2860 0 0
s 1933 01 10 11 11 00 106103     1     3    13     2     7  12.20 308.20  -2.70   9.80 0.2860 0 0
g 1933 01 10 11 11 00 106104           3     9     2     5   6.30 304.80  -6.10  30.70 0.2100 0 0
s 1933 01 10 11 11 00 106104     1     3     9     2     5   6.30 304.80  -6.10  30.70 0.2100 0 0
g 1933 01 10 11 11 00  11530          84   299    46   163  10.30 329.00  18.00 308.80 0.3920 1 0
s 1933 01 10 11 11 00  11530     1    84   299    46   163  10.30 329.00  18.00 308.80 0.3920 1 0
g 1933 01 10 11 11 00  11531          71   275    37   142   9.40 315.20   4.20 342.90 0.2450 1 0
s 1933 01 10 11 11 00  11531     1    71   275    37   142   9.40 315.20   4.20 342.90 0.2450 1 0
d 1933 01 11 09 56 00 GREE            85   612    48   351 2427083.91389  -2.86  -4.25
g 1933 01 11 09 56 00  11530          28   341    17   205  10.10 329.00  30.50 295.40 0.5550 1 0
s 1933 01 11 09 56 00  11530     1    28   341    17   205  10.10 329.00  30.50 295.40 0.5550 1 0
g 1933 01 11 09 56 00  11531          57   271    31   146   9.40 315.50  17.00 308.80 0.3720 1 0
s 1933 01 11 09 56 00  11531     1    57   271    31   146   9.40 315.50  17.00 308.80 0.3720 1 0
d 1933 01 12 12 20 00 GREE           128   553    84   366 2427085.01389  -3.38  -4.36
g 1933 01 12 12 20 00 106105           1     6     1     4   5.50 315.10  31.10 287.40 0.5410 0 0
s 1933 01 12 12 20 00 106105     1     1     6     1     4   5.50 315.10  31.10 287.40 0.5410 0 0
g 1933 01 12 12 20 00  11530          51   256    38   189  10.10 329.00  45.00 288.10 0.7350 1 0
s 1933 01 12 12 20 00  11530     1    51   256    38   189  10.10 329.00  45.00 288.10 0.7350 1 0
g 1933 01 12 12 20 00  11531          59   251    36   152   9.30 315.40  31.40 293.70 0.5640 1 0
s 1933 01 12 12 20 00  11531     1    59   251    36   152   9.30 315.40  31.40 293.70 0.5640 1 0
g 1933 01 12 12 20 00  11532          17    40     9    21   2.40 272.30 -11.70  60.00 0.2350 2 4
s 1933 01 12 12 20 00  11532     1    17    40     9    21   2.40 272.30 -11.70  60.00 0.2350 2 4
d 1933 01 13 10 10 01 GREE            84   504    62   383 2427085.92362  -3.81  -4.45
g 1933 01 13 10 10 01  11530          25   189    24   181   9.80 328.60  56.60 284.40 0.8520 1 0
s 1933 01 13 10 10 01  11530     1    25   189    24   181   9.80 328.60  56.60 284.40 0.8520 1 0
g 1933 01 13 10 10 01  11531          32   186    23   133   9.20 315.40  43.40 287.60 0.7140 1 0
s 1933 01 13 10 10 01  11531     1    32   186    23   133   9.20 315.40  43.40 287.60 0.7140 1 0
g 1933 01 13 10 10 01  11532          19    97    10    49   1.90 273.10   1.10 350.30 0.1150 2 4
s 1933 01 13 10 10 01  11532     1    19    97    10    49   1.90 273.10   1.10 350.30 0.1150 2 4
g 1933 01 13 10 10 01  11533           8    32     5    20  12.40 302.70  30.70 299.20 0.5740 2 9
s 1933 01 13 10 10 01  11533     1     8    32     5    20  12.40 302.70  30.70 299.20 0.5740 2 9
d 1933 01 14 12 07 00 GREE           156   525   158   531 2427087.00486  -4.33  -4.56
g 1933 01 14 12 07 00  11530          40   131    68   221   9.90 329.10  71.30 281.90 0.9550 1 0
s 1933 01 14 12 07 00  11530     1    40   131    68   221   9.90 329.10  71.30 281.90 0.9550 1 0
g 1933 01 14 12 07 00  11531          33   136    33   135   9.10 315.80  58.00 283.50 0.8630 1 0
s 1933 01 14 12 07 00  11531     1    33   136    33   135   9.10 315.80  58.00 283.50 0.8630 1 0
g 1933 01 14 12 07 00  11532          30   102    16    54   2.20 274.50  16.70 291.80 0.3110 2 4
s 1933 01 14 12 07 00  11532     1    30   102    16    54   2.20 274.50  16.70 291.80 0.3110 2 4
g 1933 01 14 12 07 00  11533          53   156    41   121  12.80 304.50  46.70 291.10 0.7630 2 9
s 1933 01 14 12 07 00  11533     1    53   156    41   121  12.80 304.50  46.70 291.10 0.7630 2 9
d 1933 01 15 03 34 01 GREE            74   368    99   468 2427087.64862  -4.63  -4.63
g 1933 01 15 03 34 01  11530          15    66    48   206  10.10 328.80  79.50 281.00 0.9870 1 0
s 1933 01 15 03 34 01  11530     1    15    66    48   206  10.10 328.80  79.50 281.00 0.9870 1 0
g 1933 01 15 03 34 01  11531          12    69    16    92   9.30 315.70  66.40 282.00 0.9260 1 0
s 1933 01 15 03 34 01  11531     1    12    69    16    92   9.30 315.70  66.40 282.00 0.9260 1 0
g 1933 01 15 03 34 01  11532          28   140    16    78   1.80 274.40  25.10 283.80 0.4380 2 4
s 1933 01 15 03 34 01  11532     1    28   140    16    78   1.80 274.40  25.10 283.80 0.4380 2 4
g 1933 01 15 03 34 01  11533          19    93    19    92  13.10 306.10  56.80 288.20 0.8600 2 9
s 1933 01 15 03 34 01  11533     1    19    93    19    92  13.10 306.10  56.80 288.20 0.8600 2 9
d 1933 01 16 08 19 01 GREE            19    89    35   154 2427088.84654  -5.19  -4.74
g 1933 01 16 08 19 01  11531           3    20    16    85   9.30 315.50  82.00 280.00 0.9930 1 0
s 1933 01 16 08 19 01  11531     1     3    20    16    85   9.30 315.50  82.00 280.00 0.9930 1 0
g 1933 01 16 08 19 01  11532          11    52     8    35   1.20 274.50  41.00 277.20 0.6630 2 4
s 1933 01 16 08 19 01  11532     1    11    52     8    35   1.20 274.50  41.00 277.20 0.6630 2 4
g 1933 01 16 08 19 01  11533           5    17    11    34  13.50 306.40  72.90 285.40 0.9650 2 9
s 1933 01 16 08 19 01  11533     1     5    17    11    34  13.50 306.40  72.90 285.40 0.9650 2 9
d 1933 01 17 09 53 00 GREE             8    17     8    16 2427089.91181  -5.69  -4.85
g 1933 01 17 09 53 00  11532           8    17     8    16   1.70 276.80  57.30 275.20 0.8470 2 4
s 1933 01 17 09 53 00  11532     1     8    17     8    16   1.70 276.80  57.30 275.20 0.8470 2 4
d 1933 01 18 10 46 01 GREE             0     0     0     0 2427090.94862  -6.17  -4.95
d 1933 01 19 12 12 01 GREE             0     0     0     0 2427092.00834  -6.66  -5.04
d 1933 01 20 08 18 00 GREE             0     0     0     0 2427092.84583  -7.04  -5.12
d 1933 01 21 11 48 00 GREE             0     0     0     0 2427093.99167  -7.57  -5.22
d 1933 01 22 08 58 01 GREE             0     0     0     0 2427094.87362  -7.96  -5.30
d 1933 01 23 08 26 01 GREE             0     0     0     0 2427095.85140  -8.40  -5.39
d 1933 01 24 02 36 01 GREE             0     0     0     0 2427096.60834  -8.74  -5.45
d 1933 01 25 10 39 00 GREE             0     0     0     0 2427097.94375  -9.33  -5.56
d 1933 01 26 12 34 01 GREE             0     0     0     0 2427099.02362  -9.80  -5.65
d 1933 01 27 12 43 00 GREE             0     0     0     0 2427100.02986 -10.23  -5.73
d 1933 01 28 10 48 00 GREE             9    27    10    29 2427100.95000 -10.63  -5.80
g 1933 01 28 10 48 00  11534           9    27    10    29   4.90  13.90 -60.30  81.10 0.8780 1 5
s 1933 01 28 10 48 00  11534     1     9    27    10    29   4.90  13.90 -60.30  81.10 0.8780 1 5
d 1933 01 29 09 05 01 GREE            29   190    22   144 2427101.87848 -11.02  -5.88
g 1933 01 29 09 05 01  11534          29   190    22   144   4.40  14.60 -47.30  78.80 0.7490 1 5
s 1933 01 29 09 05 01  11534     1    29   190    22   144   4.40  14.60 -47.30  78.80 0.7490 1 5
d 1933 01 30 08 34 00 GREE            53   303    44   274 2427102.85694 -11.43  -5.95
g 1933 01 30 08 34 00  11534          50   272    31   166   4.70  16.10 -33.00  72.80 0.5710 1 5
s 1933 01 30 08 34 00  11534     1    50   272    31   166   4.70  16.10 -33.00  72.80 0.5710 1 5
g 1933 01 30 08 34 00  11535           3    31    13   108  10.30 329.20 -79.90  78.60 0.9890 1 0
s 1933 01 30 08 34 00  11535     1     3    31    13   108  10.30 329.20 -79.90  78.60 0.9890 1 0
d 1933 01 31 10 24 01 GREE           118   494    83   340 2427103.93334 -11.88  -6.03
g 1933 01 31 10 24 01  11534          62   301    33   160   5.20  19.20 -15.70  54.70 0.3320 1 5
s 1933 01 31 10 24 01  11534     1    62   301    33   160   5.20  19.20 -15.70  54.70 0.3320 1 5
g 1933 01 31 10 24 01  11535          24    95    32   126  10.50 329.20 -65.70  76.00 0.9250 1 1
s 1933 01 31 10 24 01  11535     1    24    95    32   126  10.50 329.20 -65.70  76.00 0.9250 1 1
g 1933 01 31 10 24 01  11536          32    98    18    54   5.70  14.00 -20.90  60.90 0.4080 5 4
s 1933 01 31 10 24 01  11536     1    32    98    18    54   5.70  14.00 -20.90  60.90 0.4080 5 4
d 1933 02 01 02 54 00 GREE           170   795   155   796 2427104.62083 -12.17  -6.07
g 1933 02 01 02 54 00  11534          80   349    41   179   5.10  20.30  -5.50  26.30 0.2170 1 5
s 1933 02 01 02 54 00  11534     1    80   349    41   179   5.10  20.30  -5.50  26.30 0.2170 1 5
g 1933 02 01 02 54 00  11535          27   123    27   120   9.90 329.10 -56.70  74.50 0.8570 1 1
s 1933 02 01 02 54 00  11535     1    27   123    27   120   9.90 329.10 -56.70  74.50 0.8570 1 1
g 1933 02 01 02 54 00  11536          40   180    21    94   5.90  14.60 -11.20  43.10 0.2840 5 4
s 1933 02 01 02 54 00  11536     1    40   180    21    94   5.90  14.60 -11.20  43.10 0.2840 5 4
g 1933 02 01 02 54 00  11537          23   143    66   403  15.50 308.40 -77.40  73.00 0.9840 2 6
s 1933 02 01 02 54 00  11537     1    23   143    66   403  15.50 308.40 -77.40  73.00 0.9840 2 6
d 1933 02 02 09 37 00 GREE           344  1890   355  1929 2427105.90069 -12.69  -6.16
g 1933 02 02 09 37 00  11534          91   476    48   249   5.30  21.30  12.30 313.00 0.2910 1 5
s 1933 02 02 09 37 00  11534     1    91   476    48   249   5.30  21.30  12.30 313.00 0.2910 1 5
g 1933 02 02 09 37 00  11535          23   172    16   118   9.60 329.00 -40.00  68.70 0.6830 1 1
s 1933 02 02 09 37 00  11535     1    23   172    16   118   9.60 329.00 -40.00  68.70 0.6830 1 1
g 1933 02 02 09 37 00  11536          48   260    25   134   6.10  14.80   5.80 334.60 0.2370 5 4
s 1933 02 02 09 37 00  11536     1    48   260    25   134   6.10  14.80   5.80 334.60 0.2370 5 4
g 1933 02 02 09 37 00  11537         182   982   266  1428  13.10 301.70 -67.30  73.50 0.9390 2 6
s 1933 02 02 09 37 00  11537     1   182   982   266  1428  13.10 301.70 -67.30  73.50 0.9390 2 6
d 1933 02 03 09 11 01 GREE           440  2182   366  1815 2427106.88265 -13.08  -6.23
g 1933 02 03 09 11 01  11534          64   351    37   201   5.70  22.60  26.50 293.60 0.4870 1 5
s 1933 02 03 09 11 01  11534     1    64   351    37   201   5.70  22.60  26.50 293.60 0.4870 1 5
g 1933 02 03 09 11 01  11535          35   185    21   109   9.80 329.00 -27.10  59.60 0.5220 1 0
s 1933 02 03 09 11 01  11535     1    35   185    21   109   9.80 329.00 -27.10  59.60 0.5220 1 0
g 1933 02 03 09 11 01  11536          20    45    11    25   7.00  15.40  19.30 304.10 0.3980 5 4
s 1933 02 03 09 11 01  11536     1    20    45    11    25   7.00  15.40  19.30 304.10 0.3980 5 4
g 1933 02 03 09 11 01  11537         321  1601   297  1480  13.10 302.10 -54.00  70.00 0.8410 2 6
s 1933 02 03 09 11 01  11537     1   321  1601   297  1480  13.10 302.10 -54.00  70.00 0.8410 2 6
d 1933 02 04 08 06 01 GREE           450  2569   315  1785 2427107.83751 -13.46  -6.29
g 1933 02 04 08 06 01  11534          39   208    27   143   6.00  24.90  41.40 285.70 0.6850 1 5
s 1933 02 04 08 06 01  11534     1    39   208    27   143   6.00  24.90  41.40 285.70 0.6850 1 5
g 1933 02 04 08 06 01  11535          33   200    18   108   9.60 329.10 -14.40  42.30 0.3670 1 0
s 1933 02 04 08 06 01  11535     1    33   200    18   108   9.60 329.10 -14.40  42.30 0.3670 1 0
g 1933 02 04 08 06 01  11536           6    23     4    14   6.90  15.50  32.00 291.90 0.5690 5 4
s 1933 02 04 08 06 01  11536     1     6    23     4    14   6.90  15.50  32.00 291.90 0.5690 5 4
g 1933 02 04 08 06 01  11537         371  2135   264  1516  13.20 302.50 -41.00  64.20 0.7100 2 6
s 1933 02 04 08 06 01  11537     1   371  2135   264  1516  13.20 302.50 -41.00  64.20 0.7100 2 6
g 1933 02 04 08 06 01  11538           1     3     2     4  13.90 286.30 -57.20  70.00 0.8700 2 5
s 1933 02 04 08 06 01  11538     1     1     3     2     4  13.90 286.30 -57.20  70.00 0.8700 2 5
d 1933 02 05 11 47 00 GREE           517  3063   314  1844 2427108.99097 -13.92  -6.36
g 1933 02 05 11 47 00  11534          21   115    21   112   6.40  25.60  57.30 281.50 0.8560 1 5
s 1933 02 05 11 47 00  11534     1    21   115    21   112   6.40  25.60  57.30 281.50 0.8560 1 5
g 1933 02 05 11 47 00  11535          36   222    19   116   9.60 328.80   0.50 358.10 0.2760 1 1
s 1933 02 05 11 47 00  11535     1    36   222    19   116   9.60 328.80   0.50 358.10 0.2760 1 1
g 1933 02 05 11 47 00  11537         451  2695   267  1594  13.30 302.70 -25.60  52.20 0.5340 2 6
s 1933 02 05 11 47 00  11537     1   451  2695   267  1594  13.30 302.70 -25.60  52.20 0.5340 2 6
g 1933 02 05 11 47 00  11538           9    31     7    22  13.30 287.90 -40.40  63.80 0.7060 2 5
s 1933 02 05 11 47 00  11538     1     9    31     7    22  13.30 287.90 -40.40  63.80 0.7060 2 5
d 1933 02 06 10 36 00 GREE           549  2978   319  1709 2427109.94167 -14.28  -6.42
g 1933 02 06 10 36 00  11534          16    81    27   130   6.70  26.30  70.50 279.30 0.9500 1 5
s 1933 02 06 10 36 00  11534     1    16    81    27   130   6.70  26.30  70.50 279.30 0.9500 1 5
g 1933 02 06 10 36 00  11535          46   219    25   117   9.40 328.90  13.10 320.40 0.3520 1 0
s 1933 02 06 10 36 00  11535     1    46   219    25   117   9.40 328.90  13.10 320.40 0.3520 1 0
g 1933 02 06 10 36 00  11537         469  2632   256  1434  13.20 303.10 -12.70  32.70 0.3970 2 6
s 1933 02 06 10 36 00  11537     1   469  2632   256  1434  13.20 303.10 -12.70  32.70 0.3970 2 6
g 1933 02 06 10 36 00  11538          18    46    11    28  13.40 288.40 -27.40  53.90 0.5560 2 5
s 1933 02 06 10 36 00  11538     1    18    46    11    28  13.40 288.40 -27.40  53.90 0.5560 2 5
d 1933 02 07 11 58 01 GREE           453  2594   251  1412 2427110.99862 -14.69  -6.48
g 1933 02 07 11 58 01  11535          25   158    15    93   9.30 329.00  27.10 300.10 0.5210 1 0
s 1933 02 07 11 58 01  11535     1    25   158    15    93   9.30 329.00  27.10 300.10 0.5210 1 0
g 1933 02 07 11 58 01  11537         387  2279   206  1213  13.30 304.10   2.20 353.70 0.3420 2 6
s 1933 02 07 11 58 01  11537     1   387  2279   206  1213  13.30 304.10   2.20 353.70 0.3420 2 6
g 1933 02 07 11 58 01  11538          31   130    17    71  12.60 289.80 -12.10  32.10 0.3860 2 5
s 1933 02 07 11 58 01  11538     1    31   130    17    71  12.60 289.80 -12.10  32.10 0.3860 2 5
g 1933 02 07 11 58 01  11539          10    27    13    35 -12.10   9.10  67.20 259.60 0.9180 5 9
s 1933 02 07 11 58 01  11539     1    10    27    13    35 -12.10   9.10  67.20 259.60 0.9180 5 9
d 1933 02 08 07 43 01 GREE           378  2328   215  1300 2427111.82154 -15.00  -6.53
g 1933 02 08 07 43 01  11535          28   139    19    92   9.00 328.80  37.80 292.00 0.6550 1 0
s 1933 02 08 07 43 01  11535     1    28   139    19    92   9.00 328.80  37.80 292.00 0.6550 1 0
g 1933 02 08 07 43 01  11537         312  1929   171  1054  13.10 304.30  13.30 326.00 0.4030 2 6
s 1933 02 08 07 43 01  11537     1   312  1929   171  1054  13.10 304.30  13.30 326.00 0.4030 2 6
g 1933 02 08 07 43 01  11538          37   253    20   134  12.20 290.80  -0.20   0.60 0.3210 2 5
s 1933 02 08 07 43 01  11538     1    37   253    20   134  12.20 290.80  -0.20   0.60 0.3210 2 5
g 1933 02 08 07 43 01  11539           1     7     5    20 -11.80  10.20  79.20 259.20 0.9800 5 9
s 1933 02 08 07 43 01  11539     1     1     7     5    20 -11.80  10.20  79.20 259.20 0.9800 5 9
d 1933 02 09 07 45 00 GREE           383  1966   229  1177 2427112.82292 -15.37  -6.58
g 1933 02 09 07 45 00  11535          20   107    17    90   9.10 328.70  50.80 286.60 0.8010 1 0
s 1933 02 09 07 45 00  11535     1    20   107    17    90   9.10 328.70  50.80 286.60 0.8010 1 0
g 1933 02 09 07 45 00  11537         254  1395   152   833  13.10 304.50  26.60 306.70 0.5460 2 6
s 1933 02 09 07 45 00  11537     1   254  1395   152   833  13.10 304.50  26.60 306.70 0.5460 2 6
g 1933 02 09 07 45 00  11538         109   464    60   254  11.90 292.80  14.90 321.30 0.4030 2 5
s 1933 02 09 07 45 00  11538     1   109   464    60   254  11.90 292.80  14.90 321.30 0.4030 2 5
d 1933 02 10 11 21 00 GREE           295  1400   220  1020 2427113.97292 -15.79  -6.64
g 1933 02 10 11 21 00 106201           2     3     2     3  11.90 314.70  52.00 289.60 0.8210 0 0
s 1933 02 10 11 21 00 106201     1     2     3     2     3  11.90 314.70  52.00 289.60 0.8210 0 0
g 1933 02 10 11 21 00  11535          18    68    25    92   9.30 329.00  66.30 282.80 0.9280 1 0
s 1933 02 10 11 21 00  11535     1    18    68    25    92   9.30 329.00  66.30 282.80 0.9280 1 0
g 1933 02 10 11 21 00  11537         179   828   133   615  13.50 306.00  43.30 295.20 0.7390 2 6
s 1933 02 10 11 21 00  11537     1   179   828   133   615  13.50 306.00  43.30 295.20 0.7390 2 6
g 1933 02 10 11 21 00  11538          96   501    60   310  12.10 293.60  30.90 301.20 0.5890 2 5
s 1933 02 10 11 21 00  11538     1    96   501    60   310  12.10 293.60  30.90 301.20 0.5890 2 5
d 1933 02 11 10 14 01 GREE           167   940   170   911 2427114.92640 -16.14  -6.69
g 1933 02 11 10 14 01  11535           8    34    26   102   9.30 328.90  78.80 280.70 0.9860 1 0
s 1933 02 11 10 14 01  11535     1     8    34    26   102   9.30 328.90  78.80 280.70 0.9860 1 0
g 1933 02 11 10 14 01  11537         108   594   106   579  13.30 305.90  55.80 289.90 0.8580 2 6
s 1933 02 11 10 14 01  11537     1   108   594   106   579  13.30 305.90  55.80 289.90 0.8580 2 6
g 1933 02 11 10 14 01  11538          51   312    38   230  11.80 293.50  43.40 293.10 0.7330 2 5
s 1933 02 11 10 14 01  11538     1    51   312    38   230  11.80 293.50  43.40 293.10 0.7330 2 5
d 1933 02 12 08 09 01 GREE           104   481   145   655 2427115.83959 -16.46  -6.74
g 1933 02 12 08 09 01  11537          75   324   116   500  13.60 306.50  68.40 287.00 0.9460 2 6
s 1933 02 12 08 09 01  11537     1    75   324   116   500  13.60 306.50  68.40 287.00 0.9460 2 6
g 1933 02 12 08 09 01  11538          29   157    29   155  11.40 294.90  56.80 287.60 0.8620 2 5
s 1933 02 12 08 09 01  11538     1    29   157    29   155  11.40 294.90  56.80 287.60 0.8620 2 5
d 1933 02 13 09 47 01 GREE            33   167    70   339 2427116.90765 -16.84  -6.79
g 1933 02 13 09 47 01  11537          18    80    44   189  10.70 299.90  75.80 282.60 0.9770 2 6
s 1933 02 13 09 47 01  11537     1    18    80    44   189  10.70 299.90  75.80 282.60 0.9770 2 6
g 1933 02 13 09 47 01  11538          15    87    26   150  11.30 295.00  70.90 284.10 0.9570 2 5
s 1933 02 13 09 47 01  11538     1    15    87    26   150  11.30 295.00  70.90 284.10 0.9570 2 5
d 1933 02 14 08 41 00 GREE             0     0     0     0 2427117.86181 -17.17  -6.83
d 1933 02 15 10 17 01 GREE             0     2     0     2 2427118.92848 -17.53  -6.87
g 1933 02 15 10 17 01 106202           0     2     0     2  -0.20 148.40 -49.00  84.40 0.7610 0 0
s 1933 02 15 10 17 01 106202     1     0     2     0     2  -0.20 148.40 -49.00  84.40 0.7610 0 0
d 1933 02 16 10 30 01 GREE             0     0     0     0 2427119.93751 -17.87  -6.91
d 1933 02 17 12 02 01 GREE             0     0     0     0 2427121.00140 -18.21  -6.95
d 1933 02 18 12 12 01 GREE             0     0     0     0 2427122.00834 -18.54  -6.99
d 1933 02 19 09 08 01 GREE             0     0     0     0 2427122.88057 -18.81  -7.02
d 1933 02 20 10 39 00 GREE             0     0     0     0 2427123.94375 -19.15  -7.05
d 1933 02 21 10 23 01 GREE             0     0     0     0 2427124.93265 -19.45  -7.08
d 1933 02 22 09 46 00 GREE             0     0     0     0 2427125.90694 -19.74  -7.10
d 1933 02 23 09 33 00 GREE             0     0     0     0 2427126.89792 -20.03  -7.13
d 1933 02 24 08 11 00 GREE             0     0     0     0 2427127.84097 -20.30  -7.15
d 1933 02 25 08 13 01 GREE             0     0     0     0 2427128.84237 -20.58  -7.17
d 1933 02 26 02 32 01 GREE             0     0     0     0 2427129.60557 -20.79  -7.18
d 1933 02 27 11 51 00 GREE            11    29    14    36 2427130.99375 -21.16  -7.20
g 1933 02 27 11 51 00  11540          11    29    14    36   6.40 334.30 -64.30  79.60 0.9120 2 9
s 1933 02 27 11 51 00  11540     1    11    29    14    36   6.40 334.30 -64.30  79.60 0.9120 2 9
d 1933 02 28 15 00 00 GREE            18   118    49   308 2427132.12500 -21.46  -7.22
g 1933 02 28 15 00 00  11540           3    22     3    18   6.70 333.60 -50.10  75.60 0.7890 2 9
s 1933 02 28 15 00 00  11540     1     3    22     3    18   6.70 333.60 -50.10  75.60 0.7890 2 9
g 1933 02 28 15 00 00  11541          12    70    25   141  15.60 311.30 -72.40  71.70 0.9680 2 0
s 1933 02 28 15 00 00  11541     1    12    70    25   141  15.60 311.30 -72.40  71.70 0.9680 2 0
g 1933 02 28 15 00 00  11542           3    26    21   149  10.80 300.50 -83.20  78.40 0.9960 2 0
s 1933 02 28 15 00 00  11542     1     3    26    21   149  10.80 300.50 -83.20  78.40 0.9960 2 0
d 1933 03 01 08 16 01 GREE            23   127    37   192 2427132.84446 -21.64  -7.23
g 1933 03 01 08 16 01  11541          16    88    21   112  15.50 311.00 -63.20  69.60 0.9190 2 0
s 1933 03 01 08 16 01  11541     1    16    88    21   112  15.50 311.00 -63.20  69.60 0.9190 2 0
g 1933 03 01 08 16 01  11542           7    39    16    80  10.80 300.60 -73.60  76.80 0.9690 2 0
s 1933 03 01 08 16 01  11542     1     7    39    16    80  10.80 300.60 -73.60  76.80 0.9690 2 0
d 1933 03 02 12 18 01 GREE            47   264    43   241 2427134.01251 -21.93  -7.24
g 1933 03 02 12 18 01  11541          33   159    28   132  15.50 310.90 -47.90  64.10 0.7970 2 0
s 1933 03 02 12 18 01  11541     1    33   159    28   132  15.50 310.90 -47.90  64.10 0.7970 2 0
g 1933 03 02 12 18 01  11542          14   105    15   109  11.20 300.50 -58.30  72.90 0.8750 2 0
s 1933 03 02 12 18 01  11542     1    14   105    15   109  11.20 300.50 -58.30  72.90 0.8750 2 0
d 1933 03 03 08 49 01 GREE            70   352    51   254 2427134.86737 -22.14  -7.24
g 1933 03 03 08 49 01  11541          42   228    29   156  15.20 310.80 -36.70  58.20 0.6810 2 0
s 1933 03 03 08 49 01  11541     1    42   228    29   156  15.20 310.80 -36.70  58.20 0.6810 2 0
g 1933 03 03 08 49 01  11542          28   124    22    98  11.00 300.40 -47.10  69.30 0.7710 2 0
s 1933 03 03 08 49 01  11542     1    28   124    22    98  11.00 300.40 -47.10  69.30 0.7710 2 0
d 1933 03 04 12 15 01 GREE            85   375    52   226 2427136.01043 -22.41  -7.25
g 1933 03 04 12 15 01 106301           6    12     4     7   9.60 308.40 -24.00  55.40 0.4910 0 0
s 1933 03 04 12 15 01 106301     1     6    12     4     7   9.60 308.40 -24.00  55.40 0.4910 0 0
g 1933 03 04 12 15 01  11541          47   211    28   124  14.80 310.20 -22.30  45.00 0.5200 2 0
s 1933 03 04 12 15 01  11541     1    47   211    28   124  14.80 310.20 -22.30  45.00 0.5200 2 0
g 1933 03 04 12 15 01  11542          32   152    20    95  11.00 300.70 -31.80  60.40 0.5970 2 0
s 1933 03 04 12 15 01  11542     1    32   152    20    95  11.00 300.70 -31.80  60.40 0.5970 2 0
d 1933 03 05 09 38 01 GREE            68   356    38   198 2427136.90140 -22.62  -7.25
g 1933 03 05 09 38 01  11541          40   207    22   114  14.70 310.20 -10.50  25.20 0.4140 2 0
s 1933 03 05 09 38 01  11541     1    40   207    22   114  14.70 310.20 -10.50  25.20 0.4140 2 0
g 1933 03 05 09 38 01  11542          28   149    16    84  10.90 300.70 -20.00  47.70 0.4550 2 0
s 1933 03 05 09 38 01  11542     1    28   149    16    84  10.90 300.70 -20.00  47.70 0.4550 2 0
d 1933 03 06 12 54 01 GREE            57   341    31   183 2427138.03751 -22.87  -7.25
g 1933 03 06 12 54 01  11541          35   207    19   112  14.50 310.10   4.30 348.90 0.3810 2 0
s 1933 03 06 12 54 01  11541     1    35   207    19   112  14.50 310.10   4.30 348.90 0.3810 2 0
g 1933 03 06 12 54 01  11542          22   134    12    71  10.90 300.90  -4.90  15.10 0.3240 2 0
s 1933 03 06 12 54 01  11542     1    22   134    12    71  10.90 300.90  -4.90  15.10 0.3240 2 0
d 1933 03 07 09 25 01 GREE            67   330    37   181 2427138.89237 -23.05  -7.25
g 1933 03 07 09 25 01  11541          39   183    22   103  14.70 310.20  15.70 324.70 0.4540 2 0
s 1933 03 07 09 25 01  11541     1    39   183    22   103  14.70 310.20  15.70 324.70 0.4540 2 0
g 1933 03 07 09 25 01  11542          28   147    15    78  10.80 300.80   6.30 340.90 0.3300 2 1
s 1933 03 07 09 25 01  11542     1    28   147    15    78  10.80 300.80   6.30 340.90 0.3300 2 1
d 1933 03 08 09 33 00 GREE            56   233    34   141 2427139.89792 -23.27  -7.24
g 1933 03 08 09 33 00  11541          37   166    23   103  14.70 310.20  29.00 307.30 0.5920 2 0
s 1933 03 08 09 33 00  11541     1    37   166    23   103  14.70 310.20  29.00 307.30 0.5920 2 0
g 1933 03 08 09 33 00  11542          19    67    11    38  11.20 300.50  19.30 313.70 0.4500 2 1
s 1933 03 08 09 33 00  11542     1    19    67    11    38  11.20 300.50  19.30 313.70 0.4500 2 1
d 1933 03 09 15 00 00 GREE            41   154    32   119 2427141.12500 -23.52  -7.23
g 1933 03 09 15 00 00  11541          37   144    29   112  14.60 310.20  45.10 296.10 0.7650 2 1
s 1933 03 09 15 00 00  11541     1    37   144    29   112  14.60 310.20  45.10 296.10 0.7650 2 1
g 1933 03 09 15 00 00  11542           4    10     3     7  11.10 300.80  35.70 296.90 0.6450 2 0
s 1933 03 09 15 00 00  11542     1     4    10     3     7  11.10 300.80  35.70 296.90 0.6450 2 0
d 1933 03 10 09 20 00 GREE            24   117    24   112 2427141.88889 -23.67  -7.23
g 1933 03 10 09 20 00  11541          21   104    21   102  14.60 310.20  55.20 291.90 0.8580 2 0
s 1933 03 10 09 20 00  11541     1    21   104    21   102  14.60 310.20  55.20 291.90 0.8580 2 0
g 1933 03 10 09 20 00  11542           3    13     3    10  11.10 300.80  45.80 291.50 0.7590 2 0
s 1933 03 10 09 20 00  11542     1     3    13     3    10  11.10 300.80  45.80 291.50 0.7590 2 0
d 1933 03 11 09 14 00 GREE            12    61    20    96 2427142.88472 -23.86  -7.22
g 1933 03 11 09 14 00  11541          12    61    20    96  14.80 310.30  68.40 288.30 0.9480 2 0
s 1933 03 11 09 14 00  11541     1    12    61    20    96  14.80 310.30  68.40 288.30 0.9480 2 0
d 1933 03 12 10 40 01 GREE             8    27    43   127 2427143.94446 -24.05  -7.20
g 1933 03 12 10 40 01 106302           0     3     0     2  11.40 221.90  -6.00  17.70 0.3360 0 0
s 1933 03 12 10 40 01 106302     1     0     3     0     2  11.40 221.90  -6.00  17.70 0.3360 0 0
g 1933 03 12 10 40 01  11541           8    24    43   125  14.50 309.90  82.00 285.50 0.9950 2 0
s 1933 03 12 10 40 01  11541     1     8    24    43   125  14.50 309.90  82.00 285.50 0.9950 2 0
d 1933 03 13 12 27 00 GREE             0     0     0     0 2427145.01875 -24.24  -7.19
d 1933 03 14 10 20 01 GREE             0     0     0     0 2427145.93057 -24.40  -7.17
d 1933 03 15 09 54 01 GREE             0     0     0     0 2427146.91251 -24.56  -7.15
d 1933 03 16 08 54 00 GREE             0     0     0     0 2427147.87083 -24.71  -7.13
d 1933 03 17 02 28 00 GREE             0     0     0     0 2427148.60278 -24.82  -7.11
d 1933 03 18 09 41 01 GREE             0     0     0     0 2427149.90348 -25.01  -7.08
d 1933 03 19 10 20 01 GREE             0     0     0     0 2427150.93057 -25.15  -7.05
d 1933 03 20 10 26 00 GREE             0     0     0     0 2427151.93472 -25.28  -7.02
d 1933 03 21 09 23 00 GREE             0     0     0     0 2427152.89097 -25.40  -6.99
d 1933 03 22 09 14 00 GREE            35   153    89   386 2427153.88472 -25.51  -6.95
g 1933 03 22 09 14 00  11543          35   153    89   386   4.20  19.20 -77.70  84.30 0.9800 2 1
s 1933 03 22 09 14 00  11543     1    35   153    89   386   4.20  19.20 -77.70  84.30 0.9800 2 1
d 1933 03 23 09 57 01 GREE            92   415   107   481 2427154.91459 -25.62  -6.91
g 1933 03 23 09 57 01  11543          92   415   107   481   4.60  20.00 -63.30  81.50 0.9020 2 1
s 1933 03 23 09 57 01  11543     1    92   415   107   481   4.60  20.00 -63.30  81.50 0.9020 2 1
d 1933 03 24 10 17 01 GREE           119   438    94   345 2427155.92848 -25.73  -6.87
g 1933 03 24 10 17 01  11543         119   438    94   345   4.80  20.90 -49.00  77.90 0.7720 2 1
s 1933 03 24 10 17 01  11543     1   119   438    94   345   4.80  20.90 -49.00  77.90 0.7720 2 1
d 1933 03 25 09 31 01 GREE           106   442    67   277 2427156.89654 -25.82  -6.83
g 1933 03 25 09 31 01  11543          94   398    60   253   4.70  21.10 -36.10  73.20 0.6150 2 1
s 1933 03 25 09 31 01  11543     1    94   398    60   253   4.70  21.10 -36.10  73.20 0.6150 2 1
g 1933 03 25 09 31 01  11544          12    44     7    24  10.10  73.10  15.90 316.80 0.3950 2 4
s 1933 03 25 09 31 01  11544     1    12    44     7    24  10.10  73.10  15.90 316.80 0.3950 2 4
d 1933 03 26 09 36 00 GREE           109   566    63   319 2427157.90000 -25.91  -6.79
g 1933 03 26 09 36 00  11543          74   457    41   252   4.50  21.80 -22.10  63.50 0.4210 2 1
s 1933 03 26 09 36 00  11543     1    74   457    41   252   4.50  21.80 -22.10  63.50 0.4210 2 1
g 1933 03 26 09 36 00  11544          35   109    22    67   9.80  74.70  30.80 298.10 0.5750 2 4
s 1933 03 26 09 36 00  11544     1    35   109    22    67   9.80  74.70  30.80 298.10 0.5750 2 4
d 1933 03 27 09 28 01 GREE           113   557    67   320 2427158.89446 -25.99  -6.75
g 1933 03 27 09 28 01  11543          77   416    40   215   4.70  21.80  -9.00  38.50 0.2520 2 1
s 1933 03 27 09 28 01  11543     1    77   416    40   215   4.70  21.80  -9.00  38.50 0.2520 2 1
g 1933 03 27 09 28 01  11544          36   141    27   105   9.80  75.70  44.90 289.80 0.7410 2 4
s 1933 03 27 09 28 01  11544     1    36   141    27   105   9.80  75.70  44.90 289.80 0.7410 2 4
d 1933 03 28 09 25 01 GREE           102   500    62   297 2427159.89237 -26.06  -6.70
g 1933 03 28 09 25 01  11543          84   424    43   217   4.80  21.80   4.10 340.30 0.2120 2 1
s 1933 03 28 09 25 01  11543     1    84   424    43   217   4.80  21.80   4.10 340.30 0.2120 2 1
g 1933 03 28 09 25 01  11544          18    76    19    80  10.00  76.70  59.00 285.30 0.8770 2 4
s 1933 03 28 09 25 01  11544     1    18    76    19    80  10.00  76.70  59.00 285.30 0.8770 2 4
d 1933 03 29 09 33 00 GREE            71   398    47   244 2427160.89792 -26.13  -6.65
g 1933 03 29 09 33 00  11543          66   377    36   203   4.90  22.50  18.10 302.20 0.3670 2 1
s 1933 03 29 09 33 00  11543     1    66   377    36   203   4.90  22.50  18.10 302.20 0.3670 2 1
g 1933 03 29 09 33 00  11544           5    21    11    41   9.60  77.20  72.80 281.90 0.9640 2 4
s 1933 03 29 09 33 00  11544     1     5    21    11    41   9.60  77.20  72.80 281.90 0.9640 2 4
d 1933 03 30 09 12 01 GREE            60   261    36   157 2427161.88334 -26.19  -6.60
g 1933 03 30 09 12 01  11543          60   261    36   157   5.00  22.70  31.30 289.70 0.5520 2 1
s 1933 03 30 09 12 01  11543     1    60   261    36   157   5.00  22.70  31.30 289.70 0.5520 2 1
d 1933 03 31 09 08 01 GREE            37   185    27   134 2427162.88057 -26.24  -6.55
g 1933 03 31 09 08 01  11543          37   185    27   134   4.90  23.00  44.80 283.20 0.7230 2 1
s 1933 03 31 09 08 01  11543     1    37   185    27   134   4.90  23.00  44.80 283.20 0.7230 2 1
d 1933 04 01 09 57 01 GREE            27   131    27   131 2427163.91459 -26.29  -6.49
g 1933 04 01 09 57 01  11543          27   131    27   131   4.60  23.20  58.60 279.30 0.8640 2 1
s 1933 04 01 09 57 01  11543     1    27   131    27   131   4.60  23.20  58.60 279.30 0.8640 2 1
d 1933 04 02 09 46 00 GREE            15    88    27   150 2427164.90694 -26.32  -6.43
g 1933 04 02 09 46 00  11543          15    88    27   150   4.80  23.50  72.00 277.10 0.9560 2 1
s 1933 04 02 09 46 00  11543     1    15    88    27   150   4.80  23.50  72.00 277.10 0.9560 2 1
d 1933 04 03 09 23 00 GREE             0     0     0     0 2427165.89097 -26.35  -6.38
d 1933 04 04 10 39 00 GREE             0     0     0     0 2427166.94375 -26.38  -6.31
d 1933 04 05 09 38 01 GREE             0     0     0     0 2427167.90140 -26.39  -6.25
d 1933 04 06 09 15 01 GREE             1     7     1     4 2427168.88543 -26.40  -6.19
g 1933 04 06 09 15 01 106401           1     7     1     4   2.60 275.60  16.70 297.40 0.3220 0 0
s 1933 04 06 09 15 01 106401     1     1     7     1     4   2.60 275.60  16.70 297.40 0.3220 0 0
d 1933 04 07 09 30 00 GREE             0     0     0     0 2427169.89583 -26.40  -6.12
d 1933 04 08 09 37 00 GREE             0     0     0     0 2427170.90069 -26.40  -6.06
d 1933 04 09 09 53 00 GREE             0     0     0     0 2427171.91181 -26.39  -5.99
d 1933 04 10 10 49 00 GREE             0     0     0     0 2427172.95069 -26.37  -5.91
d 1933 04 11 08 05 00 GREE             0     0     0     0 2427173.83681 -26.34  -5.85
d 1933 04 12 08 26 01 GREE             0     0     0     0 2427174.85140 -26.31  -5.77
d 1933 04 13 07 58 00 GREE             0     0     0     0 2427175.83194 -26.26  -5.70
d 1933 04 14 08 45 01 GREE             0     0     0     0 2427176.86459 -26.21  -5.62
d 1933 04 15 09 53 00 GREE             0     0     0     0 2427177.91181 -26.15  -5.54
d 1933 04 16 08 21 00 GREE             0     0     0     0 2427178.84792 -26.09  -5.46
d 1933 04 17 02 39 01 GREE            12    48     8    32 2427179.61043 -26.04  -5.40
g 1933 04 17 02 39 01  11545          12    48     8    32   9.10  79.80 -37.60  68.90 0.6480 1 4
s 1933 04 17 02 39 01  11545     1    12    48     8    32   9.10  79.80 -37.60  68.90 0.6480 1 4
d 1933 04 18 11 55 01 GREE            18   101    10    56 2427180.99654 -25.93  -5.28
g 1933 04 18 11 55 01  11545          18   101    10    56   9.60  79.00 -20.10  53.30 0.4240 1 4
s 1933 04 18 11 55 01  11545     1    18   101    10    56   9.60  79.00 -20.10  53.30 0.4240 1 4
d 1933 04 19 08 28 00 GREE            16   112     9    58 2427181.85278 -25.86  -5.21
g 1933 04 19 08 28 00 106402           3    57     2    29   1.80  87.90   0.10 358.90 0.1230 0 0
s 1933 04 19 08 28 00 106402     1     3    57     2    29   1.80  87.90   0.10 358.90 0.1230 0 0
g 1933 04 19 08 28 00  11545          13    55     7    29   9.80  78.60  -9.20  31.50 0.3030 1 4
s 1933 04 19 08 28 00  11545     1    13    55     7    29   9.80  78.60  -9.20  31.50 0.3030 1 4
d 1933 04 20 14 02 00 GREE             9    26     5    14 2427183.08472 -25.74  -5.10
g 1933 04 20 14 02 00  11545           9    26     5    14  10.10  78.00   6.50 336.90 0.2860 1 4
s 1933 04 20 14 02 00  11545     1     9    26     5    14  10.10  78.00   6.50 336.90 0.2860 1 4
d 1933 04 21 09 00 00 GREE             7    20     4    11 2427183.87500 -25.66  -5.03
g 1933 04 21 09 00 00  11545           7    20     4    11   9.70  78.20  17.10 310.80 0.3840 1 4
s 1933 04 21 09 00 00  11545     1     7    20     4    11   9.70  78.20  17.10 310.80 0.3840 1 4
d 1933 04 22 10 13 00 GREE             0     0     0     0 2427184.92569 -25.55  -4.94
d 1933 04 23 08 11 00 GREE             0     0     0     0 2427185.84097 -25.44  -4.85
d 1933 04 24 10 23 01 GREE             0     0     0     0 2427186.93265 -25.31  -4.75
d 1933 04 25 10 39 00 GREE             0     0     0     0 2427187.94375 -25.17  -4.66
d 1933 04 26 07 56 01 GREE             0     0     0     0 2427188.83057 -25.05  -4.57
d 1933 04 27 11 35 01 GREE             0     0     0     0 2427189.98265 -24.88  -4.46
d 1933 04 28 09 43 00 GREE             0     0     0     0 2427190.90486 -24.74  -4.37
d 1933 04 29 08 26 01 GREE             1     9     1     5 2427191.85140 -24.59  -4.28
g 1933 04 29 08 26 01  11546           1     9     1     5   6.50 338.60  22.90 295.30 0.4290 5 2
s 1933 04 29 08 26 01  11546     1     1     9     1     5   6.50 338.60  22.90 295.30 0.4290 5 2
d 1933 04 30 09 24 00 GREE             0     0     0     0 2427192.89167 -24.42  -4.18
d 1933 05 01 08 21 00 GREE             0     0     0     0 2427193.84792 -24.25  -4.08
d 1933 05 02 09 36 00 GREE             4    19     5    24 2427194.90000 -24.06  -3.97
g 1933 05 02 09 36 00  11546           4    19     5    24   6.80 340.00  64.60 279.40 0.9110 5 2
s 1933 05 02 09 36 00  11546     1     4    19     5    24   6.80 340.00  64.60 279.40 0.9110 5 2
d 1933 05 03 15 41 01 GREE             0     0     0     0 2427196.15348 -23.82  -3.84
d 1933 05 04 08 16 01 GREE             0     0     0     0 2427196.84446 -23.69  -3.77
d 1933 05 05 10 43 01 GREE             0     0     0     0 2427197.94654 -23.46  -3.66
d 1933 05 06 11 42 01 GREE             0     0     0     0 2427198.98751 -23.24  -3.55
d 1933 05 07 09 07 00 GREE             0     0     0     0 2427199.87986 -23.05  -3.45
d 1933 05 08 08 54 00 GREE             0     0     0     0 2427200.87083 -22.83  -3.34
d 1933 05 09 10 50 01 GREE             5    16     3     9 2427201.95140 -22.58  -3.23
g 1933 05 09 10 50 01  11547           5    16     3     9  -5.30 158.00 -24.20  95.70 0.4120 5 9
s 1933 05 09 10 50 01  11547     1     5    16     3     9  -5.30 158.00 -24.20  95.70 0.4120 5 9
d 1933 05 10 10 33 01 GREE             1     5     1     3 2427202.93959 -22.34  -3.12
g 1933 05 10 10 33 01  11547           1     5     1     3  -5.50 160.30  -8.80 105.60 0.1590 5 9
s 1933 05 10 10 33 01  11547     1     1     5     1     3  -5.50 160.30  -8.80 105.60 0.1590 5 9
d 1933 05 11 07 56 01 GREE             0     0     0     0 2427203.83057 -22.12  -3.02
d 1933 05 12 08 13 01 GREE             0     0     0     0 2427204.84237 -21.87  -2.91
d 1933 05 13 08 26 01 GREE             0     0     0     0 2427205.85140 -21.61  -2.79
d 1933 05 14 13 14 01 GREE             0     0     0     0 2427207.05140 -21.29  -2.66
d 1933 05 15 08 21 00 GREE             0     0     0     0 2427207.84792 -21.07  -2.57
d 1933 05 16 14 49 01 GREE             0     0     0     0 2427209.11737 -20.72  -2.42
d 1933 05 17 14 09 01 GREE             0     0     0     0 2427210.08959 -20.44  -2.31
d 1933 05 18 08 52 01 GREE             0     0     0     0 2427210.86946 -20.21  -2.22
d 1933 05 19 10 00 00 GREE            11    33     6    18 2427211.91667 -19.90  -2.10
g 1933 05 19 10 00 00  11548          11    33     6    18  10.80  68.30  17.90 306.30 0.3770 2 4
s 1933 05 19 10 00 00  11548     1    11    33     6    18  10.80  68.30  17.90 306.30 0.3770 2 4
d 1933 05 20 09 50 00 GREE            19   154    12    93 2427212.90972 -19.60  -1.98
g 1933 05 20 09 50 00  11548          19   154    12    93  11.20  68.60  31.40 293.60 0.5590 2 4
s 1933 05 20 09 50 00  11548     1    19   154    12    93  11.20  68.60  31.40 293.60 0.5590 2 4
d 1933 05 21 10 07 01 GREE            29   142    22   105 2427213.92154 -19.28  -1.86
g 1933 05 21 10 07 01  11548          27   140    20   103  11.40  69.20  45.30 287.60 0.7330 2 4
s 1933 05 21 10 07 01  11548     1    27   140    20   103  11.40  69.20  45.30 287.60 0.7330 2 4
g 1933 05 21 10 07 01  11549           2     2     2     2   8.70 326.70 -57.20  78.50 0.8500 2 0
s 1933 05 21 10 07 01  11549     1     2     2     2     2   8.70 326.70 -57.20  78.50 0.8500 2 0
d 1933 05 22 08 28 00 GREE            32   131    31   128 2427214.85278 -18.99  -1.76
g 1933 05 22 08 28 00  11548          27   121    27   120  11.10  69.90  58.40 284.00 0.8630 2 4
s 1933 05 22 08 28 00  11548     1    27   121    27   120  11.10  69.90  58.40 284.00 0.8630 2 4
g 1933 05 22 08 28 00  11549           5    10     4     8   9.70 323.70 -47.80  75.40 0.7570 2 0
s 1933 05 22 08 28 00  11549     1     5    10     4     8   9.70 323.70 -47.80  75.40 0.7570 2 0
d 1933 05 23 08 31 00 GREE            14    46    16    52 2427215.85486 -18.67  -1.64
g 1933 05 23 08 31 00  11548           6    23    11    38  11.40  69.70  71.40 282.50 0.9530 2 4
s 1933 05 23 08 31 00  11548     1     6    23    11    38  11.40  69.70  71.40 282.50 0.9530 2 4
g 1933 05 23 08 31 00  11549           8    23     5    14   9.00 328.20 -30.10  69.90 0.5290 2 4
s 1933 05 23 08 31 00  11549     1     8    23     5    14   9.00 328.20 -30.10  69.90 0.5290 2 4
d 1933 05 24 08 26 01 GREE            18    59    10    32 2427216.85140 -18.34  -1.52
g 1933 05 24 08 26 01  11549          18    59    10    32   9.40 326.60 -18.50  59.00 0.3660 2 4
s 1933 05 24 08 26 01  11549     1    18    59    10    32   9.40 326.60 -18.50  59.00 0.3660 2 4
d 1933 05 25 08 26 01 GREE             9    27     5    14 2427217.85140 -18.01  -1.40
g 1933 05 25 08 26 01  11549           9    27     5    14   9.60 327.90  -4.00  20.00 0.2040 2 4
s 1933 05 25 08 26 01  11549     1     9    27     5    14   9.60 327.90  -4.00  20.00 0.2040 2 4
d 1933 05 26 11 31 00 GREE             1     7     1     4 2427218.97986 -17.62  -1.27
g 1933 05 26 11 31 00  11549           1     7     1     4   7.20 327.30  10.40 309.60 0.2340 2 4
s 1933 05 26 11 31 00  11549     1     1     7     1     4   7.20 327.30  10.40 309.60 0.2340 2 4
d 1933 05 27 08 29 01 GREE             2     6     2     5 2427219.85348 -17.32  -1.16
g 1933 05 27 08 29 01 106601           2     6     2     5  10.40 352.30  46.90 285.10 0.7460 0 0
s 1933 05 27 08 29 01 106601     1     2     6     2     5  10.40 352.30  46.90 285.10 0.7460 0 0
d 1933 05 28 08 34 00 GREE             0     0     0     0 2427220.85694 -16.97  -1.04
d 1933 05 29 10 37 01 GREE             0     0     0     0 2427221.94237 -16.58  -0.91
d 1933 05 30 10 30 01 GREE             0     0     0     0 2427222.93751 -16.22  -0.79
d 1933 05 31 09 04 00 GREE             0     0     0     0 2427223.87778 -15.88  -0.68
d 1933 06 01 08 13 01 GREE             0     0     0     0 2427224.84237 -15.52  -0.56
d 1933 06 02 08 09 01 GREE             2     5     4    10 2427225.83959 -15.14  -0.44
g 1933 06 02 08 09 01  11550           2     5     4    10  -6.10 151.40 -74.80  96.20 0.9660 1 9
s 1933 06 02 08 09 01  11550     1     2     5     4    10  -6.10 151.40 -74.80  96.20 0.9660 1 9
d 1933 06 03 08 21 00 GREE             4     9     5    10 2427226.84792 -14.76  -0.32
g 1933 06 03 08 21 00  11550           4     9     5    10  -7.40 150.00 -62.80  98.10 0.8930 1 9
s 1933 06 03 08 21 00  11550     1     4     9     5    10  -7.40 150.00 -62.80  98.10 0.8930 1 9
d 1933 06 04 08 41 00 GREE             6    10     5     8 2427227.86181 -14.37  -0.20
g 1933 06 04 08 41 00  11550           6    10     5     8  -6.70 151.10 -48.30  98.80 0.7530 1 9
s 1933 06 04 08 41 00  11550     1     6    10     5     8  -6.70 151.10 -48.30  98.80 0.7530 1 9
d 1933 06 05 09 34 01 GREE             4     8     3     5 2427228.89862 -13.96  -0.07
g 1933 06 05 09 34 01  11550           4     8     3     5  -6.50 151.90 -33.80 101.60 0.5660 1 9
s 1933 06 05 09 34 01  11550     1     4     8     3     5  -6.50 151.90 -33.80 101.60 0.5660 1 9
d 1933 06 06 07 58 00 GREE             7    21     5    14 2427229.83194 -13.59   0.04
g 1933 06 06 07 58 00 106602           2     5     2     5   8.20 116.30 -57.00  80.30 0.8440 0 0
s 1933 06 06 07 58 00 106602     1     2     5     2     5   8.20 116.30 -57.00  80.30 0.8440 0 0
g 1933 06 06 07 58 00  11550           5    16     3     9  -6.60 151.00 -22.30 107.00 0.3960 1 9
s 1933 06 06 07 58 00  11550     1     5    16     3     9  -6.60 151.00 -22.30 107.00 0.3960 1 9
d 1933 06 07 08 28 00 GREE             5    13     3     7 2427230.85278 -13.19   0.16
g 1933 06 07 08 28 00  11550           5    13     3     7  -9.10 145.50 -14.30 123.40 0.2940 1 9
s 1933 06 07 08 28 00  11550     1     5    13     3     7  -9.10 145.50 -14.30 123.40 0.2940 1 9
d 1933 06 08 08 08 00 GREE             0     0     0     0 2427231.83889 -12.79   0.28
d 1933 06 09 07 58 00 GREE             0     0     0     0 2427232.83194 -12.38   0.40
d 1933 06 10 03 23 00 GREE             0     0     0     0 2427233.64097 -12.05   0.50
d 1933 06 11 12 38 01 GREE             0     0     0     0 2427235.02640 -11.48   0.67
d 1933 06 12 14 03 01 GREE             0     0     0     0 2427236.08543 -11.03   0.79
d 1933 06 13 10 32 00 GREE            40   138    29    99 2427236.93889 -10.67   0.90
g 1933 06 13 10 32 00  11551          40   138    29    99   4.50  34.00 -45.30  84.50 0.7140 2 6
s 1933 06 13 10 32 00  11551     1    40   138    29    99   4.50  34.00 -45.30  84.50 0.7140 2 6
d 1933 06 14 08 12 00 GREE            71   254    42   150 2427237.84167 -10.29   1.00
g 1933 06 14 08 12 00  11551          71   254    42   150   5.00  35.60 -31.70  82.10 0.5310 2 6
s 1933 06 14 08 12 00  11551     1    71   254    42   150   5.00  35.60 -31.70  82.10 0.5310 2 6
d 1933 06 15 08 15 00 GREE            60   305    32   161 2427238.84375  -9.86   1.12
g 1933 06 15 08 15 00  11551          60   305    32   161   5.30  35.90 -18.10  76.30 0.3190 2 6
s 1933 06 15 08 15 00  11551     1    60   305    32   161   5.30  35.90 -18.10  76.30 0.3190 2 6
d 1933 06 16 08 36 01 GREE            41   226    21   114 2427239.85834  -9.42   1.24
g 1933 06 16 08 36 01  11551          41   226    21   114   5.70  36.40  -4.20  42.50 0.1080 2 6
s 1933 06 16 08 36 01  11551     1    41   226    21   114   5.70  36.40  -4.20  42.50 0.1080 2 6
d 1933 06 17 08 09 01 GREE            27   167    14    85 2427240.83959  -9.00   1.36
g 1933 06 17 08 09 01  11551          27   167    14    85   6.00  36.90   9.30 296.80 0.1810 2 0
s 1933 06 17 08 09 01  11551     1    27   167    14    85   6.00  36.90   9.30 296.80 0.1810 2 0
d 1933 06 18 13 06 00 GREE            36   196    20   109 2427242.04583  -8.47   1.50
g 1933 06 18 13 06 00  11551          36   196    20   109   6.10  36.90  25.20 281.10 0.4330 2 0
s 1933 06 18 13 06 00  11551     1    36   196    20   109   6.10  36.90  25.20 281.10 0.4330 2 0
d 1933 06 19 08 26 01 GREE            27   166    17   103 2427242.85140  -8.12   1.60
g 1933 06 19 08 26 01  11551          27   166    17   103   6.30  36.80  35.80 278.40 0.5900 2 0
s 1933 06 19 08 26 01  11551     1    27   166    17   103   6.30  36.80  35.80 278.40 0.5900 2 0
d 1933 06 20 14 21 00 GREE            18   121    15   100 2427244.09792  -7.57   1.74
g 1933 06 20 14 21 00  11551          18   121    15   100   6.70  37.00  52.50 277.20 0.7960 2 0
s 1933 06 20 14 21 00  11551     1    18   121    15   100   6.70  37.00  52.50 277.20 0.7960 2 0
d 1933 06 21 10 09 00 GREE            11    82    13    93 2427244.92292  -7.20   1.84
g 1933 06 21 10 09 00  11551          11    82    13    93   6.90  37.00  63.40 276.80 0.8960 2 0
s 1933 06 21 10 09 00  11551     1    11    82    13    93   6.90  37.00  63.40 276.80 0.8960 2 0
d 1933 06 22 07 58 00 GREE             8    50    18   103 2427245.83194  -6.80   1.94
g 1933 06 22 07 58 00  11551           8    50    18   103   7.20  37.40  75.80 277.00 0.9700 2 0
s 1933 06 22 07 58 00  11551     1     8    50    18   103   7.20  37.40  75.80 277.00 0.9700 2 0
d 1933 06 23 07 49 00 GREE             0     0     0     0 2427246.82569  -6.35   2.06
d 1933 06 24 09 10 00 GREE             0     0     0     0 2427247.88194  -5.88   2.18
d 1933 06 25 08 31 00 GREE             0     0     0     0 2427248.85486  -5.44   2.29
d 1933 06 26 13 03 00 GREE             0     0     0     0 2427250.04375  -4.91   2.43
d 1933 06 27 08 41 00 GREE             0     0     0     0 2427250.86181  -4.54   2.52
d 1933 06 28 08 16 01 GREE             0     0     0     0 2427251.84446  -4.09   2.63
d 1933 06 29 11 38 00 GREE             0     0     0     0 2427252.98472  -3.57   2.76
d 1933 06 30 08 38 00 GREE             0     0     0     0 2427253.85972  -3.17   2.86
d 1933 07 01 08 00 01 GREE             0     0     0     0 2427254.83334  -2.73   2.96
d 1933 07 02 06 33 00 GREE             0     0     0     0 2427255.77292  -2.30   3.07
d 1933 07 03 07 53 01 GREE             0     0     0     0 2427256.82848  -1.82   3.18
d 1933 07 04 07 55 00 GREE             0     0     0     0 2427257.82986  -1.36   3.29
d 1933 07 05 08 08 00 GREE             3    14    23    91 2427258.83889  -0.90   3.40
g 1933 07 05 08 08 00  11552           3    14    23    91   7.20  63.80 -85.60  83.10 0.9970 1 2
s 1933 07 05 08 08 00  11552     1     3    14    23    91   7.20  63.80 -85.60  83.10 0.9970 1 2
d 1933 07 06 09 31 01 GREE             8    36    13    54 2427259.89654  -0.42   3.51
g 1933 07 06 09 31 01  11552           8    36    13    54   7.30  65.00 -70.40  83.50 0.9420 1 2
s 1933 07 06 09 31 01  11552     1     8    36    13    54   7.30  65.00 -70.40  83.50 0.9420 1 2
d 1933 07 07 08 55 01 GREE            17    46    27    75 2427260.87154   0.02   3.61
g 1933 07 07 08 55 01  11552          13    31    13    30   7.70  64.40 -58.10  83.20 0.8500 1 7
s 1933 07 07 08 55 01  11552     1    13    31    13    30   7.70  64.40 -58.10  83.20 0.8500 1 7
g 1933 07 07 08 55 01  11553           4    15    14    45   6.80  42.30 -80.20  83.70 0.9850 1 0
s 1933 07 07 08 55 01  11553     1     4    15    14    45   6.80  42.30 -80.20  83.70 0.9850 1 0
d 1933 07 08 08 00 01 GREE            10    44    11    45 2427261.83334   0.46   3.71
g 1933 07 08 08 00 01  11552           6    22     5    16   7.50  63.90 -45.80  83.20 0.7180 1 7
s 1933 07 08 08 00 01  11552     1     6    22     5    16   7.50  63.90 -45.80  83.20 0.7180 1 7
g 1933 07 08 08 00 01  11553           4    22     6    29   7.10  42.50 -67.20  83.90 0.9220 1 0
s 1933 07 08 08 00 01  11553     1     4    22     6    29   7.10  42.50 -67.20  83.90 0.9220 1 0
d 1933 07 09 08 24 00 GREE            12    46     9    30 2427262.85000   0.92   3.82
g 1933 07 09 08 24 00  11552           8    37     5    22   7.50  64.10 -32.20  81.90 0.5360 1 7
s 1933 07 09 08 24 00  11552     1     8    37     5    22   7.50  64.10 -32.20  81.90 0.5360 1 7
g 1933 07 09 08 24 00  11553           4     9     4     8   6.80  42.50 -53.80  84.30 0.8070 1 0
s 1933 07 09 08 24 00  11553     1     4     9     4     8   6.80  42.50 -53.80  84.30 0.8070 1 0
d 1933 07 10 09 44 01 GREE            11    64     6    34 2427263.90557   1.40   3.92
g 1933 07 10 09 44 01  11552          11    64     6    34   7.70  64.40 -17.90  77.20 0.3140 1 7
s 1933 07 10 09 44 01  11552     1    11    64     6    34   7.70  64.40 -17.90  77.20 0.3140 1 7
d 1933 07 11 15 02 01 GREE             3    24     2    18 2427265.12640   1.95   4.05
g 1933 07 11 15 02 01  11552           3    23     2    12   8.10  63.80  -2.40  29.90 0.0830 1 7
s 1933 07 11 15 02 01  11552     1     3    23     2    12   8.10  63.80  -2.40  29.90 0.0830 1 7
g 1933 07 11 15 02 01  11554           0     1     0     6  -4.00 345.70 -80.50  94.70 0.9880 5 0
s 1933 07 11 15 02 01  11554     1     0     1     0     6  -4.00 345.70 -80.50  94.70 0.9880 5 0
d 1933 07 12 11 21 00 GREE             5    30     7    28 2427265.97292   2.33   4.13
g 1933 07 12 11 21 00  11552           0    17     0     9   7.50  64.80   9.80 290.10 0.1800 1 7
s 1933 07 12 11 21 00  11552     1     0    17     0     9   7.50  64.80   9.80 290.10 0.1800 1 7
g 1933 07 12 11 21 00  11554           5    13     7    19  -3.80 346.70 -68.30  95.70 0.9330 5 0
s 1933 07 12 11 21 00  11554     1     5    13     7    19  -3.80 346.70 -68.30  95.70 0.9330 5 0
d 1933 07 13 08 55 01 GREE             0     4     0     4 2427266.87154   2.73   4.22
g 1933 07 13 08 55 01  11554           0     4     0     4  -4.00 347.50 -55.60  97.70 0.8330 5 0
s 1933 07 13 08 55 01  11554     1     0     4     0     4  -4.00 347.50 -55.60  97.70 0.8330 5 0
d 1933 07 14 08 32 01 GREE             0     0     0     0 2427267.85557   3.18   4.32
d 1933 07 15 10 23 01 GREE             0     0     0     0 2427268.93265   3.66   4.42
d 1933 07 16 09 40 00 GREE             0     0     0     0 2427269.90278   4.09   4.51
d 1933 07 17 09 33 00 GREE             0     0     0     0 2427270.89792   4.53   4.60
d 1933 07 18 13 27 01 GREE             0     0     0     0 2427272.06043   5.04   4.71
d 1933 07 19 08 36 01 GREE             0     0     0     0 2427272.85834   5.39   4.78
d 1933 07 20 11 25 00 GREE             0     0     0     0 2427273.97569   5.88   4.89
d 1933 07 21 10 29 00 GREE             0     0     0     0 2427274.93681   6.30   4.97
d 1933 07 22 08 18 00 GREE             0     0     0     0 2427275.84583   6.69   5.05
d 1933 07 23 08 54 00 GREE             0     0     0     0 2427276.87083   7.13   5.14
d 1933 07 24 08 21 00 GREE             0     0     0     0 2427277.84792   7.55   5.22
d 1933 07 25 08 19 01 GREE             0     0     0     0 2427278.84654   7.97   5.30
d 1933 07 26 07 53 01 GREE             0     0     0     0 2427279.82848   8.38   5.38
d 1933 07 27 08 29 01 GREE             0     0     0     0 2427280.85348   8.81   5.47
d 1933 07 28 08 26 01 GREE             0     0     0     0 2427281.85140   9.22   5.54
d 1933 07 29 11 06 01 GREE             0     0     0     0 2427282.96251   9.68   5.63
d 1933 07 30 08 52 01 GREE             0     0     0     0 2427283.86946  10.05   5.70
d 1933 07 31 08 57 00 GREE             0     0     0     0 2427284.87292  10.46   5.77
d 1933 08 01 09 00 00 GREE             0     0     0     0 2427285.87500  10.86   5.85
d 1933 08 02 08 19 01 GREE             0     0     0     0 2427286.84654  11.25   5.91
d 1933 08 03 13 42 00 GREE             0     0     0     0 2427288.07083  11.73   6.00
d 1933 08 04 09 44 01 GREE             0     0     0     0 2427288.90557  12.06   6.06
d 1933 08 05 09 48 01 GREE             0     0     0     0 2427289.90834  12.44   6.12
d 1933 08 06 08 29 01 GREE             0     0     0     0 2427290.85348  12.80   6.18
d 1933 08 07 09 31 01 GREE             0     0     0     0 2427291.89654  13.20   6.25
d 1933 08 08 09 08 01 GREE             0     0     0     0 2427292.88057  13.57   6.31
d 1933 08 09 08 31 00 GREE             1     7     1     4 2427293.85486  13.93   6.36
g 1933 08 09 08 31 00 106801           1     7     1     4   3.00  18.70 -27.40  95.80 0.4640 0 0
s 1933 08 09 08 31 00 106801     1     1     7     1     4   3.00  18.70 -27.40  95.80 0.4640 0 0
d 1933 08 10 07 56 01 GREE             0     0     0     0 2427294.83057  14.29   6.42
d 1933 08 11 09 50 00 GREE             0     0     0     0 2427295.90972  14.68   6.48
d 1933 08 12 07 52 00 GREE             4     9     3     6 2427296.82778  15.01   6.53
g 1933 08 12 07 52 00 106802           4     9     3     6 -13.10  37.80  31.00 237.40 0.5970 0 0
s 1933 08 12 07 52 00 106802     1     4     9     3     6 -13.10  37.80  31.00 237.40 0.5970 0 0
d 1933 08 13 07 13 00 GREE             0     0     0     0 2427297.80069  15.35   6.58
d 1933 08 14 07 19 00 GREE             0     0     0     0 2427298.80486  15.70   6.63
d 1933 08 15 08 58 01 GREE             0     0     0     0 2427299.87362  16.07   6.68
d 1933 08 16 08 24 00 GREE             0     0     0     0 2427300.85000  16.40   6.73
d 1933 08 17 09 54 01 GREE             0     0     0     0 2427301.91251  16.76   6.77
d 1933 08 18 08 15 00 GREE             0     0     0     0 2427302.84375  17.06   6.81
d 1933 08 19 11 06 01 GREE             0     0     0     0 2427303.96251  17.43   6.86
d 1933 08 20 08 19 01 GREE             0     0     0     0 2427304.84654  17.71   6.89
d 1933 08 21 08 25 00 GREE             0     0     0     0 2427305.85069  18.03   6.93
d 1933 08 22 09 23 00 GREE             0     0     0     0 2427306.89097  18.35   6.97
d 1933 08 23 09 10 00 GREE             0     0     0     0 2427307.88194  18.65   7.00
d 1933 08 24 08 26 01 GREE             0     0     0     0 2427308.85140  18.94   7.03
d 1933 08 25 08 25 00 GREE             0     0     0     0 2427309.85069  19.24   7.06
d 1933 08 26 08 00 01 GREE             0     0     0     0 2427310.83334  19.52   7.08
d 1933 08 27 08 44 00 GREE             0     0     0     0 2427311.86389  19.82   7.11
d 1933 08 28 08 16 01 GREE             0     0     0     0 2427312.84446  20.09   7.13
d 1933 08 29 08 15 00 GREE             0     0     0     0 2427313.84375  20.37   7.15
d 1933 08 30 08 15 00 GREE             0     0     0     0 2427314.84375  20.63   7.17
d 1933 08 31 08 18 00 GREE             0     0     0     0 2427315.84583  20.90   7.19
d 1933 09 01 10 14 01 GREE             0     0     0     0 2427316.92640  21.18   7.21
d 1933 09 02 08 51 00 GREE             2     6     4    13 2427317.86875  21.41   7.22
g 1933 09 02 08 51 00  11555           2     6     4    13   5.50  13.80 -75.00  86.20 0.9650 1 0
s 1933 09 02 08 51 00  11555     1     2     6     4    13   5.50  13.80 -75.00  86.20 0.9650 1 0
d 1933 09 03 08 22 01 GREE             1     4     2     5 2427318.84862  21.66   7.23
g 1933 09 03 08 22 01  11555           1     4     2     5   5.60  13.60 -62.30  87.50 0.8840 1 0
s 1933 09 03 08 22 01  11555     1     1     4     2     5   5.60  13.60 -62.30  87.50 0.8840 1 0
d 1933 09 04 08 34 00 GREE             2     3     2     3 2427319.85694  21.90   7.24
g 1933 09 04 08 34 00  11555           2     3     2     3   5.50  13.70 -48.90  89.10 0.7530 1 0
s 1933 09 04 08 34 00  11555     1     2     3     2     3   5.50  13.70 -48.90  89.10 0.7530 1 0
d 1933 09 05 08 08 00 GREE             0     0     0     0 2427320.83889  22.13   7.24
d 1933 09 06 08 35 01 GREE            22    61    12    33 2427321.85765  22.36   7.25
g 1933 09 06 08 35 01  11556          22    61    12    33 -10.30  47.50  11.40 213.20 0.3580 2 4
s 1933 09 06 08 35 01  11556     1    22    61    12    33 -10.30  47.50  11.40 213.20 0.3580 2 4
d 1933 09 07 10 22 00 GREE            59   226    35   133 2427322.93194  22.60   7.25
g 1933 09 07 10 22 00  11556          59   226    35   133 -10.10  48.30  26.30 237.00 0.5230 2 4
s 1933 09 07 10 22 00  11556     1    59   226    35   133 -10.10  48.30  26.30 237.00 0.5230 2 4
d 1933 09 08 08 05 00 GREE            34   136    23    92 2427323.83681  22.80   7.25
g 1933 09 08 08 05 00  11556          34   136    23    92  -9.80  48.50  38.50 246.50 0.6710 2 4
s 1933 09 08 08 05 00  11556     1    34   136    23    92  -9.80  48.50  38.50 246.50 0.6710 2 4
d 1933 09 09 08 32 01 GREE            22    75    20    67 2427324.85557  23.02   7.25
g 1933 09 09 08 32 01  11556          22    75    20    67  -9.60  49.70  53.20 253.10 0.8280 2 4
s 1933 09 09 08 32 01  11556     1    22    75    20    67  -9.60  49.70  53.20 253.10 0.8280 2 4
d 1933 09 10 08 38 00 GREE             5    18     7    24 2427325.85972  23.22   7.24
g 1933 09 10 08 38 00  11556           5    18     7    24  -9.40  48.90  65.60 256.60 0.9250 2 4
s 1933 09 10 08 38 00  11556     1     5    18     7    24  -9.40  48.90  65.60 256.60 0.9250 2 4
d 1933 09 11 08 15 00 GREE             0     0     0     0 2427326.84375  23.42   7.24
d 1933 09 12 02 55 01 GREE             0     0     0     0 2427327.62154  23.57   7.23
d 1933 09 13 15 07 00 GREE             0     0     0     0 2427329.12986  23.86   7.22
d 1933 09 14 08 18 00 GREE             0     0     0     0 2427329.84583  23.99   7.21
d 1933 09 15 08 09 01 GREE             0     0     0     0 2427330.83959  24.16   7.19
d 1933 09 16 09 43 00 GREE             0     0     0     0 2427331.90486  24.34   7.17
d 1933 09 17 09 08 01 GREE             0     0     0     0 2427332.88057  24.50   7.16
d 1933 09 18 10 16 00 GREE             0     0     0     0 2427333.92778  24.66   7.13
d 1933 09 19 09 14 00 GREE             0     0     0     0 2427334.88472  24.81   7.11
d 1933 09 20 08 57 00 GREE             0     0     0     0 2427335.87292  24.95   7.09
d 1933 09 21 08 09 01 GREE             1     3     1     2 2427336.83959  25.08   7.06
g 1933 09 21 08 09 01  11557           1     3     1     2  15.10 178.70 -19.60  65.70 0.3570 2 4
s 1933 09 21 08 09 01  11557     1     1     3     1     2  15.10 178.70 -19.60  65.70 0.3570 2 4
d 1933 09 22 08 32 01 GREE            35   116    18    59 2427337.85557  25.21   7.03
g 1933 09 22 08 32 01  11557          35   116    18    59  14.40 179.50  -5.40  35.40 0.1590 2 4
s 1933 09 22 08 32 01  11557     1    35   116    18    59  14.40 179.50  -5.40  35.40 0.1590 2 4
d 1933 09 23 08 34 00 GREE            13    58     7    30 2427338.85694  25.34   7.00
g 1933 09 23 08 34 00  11557          13    58     7    30  14.50 180.50   8.80 311.60 0.1990 2 4
s 1933 09 23 08 34 00  11557     1    13    58     7    30  14.50 180.50   8.80 311.60 0.1990 2 4
d 1933 09 24 08 28 00 GREE             3    14     2     8 2427339.85278  25.46   6.97
g 1933 09 24 08 28 00  11557           3    14     2     8  14.80 182.90  24.30 290.20 0.4250 2 4
s 1933 09 24 08 28 00  11557     1     3    14     2     8  14.80 182.90  24.30 290.20 0.4250 2 4
d 1933 09 25 08 24 00 GREE             0     0     0     0 2427340.85000  25.57   6.93
d 1933 09 26 08 31 00 GREE             0     0     0     0 2427341.85486  25.67   6.89
d 1933 09 27 08 18 00 GREE             3     3     2     2 2427342.84583  25.77   6.86
g 1933 09 27 08 18 00  11558           3     3     2     2  -1.10 123.90   4.80 211.00 0.1640 2 4
s 1933 09 27 08 18 00  11558     1     3     3     2     2  -1.10 123.90   4.80 211.00 0.1640 2 4
d 1933 09 28 10 10 01 GREE            13    67     7    36 2427343.92362  25.87   6.81
g 1933 09 28 10 10 01  11558          13    67     7    36  -0.90 124.10  19.30 249.10 0.3560 2 4
s 1933 09 28 10 10 01  11558     1    13    67     7    36  -0.90 124.10  19.30 249.10 0.3560 2 4
d 1933 09 29 10 13 00 GREE            13    99     8    60 2427344.92569  25.95   6.77
g 1933 09 29 10 13 00  11558          13    99     8    60  -1.10 124.40  32.80 257.60 0.5560 2 4
s 1933 09 29 10 13 00  11558     1    13    99     8    60  -1.10 124.40  32.80 257.60 0.5560 2 4
d 1933 09 30 07 23 01 GREE             4    27     3    19 2427345.80765  26.02   6.73
g 1933 09 30 07 23 01  11558           4    27     3    19  -0.60 123.80  43.80 262.20 0.7010 2 4
s 1933 09 30 07 23 01  11558     1     4    27     3    19  -0.60 123.80  43.80 262.20 0.7010 2 4
d 1933 10 01 08 44 00 GREE             0     0     0     0 2427346.86389  26.09   6.68
d 1933 10 02 08 39 01 GREE             0     0     0     0 2427347.86043  26.16   6.63
d 1933 10 03 10 36 00 GREE             0     0     0     0 2427348.94167  26.22   6.57
d 1933 10 04 08 34 00 GREE             0     0     0     0 2427349.85694  26.26   6.52
d 1933 10 05 10 22 00 GREE             0     0     0     0 2427350.93194  26.30   6.46
d 1933 10 06 10 52 00 GREE             0     0     0     0 2427351.95278  26.34   6.40
d 1933 10 07 11 16 01 GREE             0     0     0     0 2427352.96946  26.37   6.34
d 1933 10 08 09 36 00 GREE             0     0     0     0 2427353.90000  26.39   6.29
d 1933 10 09 09 12 01 GREE             0     0     0     0 2427354.88334  26.40   6.22
d 1933 10 10 14 54 00 GREE             1     3     1     2 2427356.12083  26.40   6.14
g 1933 10 10 14 54 00 107101           1     3     1     2  27.20 308.00   4.10 350.00 0.3670 0 0
s 1933 10 10 14 54 00 107101     1     1     3     1     2  27.20 308.00   4.10 350.00 0.3670 0 0
d 1933 10 11 10 40 01 GREE             0     0     0     0 2427356.94446  26.40   6.09
d 1933 10 12 09 12 01 GREE             1     9     1     5 2427357.88334  26.39   6.02
g 1933 10 12 09 12 01 107102           1     9     1     5  13.50 300.80  20.20 292.20 0.3640 0 0
s 1933 10 12 09 12 01 107102     1     1     9     1     5  13.50 300.80  20.20 292.20 0.3640 0 0
d 1933 10 13 09 41 01 GREE             0     0     0     0 2427358.90348  26.38   5.95
d 1933 10 14 03 24 00 GREE             0     0     0     0 2427359.64167  26.36   5.90
d 1933 10 15 08 41 00 GREE             0     0     0     0 2427360.86181  26.32   5.81
d 1933 10 16 08 58 01 GREE             0     0     0     0 2427361.87362  26.28   5.73
d 1933 10 17 10 16 00 GREE             0     0     0     0 2427362.92778  26.23   5.65
d 1933 10 18 09 10 00 GREE             0     0     0     0 2427363.88194  26.18   5.57
d 1933 10 19 09 14 00 GREE             0     0     0     0 2427364.88472  26.12   5.49
d 1933 10 20 09 18 01 GREE             0     0     0     0 2427365.88751  26.05   5.41
d 1933 10 21 02 52 01 GREE             0     0     0     0 2427366.61946  25.99   5.35
d 1933 10 22 08 45 01 GREE             0     0     0     0 2427367.86459  25.89   5.24
d 1933 10 23 09 50 00 GREE             0     0     0     0 2427368.90972  25.79   5.15
d 1933 10 24 10 29 00 GREE             0     0     0     0 2427369.93681  25.69   5.05
d 1933 10 25 08 26 01 GREE             0     0     0     0 2427370.85140  25.59   4.97
d 1933 10 26 15 01 00 GREE            71   260    36   131 2427372.12569  25.44   4.85
g 1933 10 26 15 01 00  11559          71   260    36   131   9.00  88.80  -4.00  43.80 0.1000 2 4
s 1933 10 26 15 01 00  11559     1    71   260    36   131   9.00  88.80  -4.00  43.80 0.1000 2 4
d 1933 10 27 09 37 00 GREE            98   457    50   231 2427372.90069  25.34   4.78
g 1933 10 27 09 37 00  11559          98   457    50   231   9.30  89.50   6.90 303.60 0.1420 2 4
s 1933 10 27 09 37 00  11559     1    98   457    50   231   9.30  89.50   6.90 303.60 0.1420 2 4
d 1933 10 28 10 50 01 GREE            85   381    46   205 2427373.95140  25.20   4.68
g 1933 10 28 10 50 01  11559          85   381    46   205   8.90  89.90  21.20 282.40 0.3670 2 4
s 1933 10 28 10 50 01  11559     1    85   381    46   205   8.90  89.90  21.20 282.40 0.3670 2 4
d 1933 10 29 10 14 01 GREE            96   404    60   246 2427374.92640  25.06   4.58
g 1933 10 29 10 14 01 107103           3    13     2     7   6.90  68.90  13.10 280.70 0.2290 0 0
s 1933 10 29 10 14 01 107103     1     3    13     2     7   6.90  68.90  13.10 280.70 0.2290 0 0
g 1933 10 29 10 14 01 107104          11    21     8    15 -31.50  31.30 -24.50 148.70 0.6850 0 0
s 1933 10 29 10 14 01 107104     1    11    21     8    15 -31.50  31.30 -24.50 148.70 0.6850 0 0
g 1933 10 29 10 14 01  11559          82   370    50   224   8.70  90.00  34.10 278.70 0.5630 2 4
s 1933 10 29 10 14 01  11559     1    82   370    50   224   8.70  90.00  34.10 278.70 0.5630 2 4
d 1933 10 30 10 14 01 GREE            38   255    29   191 2427375.92640  24.91   4.49
g 1933 10 30 10 14 01  11559          38   255    29   191   8.60  90.70  48.00 277.50 0.7430 2 4
s 1933 10 30 10 14 01  11559     1    38   255    29   191   8.60  90.70  48.00 277.50 0.7430 2 4
d 1933 10 31 15 05 01 GREE            26   122    31   145 2427377.12848  24.73   4.36
g 1933 10 31 15 05 01  11559          26   122    31   145   8.70  92.00  65.20 277.60 0.9070 2 4
s 1933 10 31 15 05 01  11559     1    26   122    31   145   8.70  92.00  65.20 277.60 0.9070 2 4
d 1933 11 01 03 31 01 GREE            19    79    32   130 2427377.64654  24.64   4.31
g 1933 11 01 03 31 01  11559          19    79    32   130   8.50  92.30  72.30 277.60 0.9520 2 4
s 1933 11 01 03 31 01  11559     1    19    79    32   130   8.50  92.30  72.30 277.60 0.9520 2 4
d 1933 11 02 14 42 01 GREE             0     0     0     0 2427379.11251  24.39   4.16
d 1933 11 03 11 15 00 GREE             0     0     0     0 2427379.96875  24.23   4.07
d 1933 11 04 11 08 00 GREE             0     0     0     0 2427380.96389  24.05   3.97
d 1933 11 05 11 41 00 GREE             0     0     0     0 2427381.98681  23.85   3.86
d 1933 11 06 09 36 00 GREE             0     0     0     0 2427382.90000  23.66   3.76
d 1933 11 07 10 27 01 GREE             0     0     0     0 2427383.93543  23.44   3.65
d 1933 11 08 09 53 00 GREE             0     0     0     0 2427384.91181  23.23   3.54
d 1933 11 09 10 40 01 GREE             0     0     0     0 2427385.94446  22.99   3.42
d 1933 11 10 10 46 01 GREE             0     0     0     0 2427386.94862  22.76   3.31
d 1933 11 11 09 50 00 GREE             0     0     0     0 2427387.90972  22.52   3.20
d 1933 11 12 12 31 01 GREE             0     0     0     0 2427389.02154  22.25   3.08
d 1933 11 13 11 19 01 GREE             0     0     0     0 2427389.97154  22.00   2.97
d 1933 11 14 11 24 00 GREE             0     0     0     0 2427390.97500  21.73   2.85
d 1933 11 15 12 08 01 GREE             0     0     0     0 2427392.00557  21.45   2.73
d 1933 11 16 09 36 00 GREE             0     0     0     0 2427392.90000  21.20   2.62
d 1933 11 17 11 51 00 GREE             0     0     0     0 2427393.99375  20.88   2.49
d 1933 11 18 09 50 00 GREE             0     0     0     0 2427394.90972  20.61   2.38
d 1933 11 19 10 06 00 GREE             0     0     0     0 2427395.92083  20.31   2.26
d 1933 11 20 09 36 00 GREE             0     0     0     0 2427396.90000  20.00   2.14
d 1933 11 21 09 36 00 GREE             0     0     0     0 2427397.90000  19.69   2.02
d 1933 11 22 08 24 00 GREE             0     0     0     0 2427398.85000  19.38   1.90
d 1933 11 23 08 25 00 GREE             0     0     0     0 2427399.85069  19.05   1.78
d 1933 11 24 08 21 00 GREE             0     0     0     0 2427400.84792  18.71   1.65
d 1933 11 25 11 19 01 GREE             0     0     0     0 2427401.97154  18.32   1.51
d 1933 11 26 08 58 01 GREE             0     0     0     0 2427402.87362  18.01   1.40
d 1933 11 27 10 43 01 GREE             0     0     0     0 2427403.94654  17.62   1.27
d 1933 11 28 10 13 00 GREE             0     0     0     0 2427404.92569  17.26   1.14
d 1933 11 29 10 35 00 GREE             0     0     0     0 2427405.94097  16.89   1.01
d 1933 11 30 10 01 01 GREE             0     0     0     0 2427406.91737  16.52   0.89
d 1933 12 01 10 00 00 GREE             0     0     0     0 2427407.91667  16.13   0.76
d 1933 12 02 09 56 00 GREE             0     0     0     0 2427408.91389  15.75   0.64
d 1933 12 03 09 00 00 GREE             0     0     0     0 2427409.87500  15.37   0.51
d 1933 12 04 08 08 00 GREE             0     0     0     0 2427410.83889  14.98   0.39
d 1933 12 05 08 58 01 GREE             0     0     0     0 2427411.87362  14.56   0.26
d 1933 12 06 10 14 01 GREE             0     0     0     0 2427412.92640  14.13   0.12
d 1933 12 07 10 22 00 GREE             0     0     0     0 2427413.93194  13.71  -0.00
d 1933 12 08 12 00 00 GREE             0     0     0     0 2427415.00000  13.25  -0.14
d 1933 12 09 08 35 01 GREE             0     0     0     0 2427415.85765  12.89  -0.25
d 1933 12 10 09 10 00 GREE             0     0     0     0 2427416.88194  12.44  -0.38
d 1933 12 11 09 56 00 GREE            12    41     7    23 2427417.91389  11.99  -0.52
g 1933 12 11 09 56 00 107301          12    41     7    23   0.90 184.90 -24.30  86.60 0.4140 0 0
s 1933 12 11 09 56 00 107301     1    12    41     7    23   0.90 184.90 -24.30  86.60 0.4140 0 0
d 1933 12 12 09 43 00 GREE             0     0     0     0 2427418.90486  11.56  -0.64
d 1933 12 13 09 59 00 GREE             0     0     0     0 2427419.91597  11.11  -0.77
d 1933 12 14 10 37 01 GREE             0     0     0     0 2427420.94237  10.65  -0.90
d 1933 12 15 12 04 00 GREE             0     0     0     0 2427422.00278  10.17  -1.04
d 1933 12 16 10 53 01 GREE             0     0     0     0 2427422.95348   9.73  -1.16
d 1933 12 17 02 28 00 GREE             0     0     0     0 2427423.60278   9.43  -1.24
d 1933 12 18 10 42 00 GREE             0     0     0     0 2427424.94583   8.81  -1.41
d 1933 12 19 09 31 01 GREE             0     0     0     0 2427425.89654   8.37  -1.53
d 1933 12 20 12 12 01 GREE             0     0     0     0 2427427.00834   7.85  -1.67
d 1933 12 21 12 48 01 GREE             0     0     0     0 2427428.03334   7.36  -1.80
d 1933 12 22 08 39 01 GREE             0     0     0     0 2427428.86043   6.97  -1.90
d 1933 12 23 08 28 00 GREE             0     0     0     0 2427429.85278   6.50  -2.02
d 1933 12 24 09 14 00 GREE             0     0     0     0 2427430.88472   6.00  -2.15
d 1933 12 25 09 27 00 GREE             0     0     0     0 2427431.89375   5.52  -2.27
d 1933 12 26 08 03 01 GREE             0     0     0     0 2427432.83543   5.06  -2.39
d 1933 12 27 09 47 01 GREE             0     0     0     0 2427433.90765   4.55  -2.52
d 1933 12 28 09 37 00 GREE             0     0     0     0 2427434.90069   4.06  -2.64
d 1933 12 29 08 28 00 GREE             0     0     0     0 2427435.85278   3.60  -2.75
d 1933 12 30 07 46 01 GREE             0     0     0     0 2427436.82362   3.13  -2.87
d 1933 12 31 09 14 00 GREE             0     0     0     0 2427437.88472   2.61  -2.99
