d 1877 01 03 12 00 00 GREE             0     0     0     0 2406623.00000   0.64  -3.53
d 1877 01 04 12 00 00 GREE             0     0     0     0 2406624.00000   0.15  -3.65
d 1877 01 05 12 00 00 GREE             0     0     0     0 2406625.00000  -0.34  -3.76
d 1877 01 06 01 22 00 GREE             0    73     0    58 2406625.55694  -0.61  -3.82
g 1877 01 06 01 22 00   231a           0    73     0    58   6.50 273.70 -50.20  78.50 0.7800 0 2
s 1877 01 06 01 22 00   231a     1     0    73     0    58   6.50 273.70 -50.20  78.50 0.7800 0 2
d 1877 01 08 01 09 00 GREE             0    30     0    18 2406627.54792  -1.58  -4.03
g 1877 01 08 01 09 00   231b           0    30     0    18   5.80 266.70 -31.00  72.50 0.5370 0 1
s 1877 01 08 01 09 00   231b     1     0    30     0    18   5.80 266.70 -31.00  72.50 0.5370 0 1
d 1877 01 09 01 37 01 GREE             0    15     0     8 2406628.56737  -2.07  -4.14
g 1877 01 09 01 37 01   231b           0    15     0     8   6.30 267.10 -17.20  58.50 0.3500 0 1
s 1877 01 09 01 37 01   231b     1     0    15     0     8   6.30 267.10 -17.20  58.50 0.3500 0 1
d 1877 01 10 01 37 01 GREE            29   353    57   471 2406629.56737  -2.56  -4.25
g 1877 01 10 01 37 01   231b           0    92     0    47   5.80 267.10  -4.00  21.50 0.1820 0 1
s 1877 01 10 01 37 01   231b     1     0    92     0    47   5.80 267.10  -4.00  21.50 0.1820 0 1
g 1877 01 10 01 37 01    232          29   174    57   375   8.80 195.40 -75.70  79.50 0.9720 0 1
s 1877 01 10 01 37 01    232     1    29   174    57   375   8.80 195.40 -75.70  79.50 0.9720 0 1
g 1877 01 10 01 37 01   232a           0    87     0    49  -8.30 297.10  26.00 259.50 0.4460 0 4
s 1877 01 10 01 37 01   232a     1     0    87     0    49  -8.30 297.10  26.00 259.50 0.4460 0 4
d 1877 01 11 05 49 01 GREE            38   417    38   361 2406630.74237  -3.12  -4.37
g 1877 01 11 05 49 01   231b           0   113     0    59   6.30 267.70  12.00 311.50 0.2840 0 1
s 1877 01 11 05 49 01   231b     1     0   113     0    59   6.30 267.70  12.00 311.50 0.2840 0 1
g 1877 01 11 05 49 01    232          38   236    38   256   8.50 194.20 -61.50  78.10 0.8870 0 1
s 1877 01 11 05 49 01    232     1    38   236    38   256   8.50 194.20 -61.50  78.10 0.8870 0 1
g 1877 01 11 05 49 01   232a           0    68     0    46  -8.50 298.00  42.30 262.50 0.6760 0 4
s 1877 01 11 05 49 01   232a     1     0    68     0    46  -8.50 298.00  42.30 262.50 0.6760 0 4
d 1877 01 12 01 14 01 GREE            44   273    35   220 2406631.55140  -3.51  -4.45
g 1877 01 12 01 14 01    232          44   273    35   220   8.60 194.90 -50.10  75.40 0.7840 0 1
s 1877 01 12 01 14 01    232     1    44   273    35   220   8.60 194.90 -50.10  75.40 0.7840 0 1
d 1877 01 13 00 51 01 GREE            29   302    19   197 2406632.53543  -3.98  -4.55
g 1877 01 13 00 51 01    232          29   302    19   197   8.50 194.40 -37.60  70.50 0.6360 0 1
s 1877 01 13 00 51 01    232     1    29   302    19   197   8.50 194.40 -37.60  70.50 0.6360 0 1
d 1877 01 14 00 00 00 GREE            68   380    37   206 2406633.50000  -4.44  -4.65
g 1877 01 14 00 00 00    232          68   380    37   206   8.80 194.70 -20.60  53.50 0.3830 0 1
s 1877 01 14 00 00 00    232     1    68   380    37   206   8.80 194.70 -20.60  53.50 0.3830 0 1
d 1877 01 15 14 02 00 GREE           196   805   130   540 2406635.08472  -5.18  -4.80
g 1877 01 15 14 02 00    232         106   415    55   215   9.00 194.90  -3.60  14.50 0.2500 0 1
s 1877 01 15 14 02 00    232     1   106   415    55   215   9.00 194.90  -3.60  14.50 0.2500 0 1
g 1877 01 15 14 02 00    233          90   390    75   325  10.80 147.70 -50.80  72.70 0.8000 0 1
s 1877 01 15 14 02 00    233     1    90   390    75   325  10.80 147.70 -50.80  72.70 0.8000 0 1
d 1877 01 16 00 00 00 GREE           187   889   112   541 2406635.50000  -5.38  -4.84
g 1877 01 16 00 00 00    232          92   364    48   190   9.20 195.10   6.50 328.50 0.2840 0 1
s 1877 01 16 00 00 00    232     1    92   364    48   190   9.20 195.10   6.50 328.50 0.2840 0 1
g 1877 01 16 00 00 00    233          95   525    64   351  10.70 147.60 -41.10  67.50 0.6630 0 1
s 1877 01 16 00 00 00    233     1    95   525    64   351  10.70 147.60 -41.10  67.50 0.6630 0 1
d 1877 01 17 02 08 00 GREE           161   924    93   543 2406636.58889  -5.89  -4.95
g 1877 01 17 02 08 00    232          74   307    40   166   9.30 195.20  16.50 310.50 0.3670 0 1
s 1877 01 17 02 08 00    232     1    74   307    40   166   9.30 195.20  16.50 310.50 0.3670 0 1
g 1877 01 17 02 08 00    233          87   617    53   377  10.60 147.40 -31.30  63.60 0.5750 0 1
s 1877 01 17 02 08 00    233     1    87   617    53   377  10.60 147.40 -31.30  63.60 0.5750 0 1
d 1877 01 18 01 10 01 GREE           122   974    69   548 2406637.54862  -6.33  -5.04
g 1877 01 18 01 10 01    232          46   306    27   181   9.50 195.00  29.00 296.50 0.5370 0 1
s 1877 01 18 01 10 01    232     1    46   306    27   181   9.50 195.00  29.00 296.50 0.5370 0 1
g 1877 01 18 01 10 01    233          76   668    42   367  10.40 147.40 -18.60  50.90 0.4140 0 1
s 1877 01 18 01 10 01    233     1    76   668    42   367  10.40 147.40 -18.60  50.90 0.4140 0 1
d 1877 01 19 00 59 00 GREE            88  1023    56   591 2406638.54097  -6.79  -5.13
g 1877 01 19 00 59 00    232          56   313    39   219   9.50 194.80  41.80 289.20 0.7000 0 1
s 1877 01 19 00 59 00    232     1    56   313    39   219   9.50 194.80  41.80 289.20 0.7000 0 1
g 1877 01 19 00 59 00    233          32   710    17   372  11.20 147.00  -6.00  19.50 0.3010 0 1
s 1877 01 19 00 59 00    233     1    32   710    17   372  11.20 147.00  -6.00  19.50 0.3010 0 1
d 1877 01 20 01 12 00 GREE            70   619    49   418 2406639.55000  -7.26  -5.22
g 1877 01 20 01 12 00    232          32   235    29   216   9.60 194.80  55.20 285.00 0.8390 0 1
s 1877 01 20 01 12 00    232     1    32   235    29   216   9.60 194.80  55.20 285.00 0.8390 0 1
g 1877 01 20 01 12 00    233          38   384    20   202  10.90 147.60   8.00 333.50 0.3010 0 1
s 1877 01 20 01 12 00    233     1    38   384    20   202  10.90 147.60   8.00 333.50 0.3010 0 1
d 1877 01 21 00 00 00 GREE            53   407    62   389 2406640.50000  -7.69  -5.30
g 1877 01 21 00 00 00    232          21   106    43   212   9.60 194.40  68.40 281.50 0.9680 0 1
s 1877 01 21 00 00 00    232     1    21   106    43   212   9.60 194.40  68.40 281.50 0.9680 0 1
g 1877 01 21 00 00 00    233          32   301    19   177  11.00 147.60  21.60 301.50 0.5220 0 1
s 1877 01 21 00 00 00    233     1    32   301    19   177  11.00 147.60  21.60 301.50 0.5220 0 1
d 1877 01 22 02 49 01 GREE            43   289    74   358 2406641.61737  -8.19  -5.40
g 1877 01 22 02 49 01    232          15    54    56   207   9.50 193.90  81.50 280.50 0.9910 0 1
s 1877 01 22 02 49 01    232     1    15    54    56   207   9.50 193.90  81.50 280.50 0.9910 0 1
g 1877 01 22 02 49 01    233          28   235    18   151  11.10 147.60  35.20 295.50 0.6230 0 1
s 1877 01 22 02 49 01    233     1    28   235    18   151  11.10 147.60  35.20 295.50 0.6230 0 1
d 1877 01 23 12 00 00 GREE            18   100    16    88 2406643.00000  -8.81  -5.52
g 1877 01 23 12 00 00    233          18   100    16    88  11.60 147.00  52.70 288.50 0.8240 0 1
s 1877 01 23 12 00 00    233     1    18   100    16    88  11.60 147.00  52.70 288.50 0.8240 0 1
d 1877 01 24 12 51 01 GREE            13    65    17    86 2406644.03543  -9.27  -5.60
g 1877 01 24 12 51 01    233          13    65    17    86  11.60 146.30  65.70 285.50 0.9240 0 1
s 1877 01 24 12 51 01    233     1    13    65    17    86  11.60 146.30  65.70 285.50 0.9240 0 1
d 1877 01 25 01 32 00 GREE             0    83     0   156 2406644.56389  -9.50  -5.64
g 1877 01 25 01 32 00    233           0    83     0   156  11.90 146.80  73.20 283.50 0.9680 0 1
s 1877 01 25 01 32 00    233     1     0    83     0   156  11.90 146.80  73.20 283.50 0.9680 0 1
d 1877 01 26 12 47 01 GREE             0    39     0    28 2406646.03265 -10.14  -5.76
g 1877 01 26 12 47 01    234           0    39     0    28  -7.30   9.00 -45.30  94.50 0.7010 0 0
s 1877 01 26 12 47 01    234     1     0    39     0    28  -7.30   9.00 -45.30  94.50 0.7010 0 0
d 1877 01 27 00 34 01 GREE             0    17     0    11 2406646.52362 -10.36  -5.80
g 1877 01 27 00 34 01    234           0    17     0    11  -7.50   9.00 -38.80  94.50 0.6230 0 0
s 1877 01 27 00 34 01    234     1     0    17     0    11  -7.50   9.00 -38.80  94.50 0.6230 0 0
d 1877 01 30 12 48 01 GREE             0     9     0     9 2406650.03334 -11.84  -6.06
g 1877 01 30 12 48 01   234a           0     9     0     9  -7.20 301.70 -60.00  94.50 0.8620 0 0
s 1877 01 30 12 48 01   234a     1     0     9     0     9  -7.20 301.70 -60.00  94.50 0.8620 0 0
d 1877 01 31 01 52 00 GREE             0    15     0    12 2406650.57778 -12.07  -6.10
g 1877 01 31 01 52 00   234a           0    15     0    12  -6.90 303.10 -51.40  93.50 0.7720 0 0
s 1877 01 31 01 52 00   234a     1     0    15     0    12  -6.90 303.10 -51.40  93.50 0.7720 0 0
d 1877 02 01 00 00 00 GREE             3    22     2    13 2406651.50000 -12.45  -6.16
g 1877 02 01 00 00 00   234a           3    22     2    13  -7.00 303.60 -37.80  93.50 0.5220 0 0
s 1877 02 01 00 00 00   234a     1     3    22     2    13  -7.00 303.60 -37.80  93.50 0.5220 0 0
d 1877 02 02 01 59 01 GREE             5    25     3    14 2406652.58265 -12.89  -6.23
g 1877 02 02 01 59 01   234a           5    25     3    14  -7.00 304.00 -24.10  93.50 0.3990 0 0
s 1877 02 02 01 59 01   234a     1     5    25     3    14  -7.00 304.00 -24.10  93.50 0.3990 0 0
d 1877 02 03 13 22 00 GREE             0    32     0    16 2406654.05694 -13.48  -6.33
g 1877 02 03 13 22 00   234a           0    32     0    16  -8.30 304.00  -4.70 113.10 0.0890 0 7
s 1877 02 03 13 22 00   234a     1     0    32     0    16  -8.30 304.00  -4.70 113.10 0.0890 0 7
d 1877 02 04 00 00 00 GREE             0    25     0    13 2406654.50000 -13.65  -6.35
g 1877 02 04 00 00 00   234a           0    25     0    13  -8.00 307.60  10.00 261.50 0.1990 0 7
s 1877 02 04 00 00 00   234a     1     0    25     0    13  -8.00 307.60  10.00 261.50 0.1990 0 7
d 1877 02 05 00 00 00 GREE             0    17     0    10 2406655.50000 -14.05  -6.42
g 1877 02 05 00 00 00   234a           0    17     0    10  -7.80 311.20  24.70 265.50 0.4620 0 7
s 1877 02 05 00 00 00   234a     1     0    17     0    10  -7.80 311.20  24.70 265.50 0.4620 0 7
d 1877 02 06 02 19 01 GREE             0    11     0     7 2406656.59654 -14.47  -6.48
g 1877 02 06 02 19 01   234a           0    11     0     7  -7.50 314.70  39.40 266.50 0.6230 0 7
s 1877 02 06 02 19 01   234a     1     0    11     0     7  -7.50 314.70  39.40 266.50 0.6230 0 7
d 1877 02 07 11 00 01 GREE            25   116    28   130 2406657.95834 -14.99  -6.56
g 1877 02 07 11 00 01   234a           0     7     0     6  -7.50 313.40  56.10 265.50 0.8150 0 7
s 1877 02 07 11 00 01   234a     1     0     7     0     6  -7.50 313.40  56.10 265.50 0.8150 0 7
g 1877 02 07 11 00 01    235          25   109    28   124   9.90 195.30 -62.00  75.50 0.8950 0 0
s 1877 02 07 11 00 01    235     1    25   109    28   124   9.90 195.30 -62.00  75.50 0.8950 0 0
d 1877 02 08 12 33 00 GREE            39   194    31   154 2406659.02292 -15.39  -6.61
g 1877 02 08 12 33 00    235          39   194    31   154   9.50 194.90 -48.40  71.50 0.7720 0 0
s 1877 02 08 12 33 00    235     1    39   194    31   154   9.50 194.90 -48.40  71.50 0.7720 0 0
d 1877 02 09 00 00 00 GREE            40   220    26   141 2406659.50000 -15.57  -6.64
g 1877 02 09 00 00 00    235          40   220    26   141   9.20 195.20 -38.00  66.50 0.6230 0 0
s 1877 02 09 00 00 00    235     1    40   220    26   141   9.20 195.20 -38.00  66.50 0.6230 0 0
d 1877 02 10 01 45 00 GREE            36   218    21   128 2406660.57292 -15.96  -6.69
g 1877 02 10 01 45 00    235          36   218    21   128   8.80 195.40 -27.50  60.50 0.5220 0 0
s 1877 02 10 01 45 00    235     1    36   218    21   128   8.80 195.40 -27.50  60.50 0.5220 0 0
d 1877 02 11 00 00 00 GREE            41   242    22   127 2406661.50000 -16.29  -6.74
g 1877 02 11 00 00 00    235          41   242    22   127   8.80 195.40 -13.40  29.50 0.3010 0 0
s 1877 02 11 00 00 00    235     1    41   242    22   127   8.80 195.40 -13.40  29.50 0.3010 0 0
d 1877 02 12 00 00 00 GREE            46   241    24   126 2406662.50000 -16.65  -6.78
g 1877 02 12 00 00 00    235          46   241    24   126   8.90 195.40   0.70 343.50 0.2840 0 0
s 1877 02 12 00 00 00    235     1    46   241    24   126   8.90 195.40   0.70 343.50 0.2840 0 0
d 1877 02 13 00 00 00 GREE            45   229    25   125 2406663.50000 -17.00  -6.83
g 1877 02 13 00 00 00    235          45   229    25   125   8.90 195.40  14.80 311.50 0.3990 0 0
s 1877 02 13 00 00 00    235     1    45   229    25   125   8.90 195.40  14.80 311.50 0.3990 0 0
d 1877 02 14 00 00 00 GREE            42   204    26   124 2406664.50000 -17.34  -6.87
g 1877 02 14 00 00 00    235          42   204    26   124   8.90 195.30  28.90 296.50 0.5660 0 0
s 1877 02 14 00 00 00    235     1    42   204    26   124   8.90 195.30  28.90 296.50 0.5660 0 0
d 1877 02 15 00 00 00 GREE            37   170    27   124 2406665.50000 -17.68  -6.91
g 1877 02 15 00 00 00    235          37   170    27   124   9.00 195.30  43.00 289.50 0.7250 0 0
s 1877 02 15 00 00 00    235     1    37   170    27   124   9.00 195.30  43.00 289.50 0.7250 0 0
d 1877 02 16 12 11 01 GREE            29   127    28   123 2406667.00765 -18.18  -6.97
g 1877 02 16 12 11 01    235          29   127    28   123   9.00 195.30  57.10 284.50 0.8590 0 0
s 1877 02 16 12 11 01    235     1    29   127    28   123   9.00 195.30  57.10 284.50 0.8590 0 0
d 1877 02 17 12 47 01 GREE            20    89    33   146 2406668.03265 -18.52  -7.00
g 1877 02 17 12 47 01    235          20    89    33   146   9.00 195.40  70.70 281.50 0.9540 0 0
s 1877 02 17 12 47 01    235     1    20    89    33   146   9.00 195.40  70.70 281.50 0.9540 0 0
d 1877 02 19 13 24 01 GREE             0     0     0     0 2406670.05834 -19.16  -7.06
d 1877 02 20 12 00 00 GREE             0     0     0     0 2406671.00000 -19.45  -7.09
d 1877 02 21 12 00 00 GREE             0     0     0     0 2406672.00000 -19.75  -7.12
d 1877 02 23 12 00 00 GREE             0     0     0     0 2406674.00000 -20.33  -7.16
d 1877 02 24 12 00 00 GREE             0     0     0     0 2406675.00000 -20.61  -7.18
d 1877 02 26 01 09 00 GREE             0    57     0   112 2406676.54792 -21.04  -7.20
g 1877 02 26 01 09 00    236           0    57     0   112   7.80 298.50 -74.00  79.50 0.9640 0 7
s 1877 02 26 01 09 00    236     1     0    57     0   112   7.80 298.50 -74.00  79.50 0.9640 0 7
d 1877 02 27 13 06 00 GREE            40   146    36   133 2406678.04583 -21.44  -7.22
g 1877 02 27 13 06 00    236          40   146    36   133   7.00 298.00 -54.80  76.50 0.8340 0 7
s 1877 02 27 13 06 00    236     1    40   146    36   133   7.00 298.00 -54.80  76.50 0.8340 0 7
d 1877 02 28 00 00 00 GREE            33   127    23    88 2406678.50000 -21.55  -7.23
g 1877 02 28 00 00 00    236          33   127    23    88   7.20 298.50 -44.10  71.50 0.6880 0 7
s 1877 02 28 00 00 00    236     1    33   127    23    88   7.20 298.50 -44.10  71.50 0.6880 0 7
d 1877 03 01 02 08 00 GREE            44   191    25   108 2406679.58889 -21.83  -7.24
g 1877 03 01 02 08 00    236          16    69    10    43   7.40 299.00 -33.40  66.50 0.5950 0 7
s 1877 03 01 02 08 00    236     1    16    69    10    43   7.40 299.00 -33.40  66.50 0.5950 0 7
g 1877 03 01 02 08 00   236a          28   122    15    65  -8.20 311.50 -20.90  94.50 0.3500 0 4
s 1877 03 01 02 08 00   236a     1    28   122    15    65  -8.20 311.50 -20.90  94.50 0.3500 0 4
d 1877 03 02 00 00 00 GREE            36   263    19   134 2406680.50000 -22.06  -7.24
g 1877 03 02 00 00 00    236          11    56     6    30   7.20 299.30 -20.40  45.50 0.3500 0 7
s 1877 03 02 00 00 00    236     1    11    56     6    30   7.20 299.30 -20.40  45.50 0.3500 0 7
g 1877 03 02 00 00 00   236a          25   207    13   104  -8.50 311.00  -8.70 114.50 0.0610 0 4
s 1877 03 02 00 00 00   236a     1    25   207    13   104  -8.50 311.00  -8.70 114.50 0.0610 0 4
d 1877 03 03 00 38 01 GREE            22   316    13   159 2406681.52640 -22.30  -7.25
g 1877 03 03 00 38 01    236           0    31     2    16   6.90 299.50  -7.40  27.50 0.2530 0 7
s 1877 03 03 00 38 01    236     1     0    31     2    16   6.90 299.50  -7.40  27.50 0.2530 0 7
g 1877 03 03 00 38 01   236a          22   285    11   143  -8.70 310.50   3.60 248.50 0.0610 0 4
s 1877 03 03 00 38 01   236a     1    22   285    11   143  -8.70 310.50   3.60 248.50 0.0610 0 4
d 1877 03 04 00 00 00 GREE            21   325    12   176 2406682.50000 -22.53  -7.25
g 1877 03 04 00 00 00    236           1    52     1    28   8.30 298.50   5.10 324.50 0.3340 0 7
s 1877 03 04 00 00 00    236     1     1    52     1    28   8.30 298.50   5.10 324.50 0.3340 0 7
g 1877 03 04 00 00 00   236a          20   273    11   148  -8.60 309.90  16.50 264.50 0.3830 0 4
s 1877 03 04 00 00 00   236a     1    20   273    11   148  -8.60 309.90  16.50 264.50 0.3830 0 4
d 1877 03 05 02 03 01 GREE            18   336    10   191 2406683.58543 -22.78  -7.25
g 1877 03 05 02 03 01    236           0    71     0    39   9.60 297.40  17.60 313.50 0.4150 0 7
s 1877 03 05 02 03 01    236     1     0    71     0    39   9.60 297.40  17.60 313.50 0.4150 0 7
g 1877 03 05 02 03 01   236a          18   265    10   152  -8.50 309.20  29.40 265.50 0.4920 0 4
s 1877 03 05 02 03 01   236a     1    18   265    10   152  -8.50 309.20  29.40 265.50 0.4920 0 4
d 1877 03 08 14 36 01 GREE             0    60     0    36 2406687.10834 -23.53  -7.23
g 1877 03 08 14 36 01    237           0    60     0    36 -10.80 265.30  32.00 261.50 0.5220 0 7
s 1877 03 08 14 36 01    237     1     0    60     0    36 -10.80 265.30  32.00 261.50 0.5220 0 7
d 1877 03 09 01 39 00 GREE             0    58     0    37 2406687.56875 -23.63  -7.23
g 1877 03 09 01 39 00    237           0    58     0    37 -11.10 265.80  38.50 261.50 0.6230 0 7
s 1877 03 09 01 39 00    237     1     0    58     0    37 -11.10 265.80  38.50 261.50 0.6230 0 7
d 1877 03 10 13 24 01 GREE             0    34     0    40 2406689.05834 -23.92  -7.21
g 1877 03 10 13 24 01    237           0    34     0    40  -9.80 273.60  65.90 262.50 0.9100 0 2
s 1877 03 10 13 24 01    237     1     0    34     0    40  -9.80 273.60  65.90 262.50 0.9100 0 2
d 1877 03 14 12 00 00 GREE             0     0     0     0 2406693.00000 -24.61  -7.14
d 1877 03 16 12 00 00 GREE             0     0     0     0 2406695.00000 -24.92  -7.09
d 1877 03 17 11 32 01 GREE            10    76     5    39 2406695.98057 -25.06  -7.06
g 1877 03 17 11 32 01    238          10    76     5    39 -11.10 128.00  11.60 249.50 0.2160 0 2
s 1877 03 17 11 32 01    238     1    10    76     5    39 -11.10 128.00  11.60 249.50 0.2160 0 2
d 1877 03 18 09 34 01 GREE            83   357    46   197 2406696.89862 -25.19  -7.04
g 1877 03 18 09 34 01    238          83   357    46   197 -11.20 129.20  24.90 258.50 0.4150 0 2
s 1877 03 18 09 34 01    238     1    83   357    46   197 -11.20 129.20  24.90 258.50 0.4150 0 2
d 1877 03 19 13 29 00 GREE            59   397    39   261 2406698.06181 -25.34  -7.00
g 1877 03 19 13 29 00    238          59   397    39   261 -11.10 129.60  40.60 261.10 0.6490 0 2
s 1877 03 19 13 29 00    238     1    59   397    39   261 -11.10 129.60  40.60 261.10 0.6490 0 2
d 1877 03 20 00 00 00 GREE            38   303    32   249 2406698.50000 -25.40  -6.99
g 1877 03 20 00 00 00    238          38   303    32   249 -11.20 129.20  50.80 261.50 0.7930 0 2
s 1877 03 20 00 00 00    238     1    38   303    32   249 -11.20 129.20  50.80 261.50 0.7930 0 2
d 1877 03 21 04 03 00 GREE            25   236    25   238 2406699.66875 -25.54  -6.95
g 1877 03 21 04 03 00    238          25   236    25   238 -11.20 128.80  61.00 261.00 0.8680 0 2
s 1877 03 21 04 03 00    238     1    25   236    25   238 -11.20 128.80  61.00 261.00 0.8680 0 2
d 1877 03 22 11 09 01 GREE            18    61    50   173 2406700.96459 -25.69  -6.90
g 1877 03 22 11 09 01    238          18    61    50   173 -11.60 131.80  81.10 259.50 0.9830 0 2
s 1877 03 22 11 09 01    238     1    18    61    50   173 -11.60 131.80  81.10 259.50 0.9830 0 2
d 1877 03 23 12 04 00 GREE             0     0     0     0 2406702.00278 -25.79  -6.86
d 1877 03 24 11 22 01 GREE             0     0     0     0 2406702.97362 -25.89  -6.82
d 1877 03 27 13 27 01 GREE             0     0     0     0 2406706.06043 -26.14  -6.67
d 1877 03 28 12 00 00 GREE             0     0     0     0 2406707.00000 -26.21  -6.63
d 1877 03 29 12 00 00 GREE             0     0     0     0 2406708.00000 -26.27  -6.58
d 1877 03 30 12 00 00 GREE             0     0     0     0 2406709.00000 -26.32  -6.52
d 1877 03 31 10 14 01 GREE             0     0     0     0 2406709.92640 -26.36  -6.47
d 1877 04 04 13 42 00 GREE             0     0     0     0 2406714.07083 -26.48  -6.22
d 1877 04 05 13 32 00 GREE             0     0     0     0 2406715.06389 -26.49  -6.16
d 1877 04 06 12 00 00 GREE             3    25     8    63 2406716.00000 -26.50  -6.09
g 1877 04 06 12 00 00    239           3    25     8    63 -12.60 132.50 -79.90 101.50 0.9800 0 0
s 1877 04 06 12 00 00    239     1     3    25     8    63 -12.60 132.50 -79.90 101.50 0.9800 0 0
d 1877 04 07 11 02 00 GREE             2    28     3    34 2406716.95972 -26.49  -6.03
g 1877 04 07 11 02 00    239           2    28     3    34 -12.90 132.70 -67.00 101.50 0.9140 0 0
s 1877 04 07 11 02 00    239     1     2    28     3    34 -12.90 132.70 -67.00 101.50 0.9140 0 0
d 1877 04 09 12 00 00 GREE             0     0     0     0 2406719.00000 -26.46  -5.88
d 1877 04 11 12 00 00 GREE             0     0     0     0 2406721.00000 -26.40  -5.73
d 1877 04 12 09 48 01 GREE             0     0     0     0 2406721.90834 -26.37  -5.67
d 1877 04 13 12 00 00 GREE             0     0     0     0 2406723.00000 -26.31  -5.58
d 1877 04 14 12 00 00 GREE             0     0     0     0 2406724.00000 -26.26  -5.50
d 1877 04 16 02 57 00 GREE            87   685    47   368 2406725.62292 -26.15  -5.37
g 1877 04 16 02 57 00    240          87   685    47   368 -15.00 104.30  18.90 241.50 0.3670 0 3
s 1877 04 16 02 57 00    240     1    87   685    47   368 -15.00 104.30  18.90 241.50 0.3670 0 3
d 1877 04 17 11 25 00 GREE           111   634    70   401 2406726.97569 -26.05  -5.25
g 1877 04 17 11 25 00    240         111   634    70   401 -15.00 104.50  37.00 252.20 0.6120 0 3
s 1877 04 17 11 25 00    240     1   111   634    70   401 -15.00 104.50  37.00 252.20 0.6120 0 3
d 1877 04 18 00 00 00 GREE            81   447    64   352 2406727.50000 -26.01  -5.21
g 1877 04 18 00 00 00    240          81   447    64   352 -14.70 104.10  50.10 255.50 0.7720 0 3
s 1877 04 18 00 00 00    240     1    81   447    64   352 -14.70 104.10  50.10 255.50 0.7720 0 3
d 1877 04 19 12 33 00 GREE            53   278    58   302 2406729.02292 -25.87  -5.08
g 1877 04 19 12 33 00    240          53   278    58   302 -14.40 103.60  63.20 256.40 0.8880 0 3
s 1877 04 19 12 33 00    240     1    53   278    58   302 -14.40 103.60  63.20 256.40 0.8880 0 3
d 1877 04 20 11 16 01 GREE            36   187    60   284 2406729.96946 -25.77  -4.99
g 1877 04 20 11 16 01    240          30   129    56   243 -13.90 103.40  75.50 256.50 0.9680 0 2
s 1877 04 20 11 16 01    240     1    30   129    56   243 -13.90 103.40  75.50 256.50 0.9680 0 2
g 1877 04 20 11 16 01    241           6    58     4    41   0.40 343.60 -44.30  84.50 0.7010 0 7
s 1877 04 20 11 16 01    241     1     6    58     4    41   0.40 343.60 -44.30  84.50 0.7010 0 7
d 1877 04 21 00 00 00 GREE            20   125    12    73 2406730.50000 -25.72  -4.94
g 1877 04 21 00 00 00    241          20   125    12    73   0.90 344.70 -30.20  79.50 0.5080 0 7
s 1877 04 21 00 00 00    241     1    20   125    12    73   0.90 344.70 -30.20  79.50 0.5080 0 7
d 1877 04 22 00 00 00 GREE            38   201    20   105 2406731.50000 -25.61  -4.85
g 1877 04 22 00 00 00    241          38   201    20   105   1.40 345.80 -16.10  68.50 0.2840 0 7
s 1877 04 22 00 00 00    241     1    38   201    20   105   1.40 345.80 -16.10  68.50 0.2840 0 7
d 1877 04 23 09 47 01 GREE            82   372    48   210 2406732.90765 -25.44  -4.72
g 1877 04 23 09 47 01    241          53   271    27   137   1.90 347.00  -2.10  16.50 0.1130 0 7
s 1877 04 23 09 47 01    241     1    53   271    27   137   1.90 347.00  -2.10  16.50 0.1130 0 7
g 1877 04 23 09 47 01    242          29   101    21    73  -7.60 303.10 -46.00  95.50 0.7130 0 3
s 1877 04 23 09 47 01    242     1    29   101    21    73  -7.60 303.10 -46.00  95.50 0.7130 0 3
d 1877 04 24 10 09 00 GREE            63   202    34   110 2406733.92292 -25.31  -4.63
g 1877 04 24 10 09 00    241          44   133    23    69   2.30 347.70  12.00 299.50 0.2330 0 7
s 1877 04 24 10 09 00    241     1    44   133    23    69   2.30 347.70  12.00 299.50 0.2330 0 7
g 1877 04 24 10 09 00    242          19    69    11    41  -7.50 303.50 -32.20  96.50 0.5370 0 3
s 1877 04 24 10 09 00    242     1    19    69    11    41  -7.50 303.50 -32.20  96.50 0.5370 0 3
d 1877 04 25 10 00 00 GREE            67   213    36   116 2406734.91667 -25.17  -4.53
g 1877 04 25 10 00 00    241          36   121    20    68   2.40 348.10  25.50 284.50 0.4460 0 7
s 1877 04 25 10 00 00    241     1    36   121    20    68   2.40 348.10  25.50 284.50 0.4460 0 7
g 1877 04 25 10 00 00    242          31    92    16    48  -8.10 305.30 -17.30 102.50 0.2890 0 3
s 1877 04 25 10 00 00    242     1    31    92    16    48  -8.10 305.30 -17.30 102.50 0.2890 0 3
d 1877 04 26 00 00 00 GREE            44   172    25    98 2406735.50000 -25.09  -4.48
g 1877 04 26 00 00 00    241          15    69    10    46   3.00 348.50  40.10 279.50 0.6490 0 7
s 1877 04 26 00 00 00    241     1    15    69    10    46   3.00 348.50  40.10 279.50 0.6490 0 7
g 1877 04 26 00 00 00    242          29   103    15    52  -7.40 308.00  -0.50 176.50 0.0440 0 3
s 1877 04 26 00 00 00    242     1    29   103    15    52  -7.40 308.00  -0.50 176.50 0.0440 0 3
d 1877 04 27 13 26 00 GREE            25   134    13    79 2406737.05972 -24.85  -4.32
g 1877 04 27 13 26 00    241           0    26     0    23   3.60 348.90  54.70 277.50 0.8240 0 7
s 1877 04 27 13 26 00    241     1     0    26     0    23   3.60 348.90  54.70 277.50 0.8240 0 7
g 1877 04 27 13 26 00    242          25   108    13    56  -6.60 310.60  16.40 261.50 0.2700 0 2
s 1877 04 27 13 26 00    242     1    25   108    13    56  -6.60 310.60  16.40 261.50 0.2700 0 2
d 1877 04 28 01 29 00 GREE             0    60     0    33 2406737.56181 -24.78  -4.27
g 1877 04 28 01 29 00    242           0    60     0    33  -6.70 310.80  23.20 262.50 0.3990 0 2
s 1877 04 28 01 29 00    242     1     0    60     0    33  -6.70 310.80  23.20 262.50 0.3990 0 2
d 1877 04 29 00 00 00 GREE             8    46     6    33 2406738.50000 -24.62  -4.18
g 1877 04 29 00 00 00    242           8    46     6    33  -6.80 314.40  43.30 264.50 0.7130 0 2
s 1877 04 29 00 00 00    242     1     8    46     6    33  -6.80 314.40  43.30 264.50 0.7130 0 2
d 1877 04 30 13 17 01 GREE            10    58    11    58 2406740.05348 -24.36  -4.02
g 1877 04 30 13 17 01    242          10    30    11    33  -6.80 318.00  63.30 264.50 0.8950 0 2
s 1877 04 30 13 17 01    242     1    10    30    11    33  -6.80 318.00  63.30 264.50 0.8950 0 2
g 1877 04 30 13 17 01    243           0    28     0    25  28.60 207.80 -46.90  50.50 0.8240 0 7
s 1877 04 30 13 17 01    243     1     0    28     0    25  28.60 207.80 -46.90  50.50 0.8240 0 7
d 1877 05 01 02 34 00 GREE             0    78     0    75 2406740.60694 -24.26  -3.97
g 1877 05 01 02 34 00    242           0    18     0    28  -7.50 318.60  71.30 263.50 0.9430 0 2
s 1877 05 01 02 34 00    242     1     0    18     0    28  -7.50 318.60  71.30 263.50 0.9430 0 2
g 1877 05 01 02 34 00    243           0    60     0    47  28.80 208.00 -39.30  46.50 0.7600 0 7
s 1877 05 01 02 34 00    243     1     0    60     0    47  28.80 208.00 -39.30  46.50 0.7600 0 7
d 1877 05 02 01 48 00 GREE             6   101     4    68 2406741.57500 -24.08  -3.87
g 1877 05 02 01 48 00    243           6   101     4    68  29.20 207.50 -27.00  36.50 0.6630 0 7
s 1877 05 02 01 48 00    243     1     6   101     4    68  29.20 207.50 -27.00  36.50 0.6630 0 7
d 1877 05 03 10 16 00 GREE            21    79    13    48 2406742.92778 -23.82  -3.73
g 1877 05 03 10 16 00    243          21    79    13    48  30.10 208.60  -8.10  12.50 0.5660 0 7
s 1877 05 03 10 16 00    243     1    21    79    13    48  30.10 208.60  -8.10  12.50 0.5660 0 7
d 1877 05 04 12 23 00 GREE            23   148    12    81 2406744.01597 -23.60  -3.61
g 1877 05 04 12 23 00    243           0    53     0    32  29.90 208.10   5.80 350.50 0.5520 0 7
s 1877 05 04 12 23 00    243     1     0    53     0    32  29.90 208.10   5.80 350.50 0.5520 0 7
g 1877 05 04 12 23 00    244          23    95    12    49  -2.60 217.20  14.90 266.50 0.2500 0 7
s 1877 05 04 12 23 00    244     1    23    95    12    49  -2.60 217.20  14.90 266.50 0.2500 0 7
d 1877 05 05 10 43 01 GREE            17    54    10    31 2406744.94654 -23.40  -3.51
g 1877 05 05 10 43 01    244          17    54    10    31  -1.90 219.30  29.30 267.50 0.4920 0 0
s 1877 05 05 10 43 01    244     1    17    54    10    31  -1.90 219.30  29.30 267.50 0.4920 0 0
d 1877 05 06 00 00 00 GREE             9    29     7    21 2406745.50000 -23.28  -3.45
g 1877 05 06 00 00 00    244           9    29     7    21  -1.80 220.00  43.00 269.50 0.7010 0 0
s 1877 05 06 00 00 00    244     1     9    29     7    21  -1.80 220.00  43.00 269.50 0.7010 0 0
d 1877 05 07 09 56 00 GREE            39   163    39   162 2406746.91389 -22.97  -3.30
g 1877 05 07 09 56 00    244           4    12     4    11  -1.70 220.70  56.70 269.50 0.8340 0 0
s 1877 05 07 09 56 00    244     1     4    12     4    11  -1.70 220.70  56.70 269.50 0.8340 0 0
g 1877 05 07 09 56 00    245          35   151    35   151 -14.20 103.80 -60.20 104.50 0.8710 0 0
s 1877 05 07 09 56 00    245     1    35   151    35   151 -14.20 103.80 -60.20 104.50 0.8710 0 0
d 1877 05 08 09 51 01 GREE            42   200    31   159 2406747.91043 -22.74  -3.19
g 1877 05 08 09 51 01    244           0    14     0    20  -1.90 221.10  70.30 269.50 0.9400 0 0
s 1877 05 08 09 51 01    244     1     0    14     0    20  -1.90 221.10  70.30 269.50 0.9400 0 0
g 1877 05 08 09 51 01    245          42   186    31   139 -14.20 103.70 -47.10 106.50 0.7370 0 0
s 1877 05 08 09 51 01    245     1    42   186    31   139 -14.20 103.70 -47.10 106.50 0.7370 0 0
d 1877 05 09 10 55 00 GREE            41   140    28    96 2406748.95486 -22.49  -3.08
g 1877 05 09 10 55 00    245          28   100    17    61 -14.10 103.60 -33.40 110.50 0.5660 0 0
s 1877 05 09 10 55 00    245     1    28   100    17    61 -14.10 103.60 -33.40 110.50 0.5660 0 0
g 1877 05 09 10 55 00    246          13    40    11    35   8.20  82.90 -54.10  77.50 0.8240 0 0
s 1877 05 09 10 55 00    246     1    13    40    11    35   8.20  82.90 -54.10  77.50 0.8240 0 0
d 1877 05 10 11 15 00 GREE            79   283    49   175 2406749.96875 -22.25  -2.96
g 1877 05 10 11 15 00    245          35   125    19    68 -14.00 103.50 -20.10 120.50 0.3830 0 2
s 1877 05 10 11 15 00    245     1    35   125    19    68 -14.00 103.50 -20.10 120.50 0.3830 0 2
g 1877 05 10 11 15 00    246          44   158    30   107   8.40  82.60 -41.00  74.50 0.6760 0 0
s 1877 05 10 11 15 00    246     1    44   158    30   107   8.40  82.60 -41.00  74.50 0.6760 0 0
d 1877 05 11 14 11 00 GREE            74   367    40   200 2406751.09097 -21.97  -2.84
g 1877 05 11 14 11 00    245          27   118    14    61 -14.00 103.60  -5.10 156.50 0.2160 0 0
s 1877 05 11 14 11 00    245     1    27   118    14    61 -14.00 103.60  -5.10 156.50 0.2160 0 0
g 1877 05 11 14 11 00    246          47   249    26   139   8.30  85.30 -23.40  64.50 0.4310 0 0
s 1877 05 11 14 11 00    246     1    47   249    26   139   8.30  85.30 -23.40  64.50 0.4310 0 0
d 1877 05 12 00 00 00 GREE            48   252    25   131 2406751.50000 -21.86  -2.79
g 1877 05 12 00 00 00    246          48   252    25   131   8.50  85.50 -10.40  44.50 0.2670 0 0
s 1877 05 12 00 00 00    246     1    48   252    25   131   8.50  85.50 -10.40  44.50 0.2670 0 0
d 1877 05 13 00 00 00 GREE            47   239    24   122 2406752.50000 -21.60  -2.68
g 1877 05 13 00 00 00    246          47   239    24   122   8.60  85.70   2.60 348.50 0.1990 0 0
s 1877 05 13 00 00 00    246     1    47   239    24   122   8.60  85.70   2.60 348.50 0.1990 0 0
d 1877 05 14 00 00 00 GREE            43   214    23   114 2406753.50000 -21.33  -2.57
g 1877 05 14 00 00 00    246          43   214    23   114   8.70  85.90  15.70 305.50 0.3340 0 0
s 1877 05 14 00 00 00    246     1    43   214    23   114   8.70  85.90  15.70 305.50 0.3340 0 0
d 1877 05 15 13 10 01 GREE            39   179    23   105 2406755.04862 -20.90  -2.39
g 1877 05 15 13 10 01    246          39   179    23   105   8.80  86.00  29.60 291.50 0.5220 0 0
s 1877 05 15 13 10 01    246     1    39   179    23   105   8.80  86.00  29.60 291.50 0.5220 0 0
d 1877 05 16 02 13 01 GREE            17   142    11    90 2406755.59237 -20.75  -2.33
g 1877 05 16 02 13 01    246          17   142    11    90   8.60  85.80  36.60 287.50 0.6190 0 0
s 1877 05 16 02 13 01    246     1    17   142    11    90   8.60  85.80  36.60 287.50 0.6190 0 0
d 1877 05 17 01 13 00 GREE            11   129     9   118 2406756.55069 -20.47  -2.22
g 1877 05 17 01 13 00    246          11   117     9    93  10.20  86.40  49.90 284.50 0.7800 0 2
s 1877 05 17 01 13 00    246     1    11   117     9    93  10.20  86.40  49.90 284.50 0.7800 0 2
g 1877 05 17 01 13 00    247           0    12     0    25   9.80 320.40 -76.10  79.50 0.9720 0 0
s 1877 05 17 01 13 00    247     1     0    12     0    25   9.80 320.40 -76.10  79.50 0.9720 0 0
d 1877 05 18 10 01 01 GREE            29   112    26   106 2406757.91737 -20.07  -2.06
g 1877 05 18 10 01 01    246           0    10     0    14   8.60  86.40  68.00 280.50 0.9300 0 0
s 1877 05 18 10 01 01    246     1     0    10     0    14   8.60  86.40  68.00 280.50 0.9300 0 0
g 1877 05 18 10 01 01    247          29   102    26    92  10.00 323.20 -55.20  76.50 0.8340 0 0
s 1877 05 18 10 01 01    247     1    29   102    26    92  10.00 323.20 -55.20  76.50 0.8340 0 0
d 1877 05 19 00 00 00 GREE            36   135    25    92 2406758.50000 -19.89  -1.99
g 1877 05 19 00 00 00    247          36   135    25    92   9.80 323.50 -41.60  73.50 0.6760 0 0
s 1877 05 19 00 00 00    247     1    36   135    25    92   9.80 323.50 -41.60  73.50 0.6760 0 0
d 1877 05 20 00 00 00 GREE            41   158    24    91 2406759.50000 -19.59  -1.87
g 1877 05 20 00 00 00    247          41   158    24    91   9.60 323.70 -28.00  66.50 0.4920 0 0
s 1877 05 20 00 00 00    247     1    41   158    24    91   9.60 323.70 -28.00  66.50 0.4920 0 0
d 1877 05 21 00 00 00 GREE            43   171    23    90 2406760.50000 -19.28  -1.76
g 1877 05 21 00 00 00    247          43   171    23    90   9.40 324.00 -14.50  50.50 0.3010 0 0
s 1877 05 21 00 00 00    247     1    43   171    23    90   9.40 324.00 -14.50  50.50 0.3010 0 0
d 1877 05 22 00 00 00 GREE            41   176    21    90 2406761.50000 -18.96  -1.64
g 1877 05 22 00 00 00    247          41   176    21    90   9.10 324.20  -0.90   0.50 0.1820 0 0
s 1877 05 22 00 00 00    247     1    41   176    21    90   9.10 324.20  -0.90   0.50 0.1820 0 0
d 1877 05 23 00 00 00 GREE            38   170    20    89 2406762.50000 -18.63  -1.52
g 1877 05 23 00 00 00    247          38   170    20    89   8.90 324.40  12.70 308.50 0.2840 0 0
s 1877 05 23 00 00 00    247     1    38   170    20    89   8.90 324.40  12.70 308.50 0.2840 0 0
d 1877 05 24 11 16 01 GREE            33   157    19    89 2406763.96946 -18.14  -1.34
g 1877 05 24 11 16 01    247          33   157    19    89   8.70 324.70  26.30 291.50 0.4740 0 2
s 1877 05 24 11 16 01    247     1    33   157    19    89   8.70 324.70  26.30 291.50 0.4740 0 2
d 1877 05 25 11 02 00 GREE            45   143    29    93 2406764.95972 -17.81  -1.23
g 1877 05 25 11 02 00    247          45   143    29    93   9.10 323.70  38.40 285.50 0.6360 0 2
s 1877 05 25 11 02 00    247     1    45   143    29    93   9.10 323.70  38.40 285.50 0.6360 0 2
d 1877 05 26 10 35 00 GREE            31   157    22   114 2406765.94097 -17.47  -1.11
g 1877 05 26 10 35 00    247           8    74     7    61   8.70 324.20  51.90 281.50 0.7930 0 3
s 1877 05 26 10 35 00    247     1     8    74     7    61   8.70 324.20  51.90 281.50 0.7930 0 3
g 1877 05 26 10 35 00    248          23    83    15    53  -9.30 310.10  37.80 256.50 0.6230 0 2
s 1877 05 26 10 35 00    248     1    23    83    15    53  -9.30 310.10  37.80 256.50 0.6230 0 2
d 1877 05 28 10 04 01 GREE             0     0     0     0 2406767.91946 -16.77  -0.87
d 1877 05 29 09 50 00 GREE             0     0     0     0 2406768.90972 -16.41  -0.75
d 1877 05 30 12 00 00 GREE             0     0     0     0 2406770.00000 -16.01  -0.62
d 1877 05 31 12 00 00 GREE             0     0     0     0 2406771.00000 -15.64  -0.50
d 1877 06 03 11 58 01 GREE            11    36    11    37 2406773.99862 -14.50  -0.14
g 1877 06 03 11 58 01    249          11    36    11    37 -10.50 108.20 -57.50 102.50 0.8430 0 2
s 1877 06 03 11 58 01    249     1    11    36    11    37 -10.50 108.20 -57.50 102.50 0.8430 0 2
d 1877 06 04 10 22 00 GREE            51   328    37   238 2406774.93194 -14.13  -0.03
g 1877 06 04 10 22 00    249          51   328    37   238 -10.30 107.80 -45.50 104.30 0.7250 0 2
s 1877 06 04 10 22 00    249     1    51   328    37   238 -10.30 107.80 -45.50 104.30 0.7250 0 2
d 1877 06 05 10 35 00 GREE            70   334    42   200 2406775.94097 -13.74   0.10
g 1877 06 05 10 35 00    249          70   334    42   200 -10.20 108.00 -32.00 108.50 0.5520 0 2
s 1877 06 05 10 35 00    249     1    70   334    42   200 -10.20 108.00 -32.00 108.50 0.5520 0 2
d 1877 06 06 11 08 00 GREE            62   267    33   143 2406776.96389 -13.33   0.22
g 1877 06 06 11 08 00    249          62   267    33   143 -10.30 109.00 -17.40 121.50 0.3500 0 2
s 1877 06 06 11 08 00    249     1    62   267    33   143 -10.30 109.00 -17.40 121.50 0.3500 0 2
d 1877 06 07 09 54 01 GREE            70   281    36   144 2406777.91251 -12.95   0.33
g 1877 06 07 09 54 01    249          70   281    36   144 -10.30 108.60  -5.30 154.50 0.1990 0 2
s 1877 06 07 09 54 01    249     1    70   281    36   144 -10.30 108.60  -5.30 154.50 0.1990 0 2
d 1877 06 08 12 08 01 GREE            71   307    37   159 2406779.00557 -12.50   0.47
g 1877 06 08 12 08 01    249          71   307    37   159 -10.40 108.50   9.10 219.50 0.2500 0 2
s 1877 06 08 12 08 01    249     1    71   307    37   159 -10.40 108.50   9.10 219.50 0.2500 0 2
d 1877 06 09 10 03 00 GREE            90   404    49   221 2406779.91875 -12.12   0.57
g 1877 06 09 10 03 00    249          90   404    49   221 -10.30 108.40  21.10 242.10 0.4060 0 2
s 1877 06 09 10 03 00    249     1    90   404    49   221 -10.30 108.40  21.10 242.10 0.4060 0 2
d 1877 06 10 00 00 00 GREE            65   322    41   203 2406780.50000 -11.88   0.64
g 1877 06 10 00 00 00    249          65   322    41   203 -10.50 108.40  34.60 251.50 0.6090 0 2
s 1877 06 10 00 00 00    249     1    65   322    41   203 -10.50 108.40  34.60 251.50 0.6090 0 2
d 1877 06 11 11 15 00 GREE            43   239    33   184 2406781.96875 -11.27   0.82
g 1877 06 11 11 15 00    249          43   239    33   184 -10.70 108.30  48.10 255.50 0.7600 0 2
s 1877 06 11 11 15 00    249     1    43   239    33   184 -10.70 108.30  48.10 255.50 0.7600 0 2
d 1877 06 14 09 59 00 GREE             0     0     0     0 2406784.91597 -10.02   1.17
d 1877 06 15 09 31 01 GREE             0     0     0     0 2406785.89654  -9.59   1.29
d 1877 06 16 09 53 00 GREE             0     0     0     0 2406786.91181  -9.15   1.41
d 1877 06 17 12 00 00 GREE             0     0     0     0 2406788.00000  -8.68   1.54
d 1877 06 18 12 00 00 GREE             0     0     0     0 2406789.00000  -8.24   1.66
d 1877 06 19 12 00 00 GREE             0     0     0     0 2406790.00000  -7.80   1.77
d 1877 06 20 12 00 00 GREE             0     0     0     0 2406791.00000  -7.35   1.89
d 1877 06 21 12 00 00 GREE             0     0     0     0 2406792.00000  -6.91   2.00
d 1877 06 22 12 00 00 GREE             0     0     0     0 2406793.00000  -6.46   2.12
d 1877 06 25 10 16 00 GREE            46   134    24    70 2406795.92778  -5.14   2.45
g 1877 06 25 10 16 00    250          46   134    24    70 -12.80 227.40  -8.00 152.50 0.2920 0 2
s 1877 06 25 10 16 00    250     1    46   134    24    70 -12.80 227.40  -8.00 152.50 0.2920 0 2
d 1877 06 27 12 56 00 GREE             0     0     0     0 2406798.03889  -4.18   2.69
d 1877 06 28 11 45 01 GREE            16    49    10    30 2406798.98959  -3.74   2.80
g 1877 06 28 11 45 01    251          16    49    10    30 -12.00 227.80  32.90 245.50 0.5820 0 2
s 1877 06 28 11 45 01    251     1    16    49    10    30 -12.00 227.80  32.90 245.50 0.5820 0 2
d 1877 06 29 11 00 01 GREE            43   129    32    97 2406799.95834  -3.30   2.91
g 1877 06 29 11 00 01    251          43   129    32    97 -12.70 228.10  46.50 250.50 0.7490 0 2
s 1877 06 29 11 00 01    251     1    43   129    32    97 -12.70 228.10  46.50 250.50 0.7490 0 2
d 1877 07 03 10 36 00 GREE            16    48    10    31 2406803.94167  -1.48   3.34
g 1877 07 03 10 36 00    252          16    48    10    31  10.60  91.10 -38.20  77.50 0.6230 0 0
s 1877 07 03 10 36 00    252     1    16    48    10    31  10.60  91.10 -38.20  77.50 0.6230 0 0
d 1877 07 04 10 33 01 GREE             5    57     3    31 2406804.93959  -1.02   3.44
g 1877 07 04 10 33 01    252           5    57     3    31   9.80  93.30 -22.70  73.50 0.3960 0 2
s 1877 07 04 10 33 01    252     1     5    57     3    31   9.80  93.30 -22.70  73.50 0.3960 0 2
d 1877 07 05 09 46 00 GREE             2    49     1    25 2406805.90694  -0.58   3.55
g 1877 07 05 09 46 00    252           2    49     1    25   9.60  94.20  -9.10  55.50 0.1820 0 2
s 1877 07 05 09 46 00    252     1     2    49     1    25   9.60  94.20  -9.10  55.50 0.1820 0 2
d 1877 07 06 12 00 00 GREE             0     0     0     0 2406807.00000  -0.08   3.66
d 1877 07 07 12 00 00 GREE             0     0     0     0 2406808.00000   0.37   3.76
d 1877 07 09 12 00 00 GREE             0     0     0     0 2406810.00000   1.28   3.97
d 1877 07 10 10 27 01 GREE             0     0     0     0 2406810.93543   1.71   4.06
d 1877 07 11 02 29 01 GREE             0     0     0     0 2406811.60348   2.01   4.13
d 1877 07 12 11 52 01 GREE             0     0     0     0 2406812.99446   2.64   4.27
d 1877 07 13 12 00 00 GREE             0     0     0     0 2406814.00000   3.09   4.36
d 1877 07 14 01 30 01 GREE            10    49     5    26 2406814.56251   3.34   4.42
g 1877 07 14 01 30 01   252a          10    49     5    26 -11.20 358.40   9.70 211.50 0.3170 0 7
s 1877 07 14 01 30 01   252a     1    10    49     5    26 -11.20 358.40   9.70 211.50 0.3170 0 7
d 1877 07 17 12 00 00 GREE             0     0     0     0 2406818.00000   4.87   4.74
d 1877 07 18 11 13 01 GREE            10    26     6    16 2406818.96737   5.30   4.83
g 1877 07 18 11 13 01    253          10    26     6    16 -13.40 319.60  29.10 237.50 0.5660 0 0
s 1877 07 18 11 13 01    253     1    10    26     6    16 -13.40 319.60  29.10 237.50 0.5660 0 0
d 1877 07 20 12 27 00 GREE             0     0     0     0 2406821.01875   6.20   5.01
d 1877 07 21 12 20 00 GREE             0     0     0     0 2406822.01389   6.63   5.09
d 1877 07 23 12 00 00 GREE             0     0     0     0 2406824.00000   7.49   5.26
d 1877 07 24 12 00 00 GREE             0     0     0     0 2406825.00000   7.91   5.34
d 1877 07 25 12 00 00 GREE             0     0     0     0 2406826.00000   8.34   5.43
d 1877 07 26 12 00 00 GREE             0     0     0     0 2406827.00000   8.76   5.51
d 1877 07 29 12 00 00 GREE             0     0     0     0 2406830.00000  10.00   5.73
d 1877 07 30 09 59 00 GREE             0     0     0     0 2406830.91597  10.37   5.80
d 1877 07 31 09 47 01 GREE             0     0     0     0 2406831.90765  10.77   5.87
d 1877 08 02 12 33 00 GREE            30    74    19    47 2406834.02292  11.61   6.02
g 1877 08 02 12 33 00    254          30    74    19    47  12.40 129.20  37.90 282.50 0.6090 0 2
s 1877 08 02 12 33 00    254     1    30    74    19    47  12.40 129.20  37.90 282.50 0.6090 0 2
d 1877 08 03 12 04 00 GREE             0    24     0    20 2406835.00278  12.00   6.08
g 1877 08 03 12 04 00    254           0    24     0    20  12.10 130.90  52.50 280.50 0.7930 0 0
s 1877 08 03 12 04 00    254     1     0    24     0    20  12.10 130.90  52.50 280.50 0.7930 0 0
d 1877 08 04 12 00 00 GREE             0     0     0     0 2406836.00000  12.39   6.15
d 1877 08 07 12 00 00 GREE             0     0     0     0 2406839.00000  13.53   6.33
d 1877 08 09 12 00 00 GREE             0     0     0     0 2406841.00000  14.27   6.45
d 1877 08 12 12 00 00 GREE             0     0     0     0 2406844.00000  15.35   6.61
d 1877 08 14 12 33 00 GREE             0     0     0     0 2406846.02292  16.06   6.71
d 1877 08 16 12 00 00 GREE             0     0     0     0 2406848.00000  16.73   6.79
d 1877 08 17 12 00 00 GREE             0     0     0     0 2406849.00000  17.06   6.84
d 1877 08 18 12 00 00 GREE             0     0     0     0 2406850.00000  17.39   6.87
d 1877 08 20 12 00 00 GREE             0     0     0     0 2406852.00000  18.03   6.95
d 1877 08 21 12 00 00 GREE             0     0     0     0 2406853.00000  18.34   6.98
d 1877 08 22 12 08 01 GREE             8    32    27   116 2406854.00557  18.65   7.01
g 1877 08 22 12 08 01    255           8    32    27   116   7.90 104.50 -82.70  82.50 0.9950 0 0
s 1877 08 22 12 08 01    255     1     8    32    27   116   7.90 104.50 -82.70  82.50 0.9950 0 0
d 1877 08 23 12 48 01 GREE            22   104    32   149 2406855.03334  18.96   7.05
g 1877 08 23 12 48 01    255          22   104    32   149   8.60 103.30 -70.30  83.50 0.9370 0 0
s 1877 08 23 12 48 01    255     1    22   104    32   149   8.60 103.30 -70.30  83.50 0.9370 0 0
d 1877 08 24 10 33 01 GREE            32   246    30   230 2406855.93959  19.23   7.07
g 1877 08 24 10 33 01    255          32   246    30   230   8.80 103.20 -58.40  84.00 0.8450 0 0
s 1877 08 24 10 33 01    255     1    32   246    30   230   8.80 103.20 -58.40  84.00 0.8450 0 0
d 1877 08 25 00 00 00 GREE            37   265    26   183 2406856.50000  19.40   7.09
g 1877 08 25 00 00 00    255          37   265    26   183   8.80 103.40 -44.90  84.50 0.6880 0 0
s 1877 08 25 00 00 00    255     1    37   265    26   183   8.80 103.40 -44.90  84.50 0.6880 0 0
d 1877 08 26 00 00 00 GREE            37   232    22   135 2406857.50000  19.69   7.11
g 1877 08 26 00 00 00    255          37   232    22   135   8.70 103.50 -31.40  84.50 0.5080 0 0
s 1877 08 26 00 00 00    255     1    37   232    22   135   8.70 103.50 -31.40  84.50 0.5080 0 0
d 1877 08 27 00 00 00 GREE            34   167    18    88 2406858.50000  19.97   7.13
g 1877 08 27 00 00 00    255          34   167    18    88   8.70 103.70 -18.00  83.50 0.3010 0 0
s 1877 08 27 00 00 00    255     1    34   167    18    88   8.70 103.70 -18.00  83.50 0.3010 0 0
d 1877 08 28 11 28 00 GREE            30    82    15    41 2406859.97778  20.38   7.16
g 1877 08 28 11 28 00    255          30    82    15    41   8.70 103.80  -4.50  70.80 0.0830 0 0
s 1877 08 28 11 28 00    255     1    30    82    15    41   8.70 103.80  -4.50  70.80 0.0830 0 0
d 1877 08 29 13 40 01 GREE            22    59    11    30 2406861.06946  20.68   7.18
g 1877 08 29 13 40 01    255          22    59    11    30   8.40 104.30  10.40 277.50 0.1820 0 2
s 1877 08 29 13 40 01    255     1    22    59    11    30   8.40 104.30  10.40 277.50 0.1820 0 2
d 1877 08 30 00 00 00 GREE            14    46     8    25 2406861.50000  20.79   7.19
g 1877 08 30 00 00 00    255          14    46     8    25   8.20 104.50  22.80 274.50 0.3830 0 0
s 1877 08 30 00 00 00    255     1    14    46     8    25   8.20 104.50  22.80 274.50 0.3830 0 0
d 1877 08 31 09 44 01 GREE             7    31     4    19 2406862.90557  21.16   7.21
g 1877 08 31 09 44 01    255           7    31     4    19   7.90 104.70  35.10 273.50 0.5660 0 0
s 1877 08 31 09 44 01    255     1     7    31     4    19   7.90 104.70  35.10 273.50 0.5660 0 0
d 1877 09 01 12 08 01 GREE             0     0     0     0 2406864.00557  21.44   7.22
d 1877 09 04 12 04 00 GREE            19    87    25   117 2406867.00278  22.17   7.25
g 1877 09 04 12 04 00    256          19    87    25   117   9.50 306.30 -69.20  82.50 0.9300 0 2
s 1877 09 04 12 04 00    256     1    19    87    25   117   9.50 306.30 -69.20  82.50 0.9300 0 2
d 1877 09 05 11 22 01 GREE            52   246    46   216 2406867.97362  22.39   7.25
g 1877 09 05 11 22 01    256          52   246    46   216   9.40 306.50 -56.20  83.60 0.8220 0 2
s 1877 09 05 11 22 01    256     1    52   246    46   216   9.40 306.50 -56.20  83.60 0.8220 0 2
d 1877 09 06 10 27 01 GREE            75   315    51   213 2406868.93543  22.61   7.25
g 1877 09 06 10 27 01    256          75   315    51   213   9.20 307.20 -42.80  84.30 0.6730 0 2
s 1877 09 06 10 27 01    256     1    75   315    51   213   9.20 307.20 -42.80  84.30 0.6730 0 2
d 1877 09 07 09 24 00 GREE            77   428    45   249 2406869.89167  22.82   7.25
g 1877 09 07 09 24 00    256          77   428    45   249   9.10 306.40 -30.90  84.40 0.5110 0 2
s 1877 09 07 09 24 00    256     1    77   428    45   249   9.10 306.40 -30.90  84.40 0.5110 0 2
d 1877 09 08 00 00 00 GREE            77   393    40   204 2406870.50000  22.95   7.25
g 1877 09 08 00 00 00    256          77   393    40   204   8.80 307.30 -16.00  83.50 0.2670 0 2
s 1877 09 08 00 00 00    256     1    77   393    40   204   8.80 307.30 -16.00  83.50 0.2670 0 2
d 1877 09 09 12 28 01 GREE            72   316    36   158 2406872.01946  23.27   7.24
g 1877 09 09 12 28 01    256          72   316    36   158   8.60 308.20  -1.00  35.50 0.0030 0 2
s 1877 09 09 12 28 01    256     1    72   316    36   158   8.60 308.20  -1.00  35.50 0.0030 0 2
d 1877 09 10 00 00 00 GREE            64   273    33   140 2406872.50000  23.37   7.24
g 1877 09 10 00 00 00    256          64   273    33   140   8.60 308.40  13.20 277.50 0.2160 0 2
s 1877 09 10 00 00 00    256     1    64   273    33   140   8.60 308.40  13.20 277.50 0.2160 0 2
d 1877 09 11 00 00 00 GREE            52   222    29   123 2406873.50000  23.57   7.23
g 1877 09 11 00 00 00    256          52   222    29   123   8.60 308.60  25.40 274.50 0.4310 0 2
s 1877 09 11 00 00 00    256     1    52   222    29   123   8.60 308.60  25.40 274.50 0.4310 0 2
d 1877 09 12 09 43 00 GREE            65   262    45   181 2406874.90486  23.84   7.21
g 1877 09 12 09 43 00    256          42   170    26   106   8.60 308.70  37.50 274.50 0.6000 0 2
s 1877 09 12 09 43 00    256     1    42   170    26   106   8.60 308.70  37.50 274.50 0.6000 0 2
g 1877 09 12 09 43 00    257          23    92    19    75 -11.40 222.50 -48.70 110.50 0.7830 0 0
s 1877 09 12 09 43 00    257     1    23    92    19    75 -11.40 222.50 -48.70 110.50 0.7830 0 0
d 1877 09 13 00 00 00 GREE            25   101    16    65 2406875.50000  23.95   7.21
g 1877 09 13 00 00 00    257          25   101    16    65 -11.40 222.40 -35.30 118.50 0.6230 0 0
s 1877 09 13 00 00 00    257     1    25   101    16    65 -11.40 222.40 -35.30 118.50 0.6230 0 0
d 1877 09 14 00 00 00 GREE            23    97    13    55 2406876.50000  24.13   7.19
g 1877 09 14 00 00 00    257          23    97    13    55 -11.30 222.30 -22.00 131.50 0.4620 0 0
s 1877 09 14 00 00 00    257     1    23    97    13    55 -11.30 222.30 -22.00 131.50 0.4620 0 0
d 1877 09 15 00 00 00 GREE            18    84    10    45 2406877.50000  24.30   7.18
g 1877 09 15 00 00 00    257          18    84    10    45 -11.30 222.20  -8.60 156.50 0.3500 0 0
s 1877 09 15 00 00 00    257     1    18    84    10    45 -11.30 222.20  -8.60 156.50 0.3500 0 0
d 1877 09 16 00 00 00 GREE            13    65     7    35 2406878.50000  24.47   7.16
g 1877 09 16 00 00 00    257          13    65     7    35 -11.20 222.00   4.70 195.50 0.3340 0 0
s 1877 09 16 00 00 00    257     1    13    65     7    35 -11.20 222.00   4.70 195.50 0.3340 0 0
d 1877 09 17 00 00 00 GREE             7    45     4    25 2406879.50000  24.63   7.14
g 1877 09 17 00 00 00    257           7    45     4    25 -11.20 221.90  18.10 224.50 0.4310 0 0
s 1877 09 17 00 00 00    257     1     7    45     4    25 -11.20 221.90  18.10 224.50 0.4310 0 0
d 1877 09 18 12 34 01 GREE             2    45     1    27 2406881.02362  24.87   7.10
g 1877 09 18 12 34 01    257           2    24     1    15 -11.10 221.80  31.40 240.50 0.5950 0 0
s 1877 09 18 12 34 01    257     1     2    24     1    15 -11.10 221.80  31.40 240.50 0.5950 0 0
g 1877 09 18 12 34 01    258           0    21     0    12  -4.40 167.20 -22.90 115.50 0.4310 0 2
s 1877 09 18 12 34 01    258     1     0    21     0    12  -4.40 167.20 -22.90 115.50 0.4310 0 2
d 1877 09 19 00 00 00 GREE             0    23     0    12 2406881.50000  24.94   7.09
g 1877 09 19 00 00 00    258           0    23     0    12  -4.40 167.40 -12.60 138.50 0.2670 0 2
s 1877 09 19 00 00 00    258     1     0    23     0    12  -4.40 167.40 -12.60 138.50 0.2670 0 2
d 1877 09 20 02 05 00 GREE             0    24     0    12 2406882.58681  25.09   7.06
g 1877 09 20 02 05 00    258           0    24     0    12  -4.30 167.50  -2.20 168.90 0.2010 0 2
s 1877 09 20 02 05 00    258     1     0    24     0    12  -4.30 167.50  -2.20 168.90 0.2010 0 2
d 1877 09 21 11 06 01 GREE             2    22     1    12 2406883.96251  25.27   7.02
g 1877 09 21 11 06 01    258           2    22     1    12  -5.30 167.80  16.30 233.50 0.3500 0 2
s 1877 09 21 11 06 01    258     1     2    22     1    12  -5.30 167.80  16.30 233.50 0.3500 0 2
d 1877 09 22 12 00 00 GREE             0     0     0     0 2406885.00000  25.40   6.98
d 1877 09 24 09 43 00 GREE             0     0     0     0 2406886.90486  25.63   6.92
d 1877 09 25 02 39 01 GREE             0    43     0   138 2406887.61043  25.70   6.89
g 1877 09 25 02 39 01   258a           0     8     0     5  -2.70 135.90  32.30 254.50 0.5520 0 0
s 1877 09 25 02 39 01   258a     1     0     8     0     5  -2.70 135.90  32.30 254.50 0.5520 0 0
g 1877 09 25 02 39 01    259           0    35     0   133  -7.10  22.10 -81.50  98.50 0.9890 0 0
s 1877 09 25 02 39 01    259     1     0    35     0   133  -7.10  22.10 -81.50  98.50 0.9890 0 0
d 1877 09 26 14 06 01 GREE            18    75    20    85 2406889.08751  25.85   6.83
g 1877 09 26 14 06 01    259          18    75    20    85  -7.60  21.50 -62.50 101.50 0.9000 0 0
s 1877 09 26 14 06 01    259     1    18    75    20    85  -7.60  21.50 -62.50 101.50 0.9000 0 0
d 1877 09 27 12 08 01 GREE            10    41     8    33 2406890.00557  25.93   6.79
g 1877 09 27 12 08 01    259          10    41     8    33  -7.20  22.10 -49.80 104.50 0.7830 0 0
s 1877 09 27 12 08 01    259     1    10    41     8    33  -7.20  22.10 -49.80 104.50 0.7830 0 0
d 1877 09 28 09 51 01 GREE             9    53     6    35 2406890.91043  26.01   6.75
g 1877 09 28 09 51 01    259           9    53     6    35  -7.00  21.80 -38.10 109.50 0.6490 0 0
s 1877 09 28 09 51 01    259     1     9    53     6    35  -7.00  21.80 -38.10 109.50 0.6490 0 0
d 1877 09 29 12 30 00 GREE             5    16     3     9 2406892.02083  26.10   6.70
g 1877 09 29 12 30 00    259           5    16     3     9  -6.70  21.70 -23.50 119.50 0.4460 0 0
s 1877 09 29 12 30 00    259     1     5    16     3     9  -6.70  21.70 -23.50 119.50 0.4460 0 0
d 1877 10 01 09 57 01 GREE             5    14     3     8 2406893.91459  26.23   6.61
g 1877 10 01 09 57 01    260           5    14     3     8 -19.40  28.00   7.80 196.50 0.4620 0 0
s 1877 10 01 09 57 01    260     1     5    14     3     8 -19.40  28.00   7.80 196.50 0.4620 0 0
d 1877 10 02 12 00 00 GREE             0     0     0     0 2406895.00000  26.29   6.55
d 1877 10 03 12 00 00 GREE             0     0     0     0 2406896.00000  26.34   6.50
d 1877 10 05 10 06 00 GREE             0     0     0     0 2406897.92083  26.42   6.38
d 1877 10 06 10 33 01 GREE             0     0     0     0 2406898.93959  26.45   6.32
d 1877 10 08 12 00 00 GREE             0     0     0     0 2406901.00000  26.49   6.19
d 1877 10 09 12 00 00 GREE             0     0     0     0 2406902.00000  26.49   6.13
d 1877 10 11 12 00 00 GREE             0     0     0     0 2406904.00000  26.49   5.99
d 1877 10 12 12 00 00 GREE             0     0     0     0 2406905.00000  26.47   5.92
d 1877 10 15 12 00 00 GREE             0     0     0     0 2406908.00000  26.38   5.69
d 1877 10 16 12 00 00 GREE             0     0     0     0 2406909.00000  26.33   5.61
d 1877 10 17 10 10 01 GREE             0     0     0     0 2406909.92362  26.28   5.54
d 1877 10 18 12 00 00 GREE             0     0     0     0 2406911.00000  26.22   5.45
d 1877 10 20 12 00 00 GREE             0     0     0     0 2406913.00000  26.07   5.28
d 1877 10 23 12 00 00 GREE             0     0     0     0 2406916.00000  25.80   5.02
d 1877 10 24 10 43 01 GREE             0     0     0     0 2406916.94654  25.70   4.93
d 1877 10 26 01 43 01 GREE            15   215    39   595 2406918.57154  25.51   4.78
g 1877 10 26 01 43 01    261          15   215    39   595  -8.10 336.20 -78.80  99.20 0.9840 0 1
s 1877 10 26 01 43 01    261     1    15   215    39   595  -8.10 336.20 -78.80  99.20 0.9840 0 1
d 1877 10 27 00 00 00 GREE            61   569    64   597 2406919.50000  25.39   4.69
g 1877 10 27 00 00 00    261          61   569    64   597  -8.10 335.80 -64.50 101.50 0.8790 0 1
s 1877 10 27 00 00 00    261     1    61   569    64   597  -8.10 335.80 -64.50 101.50 0.8790 0 1
d 1877 10 28 00 00 00 GREE           117   795    89   600 2406920.50000  25.25   4.59
g 1877 10 28 00 00 00    261         117   795    89   600  -8.10 335.50 -50.20 104.50 0.7490 0 1
s 1877 10 28 00 00 00    261     1   117   795    89   600  -8.10 335.50 -50.20 104.50 0.7490 0 1
d 1877 10 29 00 00 00 GREE           183   969   114   603 2406921.50000  25.11   4.49
g 1877 10 29 00 00 00    261         183   969   114   603  -8.00 335.20 -35.90 109.50 0.5950 0 1
s 1877 10 29 00 00 00    261     1   183   969   114   603  -8.00 335.20 -35.90 109.50 0.5950 0 1
d 1877 10 30 12 18 01 GREE           280  1265   159   725 2406923.01251  24.88   4.34
g 1877 10 30 12 18 01    261         252  1095   139   605  -8.00 334.80 -21.60 119.30 0.4250 0 1
s 1877 10 30 12 18 01    261     1   252  1095   139   605  -8.00 334.80 -21.60 119.30 0.4250 0 1
g 1877 10 30 12 18 01    262          28   170    20   120  -2.50 312.40 -44.00  98.50 0.7010 0 7
s 1877 10 30 12 18 01    262     1    28   170    20   120  -2.50 312.40 -44.00  98.50 0.7010 0 7
d 1877 10 31 10 45 00 GREE           281  1482   149   786 2406923.94792  24.73   4.25
g 1877 10 31 10 45 00    261         238  1271   124   662  -8.00 334.60  -9.50 142.50 0.2670 0 1
s 1877 10 31 10 45 00    261     1   238  1271   124   662  -8.00 334.60  -9.50 142.50 0.2670 0 1
g 1877 10 31 10 45 00    262          43   211    25   124  -2.20 313.00 -31.10 101.50 0.5220 0 7
s 1877 10 31 10 45 00    262     1    43   211    25   124  -2.20 313.00 -31.10 101.50 0.5220 0 7
d 1877 11 01 10 40 01 GREE           272  1772   141   917 2406924.94446  24.56   4.14
g 1877 11 01 10 40 01    261         225  1509   116   778  -8.10 334.50   3.50 196.50 0.2160 0 1
s 1877 11 01 10 40 01    261     1   225  1509   116   778  -8.10 334.50   3.50 196.50 0.2160 0 1
g 1877 11 01 10 40 01    262          47   263    25   139  -2.10 313.30 -17.70 109.50 0.3170 0 7
s 1877 11 01 10 40 01    262     1    47   263    25   139  -2.10 313.30 -17.70 109.50 0.3170 0 7
d 1877 11 02 03 08 01 GREE           207  1620   108   846 2406925.63057  24.43   4.07
g 1877 11 02 03 08 01    261         199  1471   104   770  -7.70 334.70  12.80 227.50 0.3010 0 1
s 1877 11 02 03 08 01    261     1   199  1471   104   770  -7.70 334.70  12.80 227.50 0.3010 0 1
g 1877 11 02 03 08 01    262           8   149     4    76  -2.50 314.60  -7.30 132.50 0.1650 0 7
s 1877 11 02 03 08 01    262     1     8   149     4    76  -2.50 314.60  -7.30 132.50 0.1650 0 7
d 1877 11 03 11 34 00 GREE           237  1092   138   638 2406926.98194  24.18   3.93
g 1877 11 03 11 34 00    261         202   944   120   562  -8.20 334.40  30.30 248.10 0.5430 0 1
s 1877 11 03 11 34 00    261     1   202   944   120   562  -8.20 334.40  30.30 248.10 0.5430 0 1
g 1877 11 03 11 34 00    262          35   148    18    76  -2.40 312.80   8.70 234.50 0.1820 0 7
s 1877 11 03 11 34 00    262     1    35   148    18    76  -2.40 312.80   8.70 234.50 0.1820 0 7
d 1877 11 04 11 47 00 GREE           152   842   107   588 2406927.99097  23.99   3.82
g 1877 11 04 11 47 00    261         141   760   101   543  -8.20 334.70  44.10 254.70 0.7140 0 1
s 1877 11 04 11 47 00    261     1   141   760   101   543  -8.20 334.70  44.10 254.70 0.7140 0 1
g 1877 11 04 11 47 00    262          11    82     6    45  -2.50 313.00  22.40 254.50 0.3990 0 7
s 1877 11 04 11 47 00    262     1    11    82     6    45  -2.50 313.00  22.40 254.50 0.3990 0 7
d 1877 11 05 10 36 00 GREE           107   583   100   532 2406928.94167  23.80   3.72
g 1877 11 05 10 36 00    261         107   544   100   508  -8.30 334.60  56.40 257.70 0.8450 0 1
s 1877 11 05 10 36 00    261     1   107   544   100   508  -8.30 334.60  56.40 257.70 0.8450 0 1
g 1877 11 05 10 36 00    262           0    39     0    24  -3.20 313.60  35.40 259.50 0.5860 0 7
s 1877 11 05 10 36 00    262     1     0    39     0    24  -3.20 313.60  35.40 259.50 0.5860 0 7
d 1877 11 06 00 00 00 GREE            63   363    95   544 2406929.50000  23.68   3.66
g 1877 11 06 00 00 00    261          63   363    95   544  -8.30 334.30  66.80 259.50 0.9430 0 1
s 1877 11 06 00 00 00    261     1    63   363    95   544  -8.30 334.30  66.80 259.50 0.9430 0 1
d 1877 11 07 01 45 00 GREE            37   246    89   579 2406930.57292  23.45   3.54
g 1877 11 07 01 45 00    261          37   246    89   579  -8.40 334.00  77.20 260.70 0.9770 0 1
s 1877 11 07 01 45 00    261     1    37   246    89   579  -8.40 334.00  77.20 260.70 0.9770 0 1
d 1877 11 08 10 33 01 GREE             0     0     0     0 2406931.93959  23.14   3.39
d 1877 11 10 10 36 00 GREE             0     0     0     0 2406933.94167  22.67   3.16
d 1877 11 12 10 35 00 GREE             0     0     0     0 2406935.94097  22.16   2.93
d 1877 11 14 11 51 00 GREE            62   180    38   111 2406937.99375  21.61   2.69
g 1877 11 14 11 51 00    263          62   180    38   111  -9.70 125.20 -33.70 110.50 0.5810 0 2
s 1877 11 14 11 51 00    263     1    62   180    38   111  -9.70 125.20 -33.70 110.50 0.5810 0 2
d 1877 11 15 00 00 00 GREE            49   155    27    85 2406938.50000  21.47   2.63
g 1877 11 15 00 00 00    263          49   155    27    85  -9.70 125.70 -19.70 122.50 0.3990 0 2
s 1877 11 15 00 00 00    263     1    49   155    27    85  -9.70 125.70 -19.70 122.50 0.3990 0 2
d 1877 11 16 13 09 00 GREE            31   113    16    58 2406940.04792  21.03   2.44
g 1877 11 16 13 09 00    263          31   113    16    58  -9.70 126.20  -5.70 155.50 0.2300 0 2
s 1877 11 16 13 09 00    263     1    31   113    16    58  -9.70 126.20  -5.70 155.50 0.2300 0 2
d 1877 11 17 14 03 01 GREE            29    52    15    27 2406941.08543  20.72   2.32
g 1877 11 17 14 03 01    263          29    52    15    27 -10.30 126.90   8.70 214.50 0.2670 0 2
s 1877 11 17 14 03 01    263     1    29    52    15    27 -10.30 126.90   8.70 214.50 0.2670 0 2
d 1877 11 20 12 00 00 GREE             0     0     0     0 2406944.00000  19.82   1.96
d 1877 11 22 12 11 01 GREE            35   123    86   301 2406946.00765  19.16   1.71
g 1877 11 22 12 11 01    264          35   123    86   301 -10.10 335.50 -77.80 100.50 0.9800 0 1
s 1877 11 22 12 11 01    264     1    35   123    86   301 -10.10 335.50 -77.80 100.50 0.9800 0 1
d 1877 11 23 10 27 01 GREE            62   306    79   392 2406946.93543  18.85   1.60
g 1877 11 23 10 27 01    264          62   306    79   392 -10.30 334.90 -66.20 101.90 0.9210 0 1
s 1877 11 23 10 27 01    264     1    62   306    79   392 -10.30 334.90 -66.20 101.90 0.9210 0 1
d 1877 11 24 02 28 00 GREE            53   590    50   562 2406947.60278  18.62   1.52
g 1877 11 24 02 28 00    264          53   590    50   562 -10.80 335.10 -57.20 103.70 0.8510 0 1
s 1877 11 24 02 28 00    264     1    53   590    50   562 -10.80 335.10 -57.20 103.70 0.8510 0 1
d 1877 11 25 05 13 01 GREE            73   753    51   522 2406948.71737  18.23   1.38
g 1877 11 25 05 13 01    264          73   753    51   522 -10.70 335.30 -42.30 107.00 0.6930 0 1
s 1877 11 25 05 13 01    264     1    73   753    51   522 -10.70 335.30 -42.30 107.00 0.6930 0 1
d 1877 11 26 13 14 01 GREE           168   828    95   468 2406950.05140  17.75   1.21
g 1877 11 26 13 14 01    264         168   828    95   468 -10.30 334.90 -25.20 115.10 0.4660 0 1
s 1877 11 26 13 14 01    264     1   168   828    95   468 -10.30 334.90 -25.20 115.10 0.4660 0 1
d 1877 11 27 05 18 00 GREE            94   759    50   403 2406950.72083  17.51   1.12
g 1877 11 27 05 18 00    264          94   759    50   403 -10.70 335.40 -15.80 127.50 0.3340 0 1
s 1877 11 27 05 18 00    264     1    94   759    50   403 -10.70 335.40 -15.80 127.50 0.3340 0 1
d 1877 11 28 11 15 00 GREE           142   669    73   343 2406951.96875  17.05   0.97
g 1877 11 28 11 15 00    264         142   669    73   343 -10.10 334.90   0.20 181.50 0.1990 0 1
s 1877 11 28 11 15 00    264     1   142   669    73   343 -10.10 334.90   0.20 181.50 0.1990 0 1
d 1877 11 29 02 03 01 GREE            85   631    44   327 2406952.58543  16.82   0.89
g 1877 11 29 02 03 01    264          85   631    44   327 -10.20 334.70   8.10 216.50 0.2330 0 1
s 1877 11 29 02 03 01    264     1    85   631    44   327 -10.20 334.70   8.10 216.50 0.2330 0 1
d 1877 11 30 10 16 00 GREE           120   459    68   261 2406953.92778  16.30   0.72
g 1877 11 30 10 16 00    264         120   459    68   261 -10.00 335.00  26.10 246.90 0.4760 0 1
s 1877 11 30 10 16 00    264     1   120   459    68   261 -10.00 335.00  26.10 246.90 0.4760 0 1
d 1877 12 01 00 00 00 GREE            88   347    59   232 2406954.50000  16.08   0.64
g 1877 12 01 00 00 00    264          88   347    59   232 -10.10 335.20  40.10 254.50 0.6630 0 1
s 1877 12 01 00 00 00    264     1    88   347    59   232 -10.10 335.20  40.10 254.50 0.6630 0 1
d 1877 12 02 12 25 01 GREE            58   233    50   203 2406956.01737  15.48   0.45
g 1877 12 02 12 25 01    264          58   233    50   203 -10.10 335.40  54.00 257.30 0.8190 0 1
s 1877 12 02 12 25 01    264     1    58   233    50   203 -10.10 335.40  54.00 257.30 0.8190 0 1
d 1877 12 03 01 50 01 GREE            30   206    31   215 2406956.57640  15.26   0.38
g 1877 12 03 01 50 01    264          30   206    31   215 -10.30 335.00  61.00 258.10 0.8780 0 1
s 1877 12 03 01 50 01    264     1    30   206    31   215 -10.30 335.00  61.00 258.10 0.8780 0 1
d 1877 12 05 12 00 00 GREE             0     0     0     0 2406959.00000  14.27   0.07
d 1877 12 06 12 00 00 GREE             0     0     0     0 2406960.00000  13.85  -0.06
d 1877 12 07 12 00 00 GREE             0     0     0     0 2406961.00000  13.43  -0.19
d 1877 12 08 12 00 00 GREE             0     0     0     0 2406962.00000  13.00  -0.32
d 1877 12 10 12 00 00 GREE             0     0     0     0 2406964.00000  12.13  -0.57
d 1877 12 11 12 00 00 GREE             0     0     0     0 2406965.00000  11.69  -0.70
d 1877 12 12 12 00 00 GREE             0     0     0     0 2406966.00000  11.24  -0.83
d 1877 12 13 12 00 00 GREE             0     0     0     0 2406967.00000  10.79  -0.96
d 1877 12 14 12 00 00 GREE             0     0     0     0 2406968.00000  10.34  -1.08
d 1877 12 17 12 00 00 GREE             0     0     0     0 2406971.00000   8.96  -1.46
d 1877 12 18 12 00 00 GREE             0     0     0     0 2406972.00000   8.49  -1.59
d 1877 12 21 02 24 00 GREE             0    34     0    37 2406974.60000   7.26  -1.91
g 1877 12 21 02 24 00   264a           0    34     0    37 -12.70 334.60 -62.00 103.50 0.8870 0 0
s 1877 12 21 02 24 00   264a     1     0    34     0    37 -12.70 334.60 -62.00 103.50 0.8870 0 0
d 1877 12 26 12 00 00 GREE             0     0     0     0 2406980.00000   4.66  -2.57
d 1877 12 28 12 00 00 GREE             0     0     0     0 2406982.00000   3.69  -2.81
d 1877 12 31 11 11 00 GREE             0    23     0    34 2406984.96597   2.24  -3.16
g 1877 12 31 11 11 00    265           0    23     0    34   7.50 329.90  69.90 279.50 0.9430 0 2
s 1877 12 31 11 11 00    265     1     0    23     0    34   7.50 329.90  69.90 279.50 0.9430 0 2
