d 1934 01 01 08 57 00 GREE             0     0     0     0 2427438.87292   2.13  -3.11
d 1934 01 02 08 52 01 GREE             0     0     0     0 2427439.86946   1.65  -3.22
d 1934 01 03 10 32 00 GREE             0     0     0     0 2427440.93889   1.12  -3.34
d 1934 01 04 12 38 01 GREE             0     0     0     0 2427442.02640   0.59  -3.47
d 1934 01 05 11 19 01 GREE             0     0     0     0 2427442.97154   0.13  -3.57
d 1934 01 06 10 42 00 GREE             0     0     0     0 2427443.94583  -0.34  -3.68
d 1934 01 07 08 54 00 GREE             0     0     0     0 2427444.87083  -0.79  -3.79
d 1934 01 08 11 00 01 GREE             0     0     0     0 2427445.95834  -1.32  -3.90
d 1934 01 09 12 28 01 GREE             0     0     0     0 2427447.01946  -1.83  -4.02
d 1934 01 10 09 27 00 GREE             0     0     0     0 2427447.89375  -2.25  -4.11
d 1934 01 11 08 18 00 GREE             0     0     0     0 2427448.84583  -2.71  -4.21
d 1934 01 12 10 07 01 GREE             7    43     4    22 2427449.92154  -3.22  -4.32
g 1934 01 12 10 07 01  11560           7    43     4    22   5.00 148.20   0.60 356.30 0.1630 2 4
s 1934 01 12 10 07 01  11560     1     7    43     4    22   5.00 148.20   0.60 356.30 0.1630 2 4
d 1934 01 13 10 03 00 GREE            28    96    15    50 2427450.91875  -3.70  -4.43
g 1934 01 13 10 03 00  11560          28    96    15    50   4.50 147.20  12.70 305.00 0.2680 2 4
s 1934 01 13 10 03 00  11560     1    28    96    15    50   4.50 147.20  12.70 305.00 0.2680 2 4
d 1934 01 14 09 25 01 GREE             7    82     4    47 2427451.89237  -4.16  -4.53
g 1934 01 14 09 25 01  11560           7    82     4    47   4.50 148.20  26.50 288.40 0.4710 2 4
s 1934 01 14 09 25 01  11560     1     7    82     4    47   4.50 148.20  26.50 288.40 0.4710 2 4
d 1934 01 15 10 36 00 GREE            51   150    35   103 2427452.94167  -4.65  -4.63
g 1934 01 15 10 36 00  11560          51   150    35   103   4.60 149.70  41.80 281.90 0.6810 2 4
s 1934 01 15 10 36 00  11560     1    51   150    35   103   4.60 149.70  41.80 281.90 0.6810 2 4
d 1934 01 16 10 33 01 GREE            28   245    25   218 2427453.93959  -5.12  -4.73
g 1934 01 16 10 33 01  11560          28   245    25   218   4.40 149.60  54.90 278.60 0.8270 2 2
s 1934 01 16 10 33 01  11560     1    28   245    25   218   4.40 149.60  54.90 278.60 0.8270 2 2
d 1934 01 17 10 14 01 GREE            35   199    55   308 2427454.92640  -5.58  -4.82
g 1934 01 17 10 14 01  11560          35   199    55   308   4.60 152.00  70.30 276.60 0.9460 2 2
s 1934 01 17 10 14 01  11560     1    35   199    55   308   4.60 152.00  70.30 276.60 0.9460 2 2
d 1934 01 18 09 00 00 GREE            15    74    63   294 2427455.87500  -6.02  -4.91
g 1934 01 18 09 00 00  11560          15    74    63   294   4.90 151.30  82.00 275.60 0.9920 2 2
s 1934 01 18 09 00 00  11560     1    15    74    63   294   4.90 151.30  82.00 275.60 0.9920 2 2
d 1934 01 19 11 38 00 GREE             0     0     0     0 2427456.98472  -6.54  -5.02
d 1934 01 20 12 38 01 GREE             0     0     0     0 2427458.02640  -7.01  -5.11
d 1934 01 21 10 30 01 GREE             0     0     0     0 2427458.93751  -7.43  -5.20
d 1934 01 22 10 12 00 GREE             0     0     0     0 2427459.92500  -7.88  -5.28
d 1934 01 23 10 03 00 GREE             0     0     0     0 2427460.91875  -8.32  -5.37
d 1934 01 24 14 18 00 GREE             0     0     0     0 2427462.09583  -8.85  -5.47
d 1934 01 25 08 54 00 GREE             0     0     0     0 2427462.87083  -9.19  -5.54
d 1934 01 26 10 27 01 GREE             0     0     0     0 2427463.93543  -9.65  -5.62
d 1934 01 27 08 35 01 GREE             0     0     0     0 2427464.85765 -10.05  -5.70
d 1934 01 28 10 20 01 GREE             0     0     0     0 2427465.93057 -10.52  -5.78
d 1934 01 29 09 57 01 GREE             3    12     6    20 2427466.91459 -10.93  -5.86
g 1934 01 29 09 57 01  11561           3    12     6    20  31.40 220.40 -63.50  53.90 0.9470 2 1
s 1934 01 29 09 57 01  11561     1     3    12     6    20  31.40 220.40 -63.50  53.90 0.9470 2 1
d 1934 01 30 10 13 00 GREE            22   101    21    95 2427467.92569 -11.36  -5.93
g 1934 01 30 10 13 00  11561          22   101    21    95  29.30 223.20 -47.40  49.60 0.8450 2 1
s 1934 01 30 10 13 00  11561     1    22   101    21    95  29.30 223.20 -47.40  49.60 0.8450 2 1
d 1934 01 31 12 51 01 GREE            44   229    33   171 2427469.03543 -11.82  -6.01
g 1934 01 31 12 51 01  11561          44   229    33   171  29.50 222.90 -33.10  40.00 0.7410 2 1
s 1934 01 31 12 51 01  11561     1    44   229    33   171  29.50 222.90 -33.10  40.00 0.7410 2 1
d 1934 02 01 12 18 01 GREE            22   117    15    77 2427470.01251 -12.23  -6.08
g 1934 02 01 12 18 01  11561          22   117    15    77  29.30 223.70 -19.40  26.80 0.6460 2 1
s 1934 02 01 12 18 01  11561     1    22   117    15    77  29.30 223.70 -19.40  26.80 0.6460 2 1
d 1934 02 02 10 45 00 GREE            35    75    22    47 2427470.94792 -12.61  -6.15
g 1934 02 02 10 45 00  11561          35    75    22    47  29.50 223.80  -7.00  10.40 0.5940 2 0
s 1934 02 02 10 45 00  11561     1    35    75    22    47  29.50 223.80  -7.00  10.40 0.5940 2 0
d 1934 02 03 10 04 01 GREE            17    38    11    24 2427471.91946 -13.00  -6.21
g 1934 02 03 10 04 01  11561          17    38    11    24  29.20 223.20   5.20 352.20 0.5870 2 0
s 1934 02 03 10 04 01  11561     1    17    38    11    24  29.20 223.20   5.20 352.20 0.5870 2 0
d 1934 02 04 09 37 00 GREE             0     0     0     0 2427472.90069 -13.39  -6.28
d 1934 02 05 10 13 00 GREE            12    54     9    39 2427473.92569 -13.79  -6.34
g 1934 02 05 10 13 00  11562          12    54     9    39 -23.90 147.40 -44.20 117.40 0.7210 2 4
s 1934 02 05 10 13 00  11562     1    12    54     9    39 -23.90 147.40 -44.20 117.40 0.7210 2 4
d 1934 02 06 10 45 00 GREE            14    61     9    38 2427474.94792 -14.19  -6.41
g 1934 02 06 10 45 00  11562          14    61     9    38 -24.30 146.40 -31.70 124.00 0.5800 2 4
s 1934 02 06 10 45 00  11562     1    14    61     9    38 -24.30 146.40 -31.70 124.00 0.5800 2 4
d 1934 02 07 12 01 00 GREE            35    93    33    91 2427476.00069 -14.59  -6.47
g 1934 02 07 12 01 00  11562          12    25     7    14 -23.30 144.40 -19.90 133.40 0.4330 2 4
s 1934 02 07 12 01 00  11562     1    12    25     7    14 -23.30 144.40 -19.90 133.40 0.4330 2 4
g 1934 02 07 12 01 00  11563          23    68    26    77  27.60 219.70  55.40 305.40 0.8960 2 9
s 1934 02 07 12 01 00  11563     1    23    68    26    77  27.60 219.70  55.40 305.40 0.8960 2 9
d 1934 02 08 10 22 00 GREE            15    89    29   160 2427476.93194 -14.95  -6.52
g 1934 02 08 10 22 00 107501           1     7     1     4  -0.20 151.80  -0.20   1.70 0.1100 0 0
s 1934 02 08 10 22 00 107501     1     1     7     1     4  -0.20 151.80  -0.20   1.70 0.1100 0 0
g 1934 02 08 10 22 00  11563          14    82    28   156  27.60 220.50  68.50 301.10 0.9640 2 9
s 1934 02 08 10 22 00  11563     1    14    82    28   156  27.60 220.50  68.50 301.10 0.9640 2 9
d 1934 02 09 09 56 00 GREE            11    61    43   198 2427477.91389 -15.31  -6.57
g 1934 02 09 09 56 00  11563           3    14    18    66  27.60 218.20  79.10 298.90 0.9940 2 9
s 1934 02 09 09 56 00  11563     1     3    14    18    66  27.60 218.20  79.10 298.90 0.9940 2 9
g 1934 02 09 09 56 00  11564           8    47    25   132   7.60  60.70 -78.40  81.00 0.9840 1 0
s 1934 02 09 09 56 00  11564     1     8    47    25   132   7.60  60.70 -78.40  81.00 0.9840 1 0
d 1934 02 10 09 57 01 GREE            14   133    19   172 2427478.91459 -15.68  -6.63
g 1934 02 10 09 57 01  11564          14   133    19   172   7.40  60.20 -65.70  79.10 0.9220 1 0
s 1934 02 10 09 57 01  11564     1    14   133    19   172   7.40  60.20 -65.70  79.10 0.9220 1 0
d 1934 02 11 09 27 00 GREE            31   193    27   167 2427479.89375 -16.04  -6.68
g 1934 02 11 09 27 00  11564          31   193    27   167   7.40  60.30 -52.70  75.90 0.8160 1 0
s 1934 02 11 09 27 00  11564     1    31   193    27   167   7.40  60.30 -52.70  75.90 0.8160 1 0
d 1934 02 12 14 52 01 GREE            34   183    22   118 2427481.11946 -16.47  -6.74
g 1934 02 12 14 52 01  11564          34   183    22   118   6.80  60.60 -36.30  70.30 0.6270 1 0
s 1934 02 12 14 52 01  11564     1    34   183    22   118   6.80  60.60 -36.30  70.30 0.6270 1 0
d 1934 02 13 10 06 00 GREE            31   183    18   105 2427481.92083 -16.76  -6.77
g 1934 02 13 10 06 00  11564          31   183    18   105   6.70  60.50 -25.80  62.80 0.4870 1 0
s 1934 02 13 10 06 00  11564     1    31   183    18   105   6.70  60.50 -25.80  62.80 0.4870 1 0
d 1934 02 14 09 15 01 GREE            40   210    22   112 2427482.88543 -17.09  -6.82
g 1934 02 14 09 15 01 107502           3     8     2     5 -28.30  97.70  24.10 223.80 0.5220 0 0
s 1934 02 14 09 15 01 107502     1     3     8     2     5 -28.30  97.70  24.10 223.80 0.5220 0 0
g 1934 02 14 09 15 01  11564          37   202    20   107   6.80  60.70 -12.90  43.70 0.3220 1 0
s 1934 02 14 09 15 01  11564     1    37   202    20   107   6.80  60.70 -12.90  43.70 0.3220 1 0
d 1934 02 15 14 31 00 GREE            40   178    21    92 2427484.10486 -17.51  -6.87
g 1934 02 15 14 31 00  11564          40   178    21    92   6.30  60.80   3.20 346.30 0.2350 1 1
s 1934 02 15 14 31 00  11564     1    40   178    21    92   6.30  60.80   3.20 346.30 0.2350 1 1
d 1934 02 16 12 36 00 GREE            39   130    21    69 2427485.02500 -17.81  -6.91
g 1934 02 16 12 36 00  11564          39   130    21    69   6.40  59.70  14.20 312.70 0.3340 1 2
s 1934 02 16 12 36 00  11564     1    39   130    21    69   6.40  59.70  14.20 312.70 0.3340 1 2
d 1934 02 17 13 45 00 GREE            33    84    20    50 2427486.07292 -18.16  -6.95
g 1934 02 17 13 45 00  11564          33    84    20    50   6.60  61.30  29.60 293.90 0.5380 1 2
s 1934 02 17 13 45 00  11564     1    33    84    20    50   6.60  61.30  29.60 293.90 0.5380 1 2
d 1934 02 18 09 28 01 GREE            16    68    11    46 2427486.89446 -18.42  -6.97
g 1934 02 18 09 28 01  11564          16    68    11    46   6.70  60.80  40.00 288.00 0.6730 1 2
s 1934 02 18 09 28 01  11564     1    16    68    11    46   6.70  60.80  40.00 288.00 0.6730 1 2
d 1934 02 19 11 34 00 GREE             8    19     8    18 2427487.98194 -18.77  -7.01
g 1934 02 19 11 34 00  11564           8    19     8    18   6.50  61.50  55.00 282.60 0.8360 1 2
s 1934 02 19 11 34 00  11564     1     8    19     8    18   6.50  61.50  55.00 282.60 0.8360 1 2
d 1934 02 20 10 39 00 GREE             0     0     0     0 2427488.94375 -19.07  -7.04
d 1934 02 21 15 10 00 GREE             0     0     0     0 2427490.13194 -19.43  -7.08
d 1934 02 22 10 20 01 GREE             0     0     0     0 2427490.93057 -19.67  -7.10
d 1934 02 23 14 34 00 GREE             0     0     0     0 2427492.10694 -20.02  -7.13
d 1934 02 24 08 16 01 GREE             8    33     5    19 2427492.84446 -20.23  -7.14
g 1934 02 24 08 16 01  11565           8    33     5    19 -29.40 321.60  19.10 216.40 0.4820 5 2
s 1934 02 24 08 16 01  11565     1     8    33     5    19 -29.40 321.60  19.10 216.40 0.4820 5 2
d 1934 02 25 09 38 01 GREE             4    10     3     7 2427493.90140 -20.53  -7.17
g 1934 02 25 09 38 01  11565           4    10     3     7 -28.80 323.20  34.70 232.20 0.6340 5 0
s 1934 02 25 09 38 01  11565     1     4    10     3     7 -28.80 323.20  34.70 232.20 0.6340 5 0
d 1934 02 26 11 41 00 GREE             0     0     0     0 2427494.98681 -20.83  -7.19
d 1934 02 27 10 53 01 GREE             0     0     0     0 2427495.95348 -21.09  -7.20
d 1934 02 28 08 06 01 GREE             0     0     0     0 2427496.83751 -21.32  -7.21
d 1934 03 01 10 26 00 GREE             0     0     0     0 2427497.93472 -21.60  -7.23
d 1934 03 02 09 27 00 GREE             0     0     0     0 2427498.89375 -21.84  -7.23
d 1934 03 03 10 10 01 GREE             0     0     0     0 2427499.92362 -22.09  -7.24
d 1934 03 04 09 18 01 GREE             0     7     0     4 2427500.88751 -22.32  -7.25
g 1934 03 04 09 18 01 107601           0     7     0     4  -0.60 180.80 -15.70  67.70 0.2930 0 0
s 1934 03 04 09 18 01 107601     1     0     7     0     4  -0.60 180.80 -15.70  67.70 0.2930 0 0
d 1934 03 05 14 19 01 GREE             0     0     0     0 2427502.09654 -22.60  -7.25
d 1934 03 06 10 06 00 GREE             2     7     6    23 2427502.92083 -22.79  -7.25
g 1934 03 06 10 06 00  11566           2     7     6    23 -27.20  86.90 -82.80 116.40 0.9860 1 1
s 1934 03 06 10 06 00  11566     1     2     7     6    23 -27.20  86.90 -82.80 116.40 0.9860 1 1
d 1934 03 07 10 19 00 GREE            19    52    13    34 2427503.92986 -23.01  -7.25
g 1934 03 07 10 19 00  11566           2     3     3     5 -27.30  88.30 -68.10 116.60 0.9240 1 1
s 1934 03 07 10 19 00  11566     1     2     3     3     5 -27.30  88.30 -68.10 116.60 0.9240 1 1
g 1934 03 07 10 19 00  11567          17    49    10    29  -3.70 125.70 -30.70  85.00 0.5140 2 4
s 1934 03 07 10 19 00  11567     1    17    49    10    29  -3.70 125.70 -30.70  85.00 0.5140 2 4
d 1934 03 08 10 22 00 GREE            23    68    14    40 2427504.93194 -23.22  -7.24
g 1934 03 08 10 22 00  11566           4    11     4    10 -27.50  87.80 -55.40 118.40 0.8320 1 1
s 1934 03 08 10 22 00  11566     1     4    11     4    10 -27.50  87.80 -55.40 118.40 0.8320 1 1
g 1934 03 08 10 22 00  11567          19    57    10    30  -3.40 127.10 -16.10  77.60 0.2840 2 4
s 1934 03 08 10 22 00  11567     1    19    57    10    30  -3.40 127.10 -16.10  77.60 0.2840 2 4
d 1934 03 09 10 03 00 GREE            46   189    26   102 2427505.91875 -23.42  -7.24
g 1934 03 09 10 03 00  11566           9    28     7    21 -27.80  86.20 -44.00 122.00 0.7270 1 0
s 1934 03 09 10 03 00  11566     1     9    28     7    21 -27.80  86.20 -44.00 122.00 0.7270 1 0
g 1934 03 09 10 03 00  11567          37   161    19    81  -3.40 128.60  -1.60  23.20 0.0730 2 4
s 1934 03 09 10 03 00  11567     1    37   161    19    81  -3.40 128.60  -1.60  23.20 0.0730 2 4
d 1934 03 10 11 03 01 GREE            28   162    15    84 2427506.96043 -23.63  -7.23
g 1934 03 10 11 03 01  11566           1     8     1     5 -28.10  86.40 -30.10 130.00 0.5800 1 0
s 1934 03 10 11 03 01  11566     1     1     8     1     5 -28.10  86.40 -30.10 130.00 0.5800 1 0
g 1934 03 10 11 03 01  11567          27   154    14    79  -3.60 127.90  11.40 287.20 0.2070 2 4
s 1934 03 10 11 03 01  11567     1    27   154    14    79  -3.60 127.90  11.40 287.20 0.2070 2 4
d 1934 03 11 11 42 01 GREE             4    16     3    10 2427507.98751 -23.83  -7.22
g 1934 03 11 11 42 01  11566           1     6     1     4 -29.50  82.80 -20.20 142.20 0.4920 1 0
s 1934 03 11 11 42 01  11566     1     1     6     1     4 -29.50  82.80 -20.20 142.20 0.4920 1 0
g 1934 03 11 11 42 01  11567           3    10     2     6  -3.60 134.30  31.30 275.00 0.5220 2 4
s 1934 03 11 11 42 01  11567     1     3    10     2     6  -3.60 134.30  31.30 275.00 0.5220 2 4
d 1934 03 12 09 44 01 GREE             0     0     0     0 2427508.90557 -24.00  -7.21
d 1934 03 13 09 34 01 GREE             0     2     0     3 2427509.89862 -24.18  -7.19
g 1934 03 13 09 34 01 107602           0     2     0     3  24.70 139.70  61.90 300.30 0.9300 0 0
s 1934 03 13 09 34 01 107602     1     0     2     0     3  24.70 139.70  61.90 300.30 0.9300 0 0
d 1934 03 14 09 40 00 GREE             0     0     0     0 2427510.90278 -24.35  -7.17
d 1934 03 15 09 57 01 GREE             0     0     0     0 2427511.91459 -24.52  -7.15
d 1934 03 16 09 11 01 GREE             0     0     0     0 2427512.88265 -24.67  -7.13
d 1934 03 17 11 19 01 GREE             1     3     2     4 2427513.97154 -24.84  -7.11
g 1934 03 17 11 19 01 107603           1     3     2     4  22.40  81.60  57.50 299.40 0.8970 0 0
s 1934 03 17 11 19 01 107603     1     1     3     2     4  22.40  81.60  57.50 299.40 0.8970 0 0
d 1934 03 18 08 51 00 GREE             0     0     0     0 2427514.86875 -24.97  -7.08
d 1934 03 19 08 49 01 GREE             0     0     0     0 2427515.86737 -25.10  -7.06
d 1934 03 20 08 52 01 GREE             0     0     0     0 2427516.86946 -25.24  -7.03
d 1934 03 21 09 38 01 GREE             0     0     0     0 2427517.90140 -25.37  -6.99
d 1934 03 22 10 22 00 GREE             0     0     0     0 2427518.93194 -25.49  -6.96
d 1934 03 23 08 51 00 GREE             0     0     0     0 2427519.86875 -25.59  -6.92
d 1934 03 24 10 13 00 GREE             0     0     0     0 2427520.92569 -25.70  -6.88
d 1934 03 25 10 17 01 GREE             3     7     2     4 2427521.92848 -25.80  -6.84
g 1934 03 25 10 17 01  11568           3     7     2     4 -28.20 266.20 -13.00 151.60 0.4200 1 0
s 1934 03 25 10 17 01  11568     1     3     7     2     4 -28.20 266.20 -13.00 151.60 0.4200 1 0
d 1934 03 26 14 25 00 GREE             3     9     2     5 2427523.10069 -25.90  -6.79
g 1934 03 26 14 25 00  11568           3     9     2     5 -27.60 266.50   2.80 186.90 0.3610 1 0
s 1934 03 26 14 25 00  11568     1     3     9     2     5 -27.60 266.50   2.80 186.90 0.3610 1 0
d 1934 03 27 10 24 01 GREE             3    12     6    21 2427523.93334 -25.97  -6.76
g 1934 03 27 10 24 01  11569           3    12     6    21  29.20 188.00 -64.70  56.20 0.9510 5 0
s 1934 03 27 10 24 01  11569     1     3    12     6    21  29.20 188.00 -64.70  56.20 0.9510 5 0
d 1934 03 28 10 40 01 GREE             1     8     2     9 2427524.94446 -26.05  -6.71
g 1934 03 28 10 40 01  11569           1     8     2     9  29.00 187.60 -51.80  51.60 0.8790 5 0
s 1934 03 28 10 40 01  11569     1     1     8     2     9  29.00 187.60 -51.80  51.60 0.8790 5 0
d 1934 03 29 08 21 00 GREE             3     9     2     5 2427525.84792 -26.11  -6.67
g 1934 03 29 08 21 00  11570           3     9     2     5 -25.00 238.10  10.60 207.80 0.3590 2 9
s 1934 03 29 08 21 00  11570     1     3     9     2     5 -25.00 238.10  10.60 207.80 0.3590 2 9
d 1934 03 30 09 57 01 GREE             1    10     1     6 2427526.91459 -26.17  -6.61
g 1934 03 30 09 57 01  11570           1    10     1     6 -24.80 238.80  25.40 230.40 0.5080 2 9
s 1934 03 30 09 57 01  11570     1     1    10     1     6 -24.80 238.80  25.40 230.40 0.5080 2 9
d 1934 03 31 10 06 00 GREE             0     0     0     0 2427527.92083 -26.23  -6.56
d 1934 04 01 09 25 01 GREE             3    16     2    10 2427528.89237 -26.27  -6.51
g 1934 04 01 09 25 01  11571           3    16     2    10  26.70 187.90   0.60 359.10 0.5500 2 4
s 1934 04 01 09 25 01  11571     1     3    16     2    10  26.70 187.90   0.60 359.10 0.5500 2 4
d 1934 04 02 08 03 01 GREE            21   117    13    73 2427529.83543 -26.31  -6.45
g 1934 04 02 08 03 01  11571          21   117    13    73  27.50 186.80  11.90 341.90 0.5890 2 4
s 1934 04 02 08 03 01  11571     1    21   117    13    73  27.50 186.80  11.90 341.90 0.5890 2 4
d 1934 04 03 10 37 01 GREE            26   143    18    97 2427530.94237 -26.35  -6.39
g 1934 04 03 10 37 01  11571          26   143    18    97  27.80 185.90  25.60 325.40 0.6740 2 4
s 1934 04 03 10 37 01  11571     1    26   143    18    97  27.80 185.90  25.60 325.40 0.6740 2 4
d 1934 04 04 10 33 01 GREE             8    27     7    23 2427531.93959 -26.37  -6.33
g 1934 04 04 10 33 01  11571           8    27     7    23  27.10 189.40  42.30 311.20 0.7980 2 4
s 1934 04 04 10 33 01  11571     1     8    27     7    23  27.10 189.40  42.30 311.20 0.7980 2 4
d 1934 04 05 09 11 01 GREE             3    10     4    12 2427532.88265 -26.39  -6.27
g 1934 04 05 09 11 01  11571           3    10     4    12  27.10 189.40  54.70 305.00 0.8890 2 4
s 1934 04 05 09 11 01  11571     1     3    10     4    12  27.10 189.40  54.70 305.00 0.8890 2 4
d 1934 04 06 09 34 01 GREE             0     0     0     0 2427533.89862 -26.40  -6.21
d 1934 04 07 08 22 01 GREE             0     0     0     0 2427534.84862 -26.40  -6.14
d 1934 04 08 10 48 00 GREE             3     9     2     5 2427535.95000 -26.40  -6.07
g 1934 04 08 10 48 00 107701           3     9     2     5 -28.80  81.80 -12.40 154.00 0.4330 0 0
s 1934 04 08 10 48 00 107701     1     3     9     2     5 -28.80  81.80 -12.40 154.00 0.4330 0 0
d 1934 04 09 08 29 01 GREE             0     0     0     0 2427536.85348 -26.39  -6.01
d 1934 04 10 09 31 01 GREE             0     0     0     0 2427537.89654 -26.37  -5.94
d 1934 04 11 14 15 00 GREE             0     0     0     0 2427539.09375 -26.34  -5.85
d 1934 04 12 14 52 01 GREE             0     0     0     0 2427540.11946 -26.30  -5.77
d 1934 04 13 08 12 00 GREE             0     0     0     0 2427540.84167 -26.27  -5.72
d 1934 04 14 08 29 01 GREE             4    14     7    26 2427541.85348 -26.22  -5.64
g 1934 04 14 08 29 01  11572           4    14     7    26  26.40 308.30 -68.00  60.30 0.9580 1 0
s 1934 04 14 08 29 01  11572     1     4    14     7    26  26.40 308.30 -68.00  60.30 0.9580 1 0
d 1934 04 15 09 07 00 GREE            56   357   167  1069 2427542.87986 -26.17  -5.56
g 1934 04 15 09 07 00  11572           5    22     6    25  26.60 307.00 -55.70  56.20 0.8910 1 1
s 1934 04 15 09 07 00  11572     1     5    22     6    25  26.60 307.00 -55.70  56.20 0.8910 1 1
g 1934 04 15 09 07 00  11573          51   335   161  1044 -28.80 280.70 -82.00 118.30 0.9870 2 6
s 1934 04 15 09 07 00  11573     1    51   335   161  1044 -28.80 280.70 -82.00 118.30 0.9870 2 6
d 1934 04 16 09 53 00 GREE           100   835   140  1190 2427543.91181 -26.10  -5.48
g 1934 04 16 09 53 00  11572           8    25     7    21  26.70 306.80 -42.30  49.70 0.7910 1 1
s 1934 04 16 09 53 00  11572     1     8    25     7    21  26.70 306.80 -42.30  49.70 0.7910 1 1
g 1934 04 16 09 53 00  11573          92   810   133  1169 -28.90 279.60 -69.50 118.90 0.9380 2 6
s 1934 04 16 09 53 00  11573     1    92   810   133  1169 -28.90 279.60 -69.50 118.90 0.9380 2 6
d 1934 04 17 12 37 00 GREE           177  1095   169  1043 2427545.02569 -26.03  -5.38
g 1934 04 17 12 37 00  11572           4    13     3     9  26.60 307.70 -26.70  37.70 0.6600 1 0
s 1934 04 17 12 37 00  11572     1     4    13     3     9  26.60 307.70 -26.70  37.70 0.6600 1 0
g 1934 04 17 12 37 00  11573         173  1082   166  1034 -29.10 277.90 -56.50 121.00 0.8520 2 6
s 1934 04 17 12 37 00  11573     1   173  1082   166  1034 -29.10 277.90 -56.50 121.00 0.8520 2 6
d 1934 04 18 12 30 00 GREE           215  1191   161   890 2427546.02083 -25.95  -5.30
g 1934 04 18 12 30 00  11572           1     6     1     4  26.70 307.00 -14.20  22.60 0.5740 1 0
s 1934 04 18 12 30 00  11572     1     1     6     1     4  26.70 307.00 -14.20  22.60 0.5740 1 0
g 1934 04 18 12 30 00  11573         214  1185   160   886 -29.20 277.40 -43.80 125.30 0.7430 2 6
s 1934 04 18 12 30 00  11573     1   214  1185   160   886 -29.20 277.40 -43.80 125.30 0.7430 2 6
d 1934 04 19 10 13 00 GREE           230  1160   147   741 2427546.92569 -25.87  -5.22
g 1934 04 19 10 13 00  11573         230  1160   147   741 -29.00 277.60 -31.70 132.10 0.6220 2 6
s 1934 04 19 10 13 00  11573     1   230  1160   147   741 -29.00 277.60 -31.70 132.10 0.6220 2 6
d 1934 04 20 10 20 01 GREE           189  1223   109   705 2427547.93057 -25.78  -5.14
g 1934 04 20 10 20 01  11573         189  1223   109   705 -28.80 277.10 -18.90 145.00 0.4970 2 6
s 1934 04 20 10 20 01  11573     1   189  1223   109   705 -28.80 277.10 -18.90 145.00 0.4970 2 6
d 1934 04 21 09 00 00 GREE           239  1303   132   717 2427548.87500 -25.68  -5.05
g 1934 04 21 09 00 00  11573         239  1303   132   717 -28.90 277.00  -6.50 166.20 0.4170 2 6
s 1934 04 21 09 00 00  11573     1   239  1303   132   717 -28.90 277.00  -6.50 166.20 0.4170 2 6
d 1934 04 22 10 27 01 GREE           217  1200   120   662 2427549.93543 -25.57  -4.96
g 1934 04 22 10 27 01  11573         217  1200   120   662 -28.60 277.60   8.10 197.20 0.4220 2 6
s 1934 04 22 10 27 01  11573     1   217  1200   120   662 -28.60 277.60   8.10 197.20 0.4220 2 6
d 1934 04 23 08 22 01 GREE           182  1011   106   587 2427550.84862 -25.47  -4.88
g 1934 04 23 08 22 01  11573         182  1011   106   587 -28.80 277.40  19.90 216.20 0.5080 2 6
s 1934 04 23 08 22 01  11573     1   182  1011   106   587 -28.80 277.40  19.90 216.20 0.5080 2 6
d 1934 04 24 10 03 00 GREE           172   808   118   547 2427551.91875 -25.34  -4.78
g 1934 04 24 10 03 00 107801           1     6     5    17 -25.00 322.60  79.30 245.50 0.9800 0 0
s 1934 04 24 10 03 00 107801     1     1     6     5    17 -25.00 322.60  79.30 245.50 0.9800 0 0
g 1934 04 24 10 03 00  11573         171   802   113   530 -28.60 278.00  34.70 230.20 0.6530 2 6
s 1934 04 24 10 03 00  11573     1   171   802   113   530 -28.60 278.00  34.70 230.20 0.6530 2 6
d 1934 04 25 08 12 00 GREE           126   733    99   576 2427552.84167 -25.22  -4.69
g 1934 04 25 08 12 00  11573         126   733    99   576 -28.50 277.80  46.70 236.30 0.7710 2 5
s 1934 04 25 08 12 00  11573     1   126   733    99   576 -28.50 277.80  46.70 236.30 0.7710 2 5
d 1934 04 26 09 20 00 GREE            93   534    99   565 2427553.88889 -25.08  -4.59
g 1934 04 26 09 20 00  11573          93   534    99   565 -28.70 277.20  59.90 239.70 0.8810 2 5
s 1934 04 26 09 20 00  11573     1    93   534    99   565 -28.70 277.20  59.90 239.70 0.8810 2 5
d 1934 04 27 09 40 00 GREE            76   367   109   565 2427554.90278 -24.93  -4.50
g 1934 04 27 09 40 00 107802           1     3     1     2  -1.30 216.50  12.60 284.10 0.2250 0 0
s 1934 04 27 09 40 00 107802     1     1     3     1     2  -1.30 216.50  12.60 284.10 0.2250 0 0
g 1934 04 27 09 40 00  11573          56   309    96   528 -28.70 276.60  72.70 241.30 0.9560 2 5
s 1934 04 27 09 40 00  11573     1    56   309    96   528 -28.70 276.60  72.70 241.30 0.9560 2 5
g 1934 04 27 09 40 00  11574          19    55    12    35  26.20 226.10  22.20 326.10 0.6100 2 4
s 1934 04 27 09 40 00  11574     1    19    55    12    35  26.20 226.10  22.20 326.10 0.6100 2 4
d 1934 04 28 08 05 00 GREE            21   134    90   541 2427555.83681 -24.79  -4.41
g 1934 04 28 08 05 00  11573          19   115    88   527 -28.90 276.80  85.20 241.40 0.9940 2 5
s 1934 04 28 08 05 00  11573     1    19   115    88   527 -28.90 276.80  85.20 241.40 0.9940 2 5
g 1934 04 28 08 05 00  11574           2    19     2    14  25.90 226.30  34.70 313.90 0.7130 2 4
s 1934 04 28 08 05 00  11574     1     2    19     2    14  25.90 226.30  34.70 313.90 0.7130 2 4
d 1934 04 29 09 15 01 GREE             5     7     5     7 2427556.88543 -24.62  -4.30
g 1934 04 29 09 15 01  11574           5     7     5     7  24.60 226.20  48.50 304.10 0.8240 2 4
s 1934 04 29 09 15 01  11574     1     5     7     5     7  24.60 226.20  48.50 304.10 0.8240 2 4
d 1934 04 30 08 58 01 GREE             0     0     0     0 2427557.87362 -24.46  -4.20
d 1934 05 01 11 34 00 GREE             5     8    12    21 2427558.98194 -24.27  -4.09
g 1934 05 01 11 34 00  11574           5     8    12    21  25.70 223.90  73.90 297.50 0.9770 2 4
s 1934 05 01 11 34 00  11574     1     5     8    12    21  25.70 223.90  73.90 297.50 0.9770 2 4
d 1934 05 02 08 39 01 GREE             0     0     0     0 2427559.86043 -24.11  -4.00
d 1934 05 03 09 40 00 GREE             0     0     0     0 2427560.90278 -23.92  -3.90
d 1934 05 04 08 58 01 GREE            15    41     9    24 2427561.87362 -23.73  -3.80
g 1934 05 04 08 58 01  11575          15    41     9    24 -21.00  86.90 -24.90 127.50 0.4970 2 6
s 1934 05 04 08 58 01  11575     1    15    41     9    24 -21.00  86.90 -24.90 127.50 0.4970 2 6
d 1934 05 05 08 38 00 GREE            41   203    22   108 2427562.85972 -23.53  -3.69
g 1934 05 05 08 38 00  11575          41   203    22   108 -20.90  88.70 -10.00 151.30 0.3390 2 6
s 1934 05 05 08 38 00  11575     1    41   203    22   108 -20.90  88.70 -10.00 151.30 0.3390 2 6
d 1934 05 06 09 44 01 GREE            78   376    41   198 2427563.90557 -23.31  -3.58
g 1934 05 06 09 44 01  11575          78   376    41   198 -20.70  90.30   5.40 196.70 0.3080 2 6
s 1934 05 06 09 44 01  11575     1    78   376    41   198 -20.70  90.30   5.40 196.70 0.3080 2 6
d 1934 05 07 14 03 01 GREE            71   355    44   215 2427565.08543 -23.06  -3.46
g 1934 05 07 14 03 01  11575          65   326    37   184 -20.80  90.90  21.60 228.80 0.4590 2 6
s 1934 05 07 14 03 01  11575     1    65   326    37   184 -20.80  90.90  21.60 228.80 0.4590 2 6
g 1934 05 07 14 03 01  11576           6    29     7    31 -33.00 126.50  57.20 233.80 0.8760 5 9
s 1934 05 07 14 03 01  11576     1     6    29     7    31 -33.00 126.50  57.20 233.80 0.8760 5 9
d 1934 05 08 10 07 01 GREE            72   369    48   235 2427565.92154 -22.87  -3.37
g 1934 05 08 10 07 01  11575          63   315    40   199 -21.00  92.10  33.80 238.90 0.6080 2 6
s 1934 05 08 10 07 01  11575     1    63   315    40   199 -21.00  92.10  33.80 238.90 0.6080 2 6
g 1934 05 08 10 07 01  11576           1     3     3     6 -32.10 127.70  69.40 237.10 0.9460 5 9
s 1934 05 08 10 07 01  11576     1     1     3     3     6 -32.10 127.70  69.40 237.10 0.9460 5 9
g 1934 05 08 10 07 01  11577           8    51     5    30   6.30  28.40 -29.90  72.10 0.5230 2 0
s 1934 05 08 10 07 01  11577     1     8    51     5    30   6.30  28.40 -29.90  72.10 0.5230 2 0
d 1934 05 09 08 29 01 GREE            95   389    70   288 2427566.85348 -22.65  -3.26
g 1934 05 09 08 29 01  11575          82   350    63   267 -21.20  92.60  46.70 244.50 0.7540 2 6
s 1934 05 09 08 29 01  11575     1    82   350    63   267 -21.20  92.60  46.70 244.50 0.7540 2 6
g 1934 05 09 08 29 01  11577          13    39     7    21   5.90  29.20 -16.70  61.30 0.3270 2 0
s 1934 05 09 08 29 01  11577     1    13    39     7    21   5.90  29.20 -16.70  61.30 0.3270 2 0
d 1934 05 10 08 32 01 GREE            29   147    32   159 2427567.85557 -22.42  -3.15
g 1934 05 10 08 32 01  11575          29   147    32   159 -21.10  94.00  61.30 247.80 0.8860 2 6
s 1934 05 10 08 32 01  11575     1    29   147    32   159 -21.10  94.00  61.30 247.80 0.8860 2 6
d 1934 05 11 08 24 00 GREE            18    75    34   137 2427568.85000 -22.18  -3.05
g 1934 05 11 08 24 00  11575          18    75    34   137 -20.60  93.20  73.70 249.40 0.9610 2 6
s 1934 05 11 08 24 00  11575     1    18    75    34   137 -20.60  93.20  73.70 249.40 0.9610 2 6
d 1934 05 12 11 16 01 GREE             4    11    17    42 2427569.96946 -21.90  -2.92
g 1934 05 12 11 16 01  11575           4    11    17    42 -21.10  87.20  82.50 249.10 0.9910 2 6
s 1934 05 12 11 16 01  11575     1     4    11    17    42 -21.10  87.20  82.50 249.10 0.9910 2 6
d 1934 05 13 08 22 01 GREE            34   325   101   944 2427570.84862 -21.67  -2.82
g 1934 05 13 08 22 01  11578          34   325   101   944 -30.50 273.00 -80.10 120.40 0.9850 2 0
s 1934 05 13 08 22 01  11578     1    34   325   101   944 -30.50 273.00 -80.10 120.40 0.9850 2 0
d 1934 05 14 08 11 00 GREE            63   551    93   811 2427571.84097 -21.41  -2.71
g 1934 05 14 08 11 00 107901           2     7     2     6 -30.10 293.40 -46.50 127.00 0.7890 0 0
s 1934 05 14 08 11 00 107901     1     2     7     2     6 -30.10 293.40 -46.50 127.00 0.7890 0 0
g 1934 05 14 08 11 00  11578          61   544    91   805 -30.70 271.80 -68.20 121.80 0.9410 2 0
s 1934 05 14 08 11 00  11578     1    61   544    91   805 -30.70 271.80 -68.20 121.80 0.9410 2 0
d 1934 05 15 08 32 01 GREE           152   859   148   837 2427572.85557 -21.13  -2.60
g 1934 05 15 08 32 01  11578         152   859   148   837 -31.00 271.80 -54.80 125.10 0.8580 2 0
s 1934 05 15 08 32 01  11578     1   152   859   148   837 -31.00 271.80 -54.80 125.10 0.8580 2 0
d 1934 05 16 11 12 00 GREE           183  1041   149   864 2427573.96667 -20.83  -2.47
g 1934 05 16 11 12 00 107902           5     8     3     5 -26.50 324.10  12.30 204.80 0.4510 0 0
s 1934 05 16 11 12 00 107902     1     5     8     3     5 -26.50 324.10  12.30 204.80 0.4510 0 0
g 1934 05 16 11 12 00  11578         177  1018   135   774 -31.30 270.20 -41.70 130.80 0.7530 2 0
s 1934 05 16 11 12 00  11578     1   177  1018   135   774 -31.30 270.20 -41.70 130.80 0.7530 2 0
g 1934 05 16 11 12 00  11579           1    15    11    85  25.40 229.00 -82.90  64.20 0.9960 2 3
s 1934 05 16 11 12 00  11579     1     1    15    11    85  25.40 229.00 -82.90  64.20 0.9960 2 3
d 1934 05 17 08 22 01 GREE           294  1441   253  1296 2427574.84862 -20.58  -2.37
g 1934 05 17 08 22 01  11578         264  1260   176   839 -31.30 269.20 -31.00 138.00 0.6600 2 0
s 1934 05 17 08 22 01  11578     1   264  1260   176   839 -31.30 269.20 -31.00 138.00 0.6600 2 0
g 1934 05 17 08 22 01  11579          30   181    77   457  26.90 224.80 -75.40  61.80 0.9800 2 3
s 1934 05 17 08 22 01  11579     1    30   181    77   457  26.90 224.80 -75.40  61.80 0.9800 2 3
d 1934 05 18 12 02 01 GREE           243  1447   169  1032 2427576.00140 -20.24  -2.23
g 1934 05 18 12 02 01  11578         204  1162   121   688 -30.90 269.50 -15.40 154.60 0.5350 2 0
s 1934 05 18 12 02 01  11578     1   204  1162   121   688 -30.90 269.50 -15.40 154.60 0.5350 2 0
g 1934 05 18 12 02 01  11579          39   285    48   344  26.70 224.10 -60.80  59.10 0.9100 2 3
s 1934 05 18 12 02 01  11579     1    39   285    48   344  26.70 224.10 -60.80  59.10 0.9100 2 3
d 1934 05 19 08 28 00 GREE           252  1291   169   843 2427576.85278 -19.99  -2.14
g 1934 05 19 08 28 00  11578         177   972   102   558 -31.00 269.10  -4.60 171.90 0.4900 2 0
s 1934 05 19 08 28 00  11578     1   177   972   102   558 -31.00 269.10  -4.60 171.90 0.4900 2 0
g 1934 05 19 08 28 00  11579          75   319    67   285  26.40 224.10 -49.60  55.70 0.8280 2 3
s 1934 05 19 08 28 00  11579     1    75   319    67   285  26.40 224.10 -49.60  55.70 0.8280 2 3
d 1934 05 20 03 11 01 GREE           186  1134   119   716 2427577.63265 -19.76  -2.05
g 1934 05 20 03 11 01  11578         119   761    69   439 -31.20 268.80   5.40 189.30 0.4970 2 1
s 1934 05 20 03 11 01  11578     1   119   761    69   439 -31.20 268.80   5.40 189.30 0.4970 2 1
g 1934 05 20 03 11 01  11579          67   373    50   277  26.40 224.10 -39.30  50.40 0.7390 2 3
s 1934 05 20 03 11 01  11579     1    67   373    50   277  26.40 224.10 -39.30  50.40 0.7390 2 3
d 1934 05 21 10 00 00 GREE           138   722    85   440 2427578.91667 -19.36  -1.90
g 1934 05 21 10 00 00  11578          80   395    49   240 -29.70 267.60  21.20 213.80 0.5660 2 1
s 1934 05 21 10 00 00  11578     1    80   395    49   240 -29.70 267.60  21.20 213.80 0.5660 2 1
g 1934 05 21 10 00 00  11579          58   327    36   200  26.10 224.80 -21.60  35.30 0.5740 2 1
s 1934 05 21 10 00 00  11579     1    58   327    36   200  26.10 224.80 -21.60  35.30 0.5740 2 1
d 1934 05 22 11 15 00 GREE           107   653    67   406 2427579.96875 -19.03  -1.77
g 1934 05 22 11 15 00  11578          47   274    32   187 -29.80 266.20  33.70 225.40 0.6780 2 1
s 1934 05 22 11 15 00  11578     1    47   274    32   187 -29.80 266.20  33.70 225.40 0.6780 2 1
g 1934 05 22 11 15 00  11579          54   354    31   203  26.20 224.70  -7.80  15.20 0.4880 2 1
s 1934 05 22 11 15 00  11579     1    54   354    31   203  26.20 224.70  -7.80  15.20 0.4880 2 1
g 1934 05 22 11 15 00  11580           6    25     4    16  13.30 198.90 -33.60  64.60 0.5980 1 0
s 1934 05 22 11 15 00  11580     1     6    25     4    16  13.30 198.90 -33.60  64.60 0.5980 1 0
d 1934 05 23 09 17 00 GREE           106   614    70   406 2427580.88681 -18.73  -1.66
g 1934 05 23 09 17 00  11578          38   240    31   193 -29.90 265.60  45.30 232.10 0.7830 2 1
s 1934 05 23 09 17 00  11578     1    38   240    31   193 -29.90 265.60  45.30 232.10 0.7830 2 1
g 1934 05 23 09 17 00  11579          63   360    36   205  26.40 223.80   3.50 353.40 0.4760 2 1
s 1934 05 23 09 17 00  11579     1    63   360    36   205  26.40 223.80   3.50 353.40 0.4760 2 1
g 1934 05 23 09 17 00  11580           5    14     3     8  13.20 199.60 -20.70  53.40 0.4300 1 0
s 1934 05 23 09 17 00  11580     1     5    14     3     8  13.20 199.60 -20.70  53.40 0.4300 1 0
d 1934 05 24 08 26 01 GREE            89   550    66   389 2427581.85140 -18.42  -1.55
g 1934 05 24 08 26 01  11578          30   151    31   155 -29.60 264.00  56.40 236.40 0.8720 2 1
s 1934 05 24 08 26 01  11578     1    30   151    31   155 -29.60 264.00  56.40 236.40 0.8720 2 1
g 1934 05 24 08 26 01  11579          59   399    35   234  26.40 222.40  14.80 333.80 0.5220 2 1
s 1934 05 24 08 26 01  11579     1    59   399    35   234  26.40 222.40  14.80 333.80 0.5220 2 1
d 1934 05 25 08 13 01 GREE            74   428    65   352 2427582.84237 -18.09  -1.43
g 1934 05 25 08 13 01  11578          18    84    29   131 -29.20 263.30  68.90 239.50 0.9470 2 1
s 1934 05 25 08 13 01  11578     1    18    84    29   131 -29.20 263.30  68.90 239.50 0.9470 2 1
g 1934 05 25 08 13 01  11579          56   344    36   221  26.40 222.20  27.80 318.00 0.6270 2 1
s 1934 05 25 08 13 01  11579     1    56   344    36   221  26.40 222.20  27.80 318.00 0.6270 2 1
d 1934 05 26 09 56 00 GREE            67   355    77   367 2427583.91389 -17.73  -1.30
g 1934 05 26 09 56 00  11578           8    32    32   123 -28.40 261.90  81.60 241.50 0.9910 2 1
s 1934 05 26 09 56 00  11578     1     8    32    32   123 -28.40 261.90  81.60 241.50 0.9910 2 1
g 1934 05 26 09 56 00  11579          59   323    45   244  26.20 221.40  41.10 307.70 0.7480 2 1
s 1934 05 26 09 56 00  11579     1    59   323    45   244  26.20 221.40  41.10 307.70 0.7480 2 1
d 1934 05 27 08 11 00 GREE            26   212    25   200 2427584.84097 -17.41  -1.19
g 1934 05 27 08 11 00  11579          26   212    25   200  26.30 220.60  52.60 302.50 0.8470 2 1
s 1934 05 27 08 11 00  11579     1    26   212    25   200  26.30 220.60  52.60 302.50 0.8470 2 1
d 1934 05 28 15 04 00 GREE            14    96    24   155 2427586.12778 -16.96  -1.04
g 1934 05 28 15 04 00 107903           1     4     2     5  -0.60 213.20  62.20 269.80 0.8860 0 0
s 1934 05 28 15 04 00 107903     1     1     4     2     5  -0.60 213.20  62.20 269.80 0.8860 0 0
g 1934 05 28 15 04 00  11579          13    92    22   150  26.60 220.00  69.00 298.40 0.9510 2 1
s 1934 05 28 15 04 00  11579     1    13    92    22   150  26.60 220.00  69.00 298.40 0.9510 2 1
d 1934 05 29 08 16 01 GREE             4    31    14    90 2427586.84446 -16.70  -0.95
g 1934 05 29 08 16 01  11579           4    31    14    90  26.00 219.70  78.20 296.60 0.9850 2 1
s 1934 05 29 08 16 01  11579     1     4    31    14    90  26.00 219.70  78.20 296.60 0.9850 2 1
d 1934 05 30 08 13 01 GREE             0     0     0     0 2427587.84237 -16.34  -0.83
d 1934 05 31 09 05 01 GREE             0     0     0     0 2427588.87848 -15.96  -0.71
d 1934 06 01 09 02 01 GREE             0     0     0     0 2427589.87640 -15.59  -0.59
d 1934 06 02 08 32 01 GREE             0     0     0     0 2427590.85557 -15.23  -0.47
d 1934 06 03 08 25 00 GREE             0     0     0     0 2427591.85069 -14.85  -0.35
d 1934 06 04 09 57 01 GREE             0     0     0     0 2427592.91459 -14.44  -0.22
d 1934 06 05 09 23 00 GREE             0     0     0     0 2427593.89097 -14.06  -0.10
d 1934 06 06 08 26 01 GREE             0     0     0     0 2427594.85140 -13.68   0.01
d 1934 06 07 08 15 00 GREE             0     0     0     0 2427595.84375 -13.29   0.13
d 1934 06 08 08 45 01 GREE             0     0     0     0 2427596.86459 -12.88   0.25
d 1934 06 09 09 07 00 GREE             0     0     0     0 2427597.87986 -12.46   0.38
d 1934 06 10 08 24 00 GREE             0     0     0     0 2427598.85000 -12.06   0.49
d 1934 06 11 10 46 01 GREE             0     0     0     0 2427599.94862 -11.61   0.63
d 1934 06 12 10 09 00 GREE             0     3     0     3 2427600.92292 -11.20   0.74
g 1934 06 12 10 09 00 108001           0     3     0     3 -31.70 268.40 -46.70 130.70 0.8200 0 0
s 1934 06 12 10 09 00 108001     1     0     3     0     3 -31.70 268.40 -46.70 130.70 0.8200 0 0
d 1934 06 13 08 39 01 GREE             0     0     0     0 2427601.86043 -10.81   0.86
d 1934 06 14 08 15 00 GREE             0     0     0     0 2427602.84375 -10.39   0.97
d 1934 06 15 10 37 01 GREE            19   152    31   239 2427603.94237  -9.92   1.10
g 1934 06 15 10 37 01  11581          19   152    31   239   2.90 204.00 -71.20  87.30 0.9480 2 4
s 1934 06 15 10 37 01  11581     1    19   152    31   239   2.90 204.00 -71.20  87.30 0.9480 2 4
d 1934 06 16 08 12 00 GREE            63   320    59   298 2427604.84167  -9.53   1.21
g 1934 06 16 08 12 00  11581          55   279    54   273   2.90 204.30 -59.00  87.30 0.8590 2 4
s 1934 06 16 08 12 00  11581     1    55   279    54   273   2.90 204.30 -59.00  87.30 0.8590 2 4
g 1934 06 16 08 12 00  11582           8    41     5    25 -29.30 249.90 -13.40 158.30 0.5480 2 4
s 1934 06 16 08 12 00  11582     1     8    41     5    25 -29.30 249.90 -13.40 158.30 0.5480 2 4
d 1934 06 17 08 28 00 GREE           122   540    82   364 2427605.85278  -9.10   1.33
g 1934 06 17 08 28 00  11581          83   385    59   273   3.00 204.90 -45.00  87.10 0.7090 2 4
s 1934 06 17 08 28 00  11581     1    83   385    59   273   3.00 204.90 -45.00  87.10 0.7090 2 4
g 1934 06 17 08 28 00  11582          39   155    23    91 -30.00 249.80  -0.10 179.80 0.5210 2 4
s 1934 06 17 08 28 00  11582     1    39   155    23    91 -30.00 249.80  -0.10 179.80 0.5210 2 4
d 1934 06 18 08 41 00 GREE            98   447    58   262 2427606.86181  -8.66   1.45
g 1934 06 18 08 41 00  11581          82   396    48   231   2.90 205.70 -30.90  86.70 0.5150 2 4
s 1934 06 18 08 41 00  11581     1    82   396    48   231   2.90 205.70 -30.90  86.70 0.5150 2 4
g 1934 06 18 08 41 00  11582          16    51    10    31 -29.50 249.70  13.10 201.00 0.5520 2 4
s 1934 06 18 08 41 00  11582     1    16    51    10    31 -29.50 249.70  13.10 201.00 0.5520 2 4
d 1934 06 19 11 39 01 GREE           103   496    54   259 2427607.98543  -8.17   1.58
g 1934 06 19 11 39 01  11581         103   495    54   258   2.70 205.50 -16.20  85.80 0.2810 2 4
s 1934 06 19 11 39 01  11581     1   103   495    54   258   2.70 205.50 -16.20  85.80 0.2810 2 4
g 1934 06 19 11 39 01  11582           0     1     0     1 -29.30 247.50  25.80 216.60 0.6390 2 4
s 1934 06 19 11 39 01  11582     1     0     1     0     1 -29.30 247.50  25.80 216.60 0.6390 2 4
d 1934 06 20 08 35 01 GREE           113   573    57   288 2427608.85765  -7.78   1.68
g 1934 06 20 08 35 01  11581         113   573    57   288   2.70 205.20  -4.90  78.90 0.0870 2 4
s 1934 06 20 08 35 01  11581     1   113   573    57   288   2.70 205.20  -4.90  78.90 0.0870 2 4
d 1934 06 21 10 00 00 GREE            72   439    38   228 2427609.91667  -7.31   1.81
g 1934 06 21 10 00 00  11581          70   430    36   219   2.80 206.40  10.30 275.70 0.1800 2 4
s 1934 06 21 10 00 00  11581     1    70   430    36   219   2.80 206.40  10.30 275.70 0.1800 2 4
g 1934 06 21 10 00 00  11582           2     9     2     9 -29.70 247.40  51.30 232.90 0.8520 2 4
s 1934 06 21 10 00 00  11582     1     2     9     2     9 -29.70 247.40  51.30 232.90 0.8520 2 4
d 1934 06 22 10 27 01 GREE            74   375    41   206 2427610.93543  -6.86   1.93
g 1934 06 22 10 27 01  11581          74   375    41   206   3.00 206.90  24.30 273.20 0.4130 2 9
s 1934 06 22 10 27 01  11581     1    74   375    41   206   3.00 206.90  24.30 273.20 0.4130 2 9
d 1934 06 23 11 44 00 GREE            53   319    34   204 2427611.98889  -6.39   2.05
g 1934 06 23 11 44 00  11581          53   319    34   204   2.90 207.10  38.40 272.20 0.6230 2 9
s 1934 06 23 11 44 00  11581     1    53   319    34   204   2.90 207.10  38.40 272.20 0.6230 2 9
d 1934 06 24 10 46 01 GREE            48   218    39   175 2427612.94862  -5.96   2.16
g 1934 06 24 10 46 01  11581          48   218    39   175   2.90 207.30  51.30 272.00 0.7820 2 9
s 1934 06 24 10 46 01  11581     1    48   218    39   175   2.90 207.30  51.30 272.00 0.7820 2 9
d 1934 06 25 10 23 01 GREE            31   203    37   237 2427613.93265  -5.52   2.27
g 1934 06 25 10 23 01  11581          31   203    37   237   3.20 207.40  64.40 272.50 0.9030 2 9
s 1934 06 25 10 23 01  11581     1    31   203    37   237   3.20 207.40  64.40 272.50 0.9030 2 9
d 1934 06 26 11 35 01 GREE            13    86    36   228 2427614.98265  -5.04   2.39
g 1934 06 26 11 35 01  11581          13    86    36   228   3.00 208.10  79.00 272.60 0.9820 2 9
s 1934 06 26 11 35 01  11581     1    13    86    36   228   3.00 208.10  79.00 272.60 0.9820 2 9
d 1934 06 27 08 26 01 GREE             0     0     0     0 2427615.85140  -4.65   2.49
d 1934 06 28 08 54 00 GREE             0     0     0     0 2427616.87083  -4.19   2.61
d 1934 06 29 10 58 00 GREE             0     0     0     0 2427617.95694  -3.69   2.73
d 1934 06 30 09 20 00 GREE             0     0     0     0 2427618.88889  -3.27   2.83
d 1934 07 01 08 19 01 GREE             0     0     0     0 2427619.84654  -2.83   2.94
d 1934 07 02 09 25 01 GREE             0     0     0     0 2427620.89237  -2.36   3.05
d 1934 07 03 09 17 00 GREE             0     0     0     0 2427621.88681  -1.90   3.16
d 1934 07 04 08 21 00 GREE             0     0     0     0 2427622.84792  -1.47   3.26
d 1934 07 05 08 19 01 GREE             0     0     0     0 2427623.84654  -1.01   3.37
d 1934 07 06 08 31 00 GREE             8    45    48   241 2427624.85486  -0.55   3.48
g 1934 07 06 08 31 00  11583           8    45    48   241  24.50 274.00 -84.40  65.70 0.9960 1 0
s 1934 07 06 08 31 00  11583     1     8    45    48   241  24.50 274.00 -84.40  65.70 0.9960 1 0
d 1934 07 07 08 13 01 GREE            17   118    30   199 2427625.84237  -0.10   3.58
g 1934 07 07 08 13 01  11583          17   118    30   199  24.30 272.90 -72.40  65.70 0.9550 1 0
s 1934 07 07 08 13 01  11583     1    17   118    30   199  24.30 272.90 -72.40  65.70 0.9550 1 0
d 1934 07 08 09 27 00 GREE            27   161    28   162 2427626.89375   0.38   3.69
g 1934 07 08 09 27 00  11583          27   161    28   162  24.40 273.00 -58.40  63.80 0.8670 1 0
s 1934 07 08 09 27 00  11583     1    27   161    28   162  24.40 273.00 -58.40  63.80 0.8670 1 0
d 1934 07 09 08 13 01 GREE            46   228    41   187 2427627.84237   0.81   3.79
g 1934 07 09 08 13 01  11583          45   224    35   172  24.50 272.60 -46.20  60.50 0.7570 1 0
s 1934 07 09 08 13 01  11583     1    45   224    35   172  24.50 272.60 -46.20  60.50 0.7570 1 0
g 1934 07 09 08 13 01  11584           1     4     6    15 -30.90 242.20 -76.60 122.20 0.9870 2 9
s 1934 07 09 08 13 01  11584     1     1     4     6    15 -30.90 242.20 -76.60 122.20 0.9870 2 9
d 1934 07 10 08 18 00 GREE            57   285    43   204 2427628.84583   1.26   3.89
g 1934 07 10 08 18 00  11583          51   258    33   164  24.70 272.60 -33.00  53.60 0.6170 1 0
s 1934 07 10 08 18 00  11583     1    51   258    33   164  24.70 272.60 -33.00  53.60 0.6170 1 0
g 1934 07 10 08 18 00  11584           6    27    10    40 -30.50 242.00 -63.60 124.60 0.9390 2 9
s 1934 07 10 08 18 00  11584     1     6    27    10    40 -30.50 242.00 -63.60 124.60 0.9390 2 9
d 1934 07 11 08 36 01 GREE            58   317    48   276 2427629.85834   1.72   3.99
g 1934 07 11 08 36 01  11583          49   268    28   153  24.80 272.10 -20.10  40.90 0.4780 1 0
s 1934 07 11 08 36 01  11583     1    49   268    28   153  24.80 272.10 -20.10  40.90 0.4780 1 0
g 1934 07 11 08 36 01  11584           5    14     5    14 -30.60 241.00 -51.20 129.10 0.8660 2 9
s 1934 07 11 08 36 01  11584     1     5    14     5    14 -30.60 241.00 -51.20 129.10 0.8660 2 9
g 1934 07 11 08 36 01  11585           4    35    15   109   1.90 211.60 -80.60  88.80 0.9870 1 0
s 1934 07 11 08 36 01  11585     1     4    35    15   109   1.90 211.60 -80.60  88.80 0.9870 1 0
d 1934 07 12 08 24 00 GREE            94   402    68   294 2427630.85000   2.17   4.09
g 1934 07 12 08 24 00  11583          63   289    34   156  24.80 271.90  -7.10  17.60 0.3740 1 0
s 1934 07 12 08 24 00  11583     1    63   289    34   156  24.80 271.90  -7.10  17.60 0.3740 1 0
g 1934 07 12 08 24 00  11584          18    27    16    23 -33.40 238.80 -40.20 137.80 0.8050 2 9
s 1934 07 12 08 24 00  11584     1    18    27    16    23 -33.40 238.80 -40.20 137.80 0.8050 2 9
g 1934 07 12 08 24 00  11585          13    86    18   115   1.70 211.40 -67.60  89.80 0.9260 1 0
s 1934 07 12 08 24 00  11585     1    13    86    18   115   1.70 211.40 -67.60  89.80 0.9260 1 0
d 1934 07 13 09 51 01 GREE            62   361    39   227 2427631.91043   2.64   4.20
g 1934 07 13 09 51 01  11583          44   247    24   133  24.60 271.80   6.80 342.80 0.3680 1 0
s 1934 07 13 09 51 01  11583     1    44   247    24   133  24.60 271.80   6.80 342.80 0.3680 1 0
g 1934 07 13 09 51 01  11584           5    18     4    13 -33.40 239.10 -25.90 148.90 0.7080 2 9
s 1934 07 13 09 51 01  11584     1     5    18     4    13 -33.40 239.10 -25.90 148.90 0.7080 2 9
g 1934 07 13 09 51 01  11585          13    96    11    81   1.40 211.90 -53.10  91.40 0.8020 1 0
s 1934 07 13 09 51 01  11585     1    13    96    11    81   1.40 211.90 -53.10  91.40 0.8020 1 0
d 1934 07 14 08 15 00 GREE            74   407    45   246 2427632.84375   3.06   4.29
g 1934 07 14 08 15 00  11583          51   251    29   142  24.70 271.70  19.00 319.90 0.4620 1 0
s 1934 07 14 08 15 00  11583     1    51   251    29   142  24.70 271.70  19.00 319.90 0.4620 1 0
g 1934 07 14 08 15 00  11584           1     6     1     4 -31.90 238.60 -14.10 160.70 0.6260 2 9
s 1934 07 14 08 15 00  11584     1     1     6     1     4 -31.90 238.60 -14.10 160.70 0.6260 2 9
g 1934 07 14 08 15 00  11585          22   150    15   100   1.40 211.80 -40.90  92.80 0.6580 1 0
s 1934 07 14 08 15 00  11585     1    22   150    15   100   1.40 211.80 -40.90  92.80 0.6580 1 0
d 1934 07 15 08 28 00 GREE            82   382    50   231 2427633.85278   3.51   4.39
g 1934 07 15 08 28 00  11583          51   232    32   146  24.80 271.40  32.10 306.70 0.6040 1 0
s 1934 07 15 08 28 00  11583     1    51   232    32   146  24.80 271.40  32.10 306.70 0.6040 1 0
g 1934 07 15 08 28 00  11585          31   150    18    85   1.70 211.80 -27.50  94.90 0.4650 1 0
s 1934 07 15 08 28 00  11585     1    31   150    18    85   1.70 211.80 -27.50  94.90 0.4650 1 0
d 1934 07 16 09 05 01 GREE            80   418    51   262 2427634.87848   3.97   4.48
g 1934 07 16 09 05 01  11583          38   190    29   144  25.00 271.50  45.80 299.80 0.7510 1 0
s 1934 07 16 09 05 01  11583     1    38   190    29   144  25.00 271.50  45.80 299.80 0.7510 1 0
g 1934 07 16 09 05 01  11585          42   228    22   118   1.70 211.70 -14.00 100.80 0.2480 1 0
s 1934 07 16 09 05 01  11585     1    42   228    22   118   1.70 211.70 -14.00 100.80 0.2480 1 0
d 1934 07 17 08 13 01 GREE            49   319    34   224 2427635.84237   4.40   4.58
g 1934 07 17 08 13 01  11583          18   128    18   128  25.20 271.40  58.40 296.60 0.8640 1 0
s 1934 07 17 08 13 01  11583     1    18   128    18   128  25.20 271.40  58.40 296.60 0.8640 1 0
g 1934 07 17 08 13 01  11585          31   191    16    96   1.90 211.80  -1.20 156.30 0.0510 1 0
s 1934 07 17 08 13 01  11585     1    31   191    16    96   1.90 211.80  -1.20 156.30 0.0510 1 0
d 1934 07 18 09 23 00 GREE            47   223    42   201 2427636.89097   4.86   4.67
g 1934 07 18 09 23 00  11583          16    77    26   126  25.50 271.10  72.00 295.30 0.9510 1 0
s 1934 07 18 09 23 00  11583     1    16    77    26   126  25.50 271.10  72.00 295.30 0.9510 1 0
g 1934 07 18 09 23 00  11585          31   146    16    75   2.10 211.70  12.60 258.70 0.2230 1 0
s 1934 07 18 09 23 00  11585     1    31   146    16    75   2.10 211.70  12.60 258.70 0.2230 1 0
d 1934 07 19 08 19 01 GREE            29   170    33   259 2427637.84654   5.28   4.76
g 1934 07 19 08 19 01  11583           4    48    19   191  25.40 270.70  84.20 295.00 0.9920 1 0
s 1934 07 19 08 19 01  11583     1     4    48    19   191  25.40 270.70  84.20 295.00 0.9920 1 0
g 1934 07 19 08 19 01  11585          25   122    14    68   2.10 211.70  25.20 264.70 0.4300 1 0
s 1934 07 19 08 19 01  11585     1    25   122    14    68   2.10 211.70  25.20 264.70 0.4300 1 0
d 1934 07 20 08 25 00 GREE             9    43     6    28 2427638.85069   5.72   4.85
g 1934 07 20 08 25 00  11585           9    43     6    28   2.00 211.90  38.70 267.10 0.6280 1 0
s 1934 07 20 08 25 00  11585     1     9    43     6    28   2.00 211.90  38.70 267.10 0.6280 1 0
d 1934 07 21 10 13 00 GREE             2     8     2     7 2427639.92569   6.19   4.95
g 1934 07 21 10 13 00  11585           2     8     2     7   1.70 212.10  53.10 268.40 0.8020 1 0
s 1934 07 21 10 13 00  11585     1     2     8     2     7   1.70 212.10  53.10 268.40 0.8020 1 0
d 1934 07 22 09 12 01 GREE             0     0     0     0 2427640.88334   6.60   5.03
d 1934 07 23 09 17 00 GREE             0     0     0     0 2427641.88681   7.03   5.12
d 1934 07 24 10 50 01 GREE             2     6     2     6 2427642.95140   7.49   5.21
g 1934 07 24 10 50 01  11586           2     6     2     6 -24.30  71.10 -47.80 124.60 0.8230 1 0
s 1934 07 24 10 50 01  11586     1     2     6     2     6 -24.30  71.10 -47.80 124.60 0.8230 1 0
d 1934 07 25 08 19 01 GREE             5    11     4     8 2427643.84654   7.87   5.28
g 1934 07 25 08 19 01  11586           5    11     4     8 -24.10  73.00 -34.10 132.90 0.7010 1 0
s 1934 07 25 08 19 01  11586     1     5    11     4     8 -24.10  73.00 -34.10 132.90 0.7010 1 0
d 1934 07 26 08 32 01 GREE             4     9     3     6 2427644.85557   8.29   5.37
g 1934 07 26 08 32 01  11586           4     9     3     6 -25.30  72.00 -21.70 146.50 0.6070 1 0
s 1934 07 26 08 32 01  11586     1     4     9     3     6 -25.30  72.00 -21.70 146.50 0.6070 1 0
d 1934 07 27 08 19 01 GREE             0     0     0     0 2427645.84654   8.71   5.44
d 1934 07 28 11 09 01 GREE             5    21     3    12 2427646.96459   9.17   5.53
g 1934 07 28 11 09 01 108101           5    13     3     7  11.40  52.40 -13.40  65.00 0.2510 0 0
s 1934 07 28 11 09 01 108101     1     5    13     3     7  11.40  52.40 -13.40  65.00 0.2510 0 0
g 1934 07 28 11 09 01  11586           0     8     0     5 -24.60  72.90   7.10 192.60 0.5150 1 0
s 1934 07 28 11 09 01  11586     1     0     8     0     5 -24.60  72.90   7.10 192.60 0.5150 1 0
d 1934 07 29 10 37 01 GREE             1     4     1     3 2427647.94237   9.57   5.61
g 1934 07 29 10 37 01  11586           1     4     1     3 -24.30  72.20  19.30 211.40 0.5810 1 0
s 1934 07 29 10 37 01  11586     1     1     4     1     3 -24.30  72.20  19.30 211.40 0.5810 1 0
d 1934 07 30 09 54 01 GREE             0     0     0     0 2427648.91251   9.97   5.68
d 1934 07 31 13 50 01 GREE             0     0     0     0 2427650.07640  10.44   5.77
d 1934 08 01 08 05 00 GREE             0     0     0     0 2427650.83681  10.75   5.82
d 1934 08 02 09 12 01 GREE             0     0     0     0 2427651.88334  11.16   5.90
d 1934 08 03 08 09 01 GREE             0     0     0     0 2427652.83959  11.54   5.97
d 1934 08 04 08 09 01 GREE             0     0     0     0 2427653.83959  11.93   6.03
d 1934 08 05 09 17 00 GREE             0     0     0     0 2427654.88681  12.34   6.10
d 1934 08 06 02 55 01 GREE             0     0     0     0 2427655.62154  12.62   6.15
d 1934 08 07 08 47 00 GREE            26   168    47   298 2427656.86597  13.10   6.23
g 1934 08 07 08 47 00  11587          26   168    47   298 -28.90 227.90 -67.00 122.70 0.9590 1 0
s 1934 08 07 08 47 00  11587     1    26   168    47   298 -28.90 227.90 -67.00 122.70 0.9590 1 0
d 1934 08 08 13 06 00 GREE            47   276    49   287 2427658.04583  13.54   6.30
g 1934 08 08 13 06 00  11587          47   276    49   287 -28.90 227.50 -51.80 128.10 0.8760 1 0
s 1934 08 08 13 06 00  11587     1    47   276    49   287 -28.90 227.50 -51.80 128.10 0.8760 1 0
d 1934 08 09 09 44 01 GREE            61   320    51   268 2427658.90557  13.86   6.35
g 1934 08 09 09 44 01  11587          61   320    51   268 -29.00 226.90 -41.00 134.10 0.8010 1 0
s 1934 08 09 09 44 01  11587     1    61   320    51   268 -29.00 226.90 -41.00 134.10 0.8010 1 0
d 1934 08 10 10 52 00 GREE            51   348    36   244 2427659.95278  14.24   6.41
g 1934 08 10 10 52 00  11587          51   348    36   244 -29.00 226.70 -27.40 144.70 0.6990 1 0
s 1934 08 10 10 52 00  11587     1    51   348    36   244 -29.00 226.70 -27.40 144.70 0.6990 1 0
d 1934 08 11 14 24 00 GREE            73   394    47   251 2427661.10000  14.66   6.48
g 1934 08 11 14 24 00  11587          73   394    47   251 -29.40 225.80 -13.10 161.30 0.6190 1 0
s 1934 08 11 14 24 00  11587     1    73   394    47   251 -29.40 225.80 -13.10 161.30 0.6190 1 0
d 1934 08 12 15 38 01 GREE            80   440    50   272 2427662.15140  15.03   6.53
g 1934 08 12 15 38 01  11587          72   408    45   253 -29.50 225.40   0.40 180.60 0.5910 1 0
s 1934 08 12 15 38 01  11587     1    72   408    45   253 -29.50 225.40   0.40 180.60 0.5910 1 0
g 1934 08 12 15 38 01  11588           8    32     5    19   4.10 194.40 -30.60  92.80 0.5110 2 4
s 1934 08 12 15 38 01  11588     1     8    32     5    19   4.10 194.40 -30.60  92.80 0.5110 2 4
d 1934 08 13 08 55 01 GREE            81   423    50   261 2427662.87154  15.29   6.57
g 1934 08 13 08 55 01  11587          68   367    43   231 -29.40 224.80   9.30 193.50 0.6060 1 0
s 1934 08 13 08 55 01  11587     1    68   367    43   231 -29.40 224.80   9.30 193.50 0.6060 1 0
g 1934 08 13 08 55 01  11588          13    56     7    30   4.20 195.00 -20.50  95.70 0.3520 2 4
s 1934 08 13 08 55 01  11588     1    13    56     7    30   4.20 195.00 -20.50  95.70 0.3520 2 4
d 1934 08 14 11 18 00 GREE            67   413    44   267 2427663.97083  15.67   6.63
g 1934 08 14 11 18 00  11587          54   332    37   226 -29.30 224.60  23.60 211.10 0.6780 1 0
s 1934 08 14 11 18 00  11587     1    54   332    37   226 -29.30 224.60  23.60 211.10 0.6780 1 0
g 1934 08 14 11 18 00  11588          13    81     7    41   3.90 196.00  -5.00 118.30 0.0990 2 4
s 1934 08 14 11 18 00  11588     1    13    81     7    41   3.90 196.00  -5.00 118.30 0.0990 2 4
d 1934 08 15 08 15 00 GREE            48   318    36   231 2427664.84375  15.97   6.67
g 1934 08 15 08 15 00  11587          41   269    32   206 -29.30 223.80  34.40 220.80 0.7560 1 0
s 1934 08 15 08 15 00  11587     1    41   269    32   206 -29.30 223.80  34.40 220.80 0.7560 1 0
g 1934 08 15 08 15 00  11588           7    49     4    25   3.70 196.40   7.00 247.20 0.1320 2 4
s 1934 08 15 08 15 00  11588     1     7    49     4    25   3.70 196.40   7.00 247.20 0.1320 2 4
d 1934 08 16 13 17 01 GREE            58   299    47   237 2427666.05348  16.39   6.73
g 1934 08 16 13 17 01  11587          31   158    32   160 -29.10 223.70  50.30 230.80 0.8690 1 0
s 1934 08 16 13 17 01  11587     1    31   158    32   160 -29.10 223.70  50.30 230.80 0.8690 1 0
g 1934 08 16 13 17 01  11588          27   141    15    77   3.80 196.60  23.20 264.20 0.3960 2 4
s 1934 08 16 13 17 01  11588     1    27   141    15    77   3.80 196.60  23.20 264.20 0.3960 2 4
d 1934 08 17 10 13 00 GREE            24   150    24   166 2427666.92569  16.68   6.76
g 1934 08 17 10 13 00  11587          10    91    15   130 -29.30 223.30  61.40 235.00 0.9360 1 0
s 1934 08 17 10 13 00  11587     1    10    91    15   130 -29.30 223.30  61.40 235.00 0.9360 1 0
g 1934 08 17 10 13 00  11588          14    59     9    36   4.00 196.20  34.30 267.00 0.5650 2 4
s 1934 08 17 10 13 00  11588     1    14    59     9    36   4.00 196.20  34.30 267.00 0.5650 2 4
d 1934 08 18 08 36 01 GREE            16    60    30   138 2427667.85834  16.99   6.80
g 1934 08 18 08 36 01  11587           8    47    24   128 -29.10 223.20  73.60 238.60 0.9830 1 0
s 1934 08 18 08 36 01  11587     1     8    47    24   128 -29.10 223.20  73.60 238.60 0.9830 1 0
g 1934 08 18 08 36 01  11588           8    13     6    10   4.10 195.80  46.20 269.20 0.7220 2 4
s 1934 08 18 08 36 01  11588     1     8    13     6    10   4.10 195.80  46.20 269.20 0.7220 2 4
d 1934 08 19 11 12 00 GREE             0     9     0    10 2427668.96667  17.35   6.85
g 1934 08 19 11 12 00  11588           0     9     0    10   5.20 196.10  61.20 272.10 0.8750 2 4
s 1934 08 19 11 12 00  11588     1     0     9     0    10   5.20 196.10  61.20 272.10 0.8750 2 4
d 1934 08 20 10 32 00 GREE             0     0     0     0 2427669.93889  17.66   6.89
d 1934 08 21 08 15 00 GREE             0     0     0     0 2427670.84375  17.95   6.92
d 1934 08 22 08 18 00 GREE             0     0     0     0 2427671.84583  18.26   6.96
d 1934 08 23 08 18 00 GREE             1     4     3     8 2427672.84583  18.57   6.99
g 1934 08 23 08 18 00  11589           1     4     3     8 -27.60  17.80 -65.90 121.90 0.9540 2 4
s 1934 08 23 08 18 00  11589     1     1     4     3     8 -27.60  17.80 -65.90 121.90 0.9540 2 4
d 1934 08 24 08 15 00 GREE            14    35    16    41 2427673.84375  18.87   7.02
g 1934 08 24 08 15 00  11589          14    35    16    41 -28.00  15.20 -55.30 126.00 0.8990 2 4
s 1934 08 24 08 15 00  11589     1    14    35    16    41 -28.00  15.20 -55.30 126.00 0.8990 2 4
d 1934 08 25 08 24 00 GREE             0     0     0     0 2427674.85000  19.17   7.05
d 1934 08 26 08 39 01 GREE             0     0     0     0 2427675.86043  19.46   7.08
d 1934 08 27 14 05 00 GREE             7    15     4     8 2427677.08681  19.81   7.11
g 1934 08 27 14 05 00  11590           7    15     4     8  17.90  44.30  16.70 305.30 0.3360 2 0
s 1934 08 27 14 05 00  11590     1     7    15     4     8  17.90  44.30  16.70 305.30 0.3360 2 0
d 1934 08 28 08 15 00 GREE             0     0     0     0 2427677.84375  20.02   7.13
d 1934 08 29 08 29 01 GREE             0     0     0     0 2427678.85348  20.30   7.15
d 1934 08 30 09 44 01 GREE             2     5     2     5 2427679.90557  20.58   7.17
g 1934 08 30 09 44 01  11590           2     5     2     5  17.20  48.50  58.10 285.80 0.8450 2 0
s 1934 08 30 09 44 01  11590     1     2     5     2     5  17.20  48.50  58.10 285.80 0.8450 2 0
d 1934 08 31 08 16 01 GREE             0     0     0     0 2427680.84446  20.83   7.19
d 1934 09 01 08 18 00 GREE             5    13    11    30 2427681.84583  21.09   7.20
g 1934 09 01 08 18 00 108301           5    13    11    30 -19.40 252.00 -72.80 112.00 0.9730 0 0
s 1934 09 01 08 18 00 108301     1     5    13    11    30 -19.40 252.00 -72.80 112.00 0.9730 0 0
d 1934 09 02 08 15 00 GREE             2     4     2     4 2427682.84375  21.35   7.21
g 1934 09 02 08 15 00  11591           2     4     2     4  21.30 256.20 -55.40  69.00 0.8240 5 0
s 1934 09 02 08 15 00  11591     1     2     4     2     4  21.30 256.20 -55.40  69.00 0.8240 5 0
d 1934 09 03 11 38 00 GREE             4    16     3    11 2427683.98472  21.63   7.23
g 1934 09 03 11 38 00  11591           4    16     3    11  20.60 256.80 -39.70  66.60 0.6540 5 0
s 1934 09 03 11 38 00  11591     1     4    16     3    11  20.60 256.80 -39.70  66.60 0.6540 5 0
d 1934 09 04 08 16 01 GREE             0     0     0     0 2427684.84446  21.84   7.23
d 1934 09 05 08 35 01 GREE             0     0     0     0 2427685.85765  22.08   7.24
d 1934 09 06 08 19 01 GREE             0     0     0     0 2427686.84654  22.30   7.25
d 1934 09 07 08 25 00 GREE             0     0     0     0 2427687.85069  22.53   7.25
d 1934 09 08 08 49 01 GREE             0     0     0     0 2427688.86737  22.75   7.25
d 1934 09 09 08 54 00 GREE             0     0     0     0 2427689.87083  22.97   7.25
d 1934 09 10 08 18 00 GREE             0     0     0     0 2427690.84583  23.17   7.25
d 1934 09 11 08 12 00 GREE             0     0     0     0 2427691.84167  23.37   7.24
d 1934 09 12 09 08 01 GREE             9    15     6    10 2427692.88057  23.57   7.23
g 1934 09 12 09 08 01  11592           9    15     6    10 -29.80 172.70  -6.40 170.80 0.6110 2 0
s 1934 09 12 09 08 01  11592     1     9    15     6    10 -29.80 172.70  -6.40 170.80 0.6110 2 0
d 1934 09 13 10 27 01 GREE             4     9     3     6 2427693.93543  23.77   7.22
g 1934 09 13 10 27 01  11592           4     9     3     6 -29.00 174.20   9.10 193.20 0.6080 2 0
s 1934 09 13 10 27 01  11592     1     4     9     3     6 -29.00 174.20   9.10 193.20 0.6080 2 0
d 1934 09 14 08 16 01 GREE             0     0     0     0 2427694.84446  23.94   7.21
d 1934 09 15 08 24 00 GREE            27   110    24    98 2427695.85000  24.12   7.20
g 1934 09 15 08 24 00  11592           5    18     4    14 -28.50 173.40  33.60 220.70 0.7480 2 0
s 1934 09 15 08 24 00  11592     1     5    18     4    14 -28.50 173.40  33.60 220.70 0.7480 2 0
g 1934 09 15 08 24 00  11593          22    92    20    84   7.10 196.50  56.70 273.70 0.8330 2 9
s 1934 09 15 08 24 00  11593     1    22    92    20    84   7.10 196.50  56.70 273.70 0.8330 2 9
d 1934 09 16 08 35 01 GREE            26   154    38   223 2427696.85765  24.29   7.18
g 1934 09 16 08 35 01  11592           2     5     2     5 -28.20 176.10  49.60 231.10 0.8640 2 0
s 1934 09 16 08 35 01  11592     1     2     5     2     5 -28.20 176.10  49.60 231.10 0.8640 2 0
g 1934 09 16 08 35 01  11593          24   149    36   218   7.10 196.80  70.30 274.90 0.9390 2 9
s 1934 09 16 08 35 01  11593     1    24   149    36   218   7.10 196.80  70.30 274.90 0.9390 2 9
d 1934 09 17 08 19 01 GREE            12    43    39   136 2427697.84654  24.45   7.16
g 1934 09 17 08 19 01  11593          12    43    39   136   6.80 194.70  81.20 275.70 0.9870 2 9
s 1934 09 17 08 19 01  11593     1    12    43    39   136   6.80 194.70  81.20 275.70 0.9870 2 9
d 1934 09 18 14 16 01 GREE             0     0     0     0 2427699.09446  24.65   7.14
d 1934 09 19 08 05 00 GREE             0     0     0     0 2427699.83681  24.76   7.12
d 1934 09 20 11 11 00 GREE             0     0     0     0 2427700.96597  24.92   7.09
d 1934 09 21 11 06 01 GREE             0     0     0     0 2427701.96251  25.06   7.07
d 1934 09 22 02 45 01 GREE             0     0     0     0 2427702.61459  25.15   7.05
d 1934 09 23 09 04 00 GREE             0     0     0     0 2427703.87778  25.31   7.01
d 1934 09 24 10 29 00 GREE             0     2     0     2 2427704.93681  25.44   6.97
g 1934 09 24 10 29 00  11594           0     2     0     2  23.50 332.00 -47.90  64.80 0.7550 1 0
s 1934 09 24 10 29 00  11594     1     0     2     0     2  23.50 332.00 -47.90  64.80 0.7550 1 0
d 1934 09 25 08 15 00 GREE             0     0     0     0 2427705.84375  25.54   6.94
d 1934 09 26 11 11 00 GREE             1     3     1     2 2427706.96597  25.66   6.90
g 1934 09 26 11 11 00 108401           1     3     1     2  28.80 323.50 -29.60  48.20 0.5830 0 0
s 1934 09 26 11 11 00 108401     1     1     3     1     2  28.80 323.50 -29.60  48.20 0.5830 0 0
d 1934 09 27 11 06 01 GREE             0     0     0     0 2427707.96251  25.75   6.86
d 1934 09 28 10 07 01 GREE             9    17     5     9 2427708.92154  25.84   6.82
g 1934 09 28 10 07 01  11594           9    17     5     9  23.00 329.80   2.50 351.80 0.2830 1 0
s 1934 09 28 10 07 01  11594     1     9    17     5     9  23.00 329.80   2.50 351.80 0.2830 1 0
d 1934 09 29 08 08 00 GREE             7    31     6    23 2427709.83889  25.92   6.78
g 1934 09 29 08 08 00  11594           5    25     3    14  23.10 330.70  15.50 319.30 0.3780 1 0
s 1934 09 29 08 08 00  11594     1     5    25     3    14  23.10 330.70  15.50 319.30 0.3780 1 0
g 1934 09 29 08 08 00  11595           2     6     3     9 -12.00 247.40 -67.80 105.50 0.9410 5 2
s 1934 09 29 08 08 00  11595     1     2     6     3     9 -12.00 247.40 -67.80 105.50 0.9410 5 2
d 1934 09 30 08 42 01 GREE            28   126    18    78 2427710.86251  26.00   6.74
g 1934 09 30 08 42 01 108402           1     3     1     2 -22.20 287.60 -14.10 154.80 0.5330 0 0
s 1934 09 30 08 42 01 108402     1     1     3     1     2 -22.20 287.60 -14.10 154.80 0.5330 0 0
g 1934 09 30 08 42 01  11594          25   115    15    68  23.20 330.20  28.50 304.10 0.5320 1 4
s 1934 09 30 08 42 01  11594     1    25   115    15    68  23.20 330.20  28.50 304.10 0.5320 1 4
g 1934 09 30 08 42 01  11595           2     8     2     8 -11.90 247.00 -54.70 108.80 0.8460 5 0
s 1934 09 30 08 42 01  11595     1     2     8     2     8 -11.90 247.00 -54.70 108.80 0.8460 5 0
d 1934 10 01 10 33 01 GREE             8    23    21    53 2427711.93959  26.08   6.69
g 1934 10 01 10 33 01 108403           7    19    20    50 -28.40   0.60  73.10 239.20 0.9810 0 0
s 1934 10 01 10 33 01 108403     1     7    19    20    50 -28.40   0.60  73.10 239.20 0.9810 0 0
g 1934 10 01 10 33 01  11594           1     4     1     3  22.50 332.00  44.50 295.00 0.7170 1 0
s 1934 10 01 10 33 01  11594     1     1     4     1     3  22.50 332.00  44.50 295.00 0.7170 1 0
d 1934 10 02 03 36 00 GREE             0     0     0     0 2427712.65000  26.12   6.65
d 1934 10 03 08 54 00 GREE             1     3     1     2 2427713.87083  26.20   6.59
g 1934 10 03 08 54 00  11596           1     3     1     2 -12.00 248.90 -13.10 145.00 0.3880 5 0
s 1934 10 03 08 54 00  11596     1     1     3     1     2 -12.00 248.90 -13.10 145.00 0.3880 5 0
d 1934 10 04 08 16 01 GREE             3    15     2     8 2427714.84446  26.25   6.54
g 1934 10 04 08 16 01  11596           3    15     2     8 -12.60 243.10  -6.00 162.60 0.3430 5 0
s 1934 10 04 08 16 01  11596     1     3    15     2     8 -12.60 243.10  -6.00 162.60 0.3430 5 0
d 1934 10 05 08 15 00 GREE             0     0     0     0 2427715.84375  26.29   6.48
d 1934 10 06 08 15 00 GREE             0     0     0     0 2427716.84375  26.33   6.43
d 1934 10 07 09 07 00 GREE             0     0     0     0 2427717.87986  26.36   6.36
d 1934 10 08 10 48 00 GREE             0     0     0     0 2427718.95000  26.38   6.30
d 1934 10 09 10 46 01 GREE             0     0     0     0 2427719.94862  26.39   6.24
d 1934 10 10 09 23 00 GREE             0     0     0     0 2427720.89097  26.40   6.18
d 1934 10 11 09 11 01 GREE             3     8    19    43 2427721.88265  26.40   6.11
g 1934 10 11 09 11 01  11597           3     8    19    43 -23.20  75.60 -80.70 114.20 0.9950 1 0
s 1934 10 11 09 11 01  11597     1     3     8    19    43 -23.20  75.60 -80.70 114.20 0.9950 1 0
d 1934 10 12 09 07 00 GREE            11    30    18    50 2427722.87986  26.39   6.04
g 1934 10 12 09 07 00  11597          11    30    18    50 -23.00  75.80 -67.40 116.60 0.9520 1 0
s 1934 10 12 09 07 00  11597     1    11    30    18    50 -23.00  75.80 -67.40 116.60 0.9520 1 0
d 1934 10 13 13 03 00 GREE            13    56    13    56 2427724.04375  26.38   5.96
g 1934 10 13 13 03 00  11597          13    56    13    56 -23.00  74.60 -53.20 121.20 0.8630 1 2
s 1934 10 13 13 03 00  11597     1    13    56    13    56 -23.00  74.60 -53.20 121.20 0.8630 1 2
d 1934 10 14 09 07 00 GREE            10    42     8    33 2427724.87986  26.36   5.90
g 1934 10 14 09 07 00  11597          10    42     8    33 -22.80  75.70 -41.10 127.00 0.7620 1 0
s 1934 10 14 09 07 00  11597     1    10    42     8    33 -22.80  75.70 -41.10 127.00 0.7620 1 0
d 1934 10 15 10 42 00 GREE            12    27     8    18 2427725.94583  26.32   5.82
g 1934 10 15 10 42 00  11597          12    27     8    18 -22.60  75.20 -27.50 137.50 0.6340 1 0
s 1934 10 15 10 42 00  11597     1    12    27     8    18 -22.60  75.20 -27.50 137.50 0.6340 1 0
d 1934 10 16 09 27 00 GREE             8    27     5    16 2427726.89375  26.29   5.75
g 1934 10 16 09 27 00  11597           8    27     5    16 -22.60  75.20 -15.00 153.10 0.5300 1 0
s 1934 10 16 09 27 00  11597     1     8    27     5    16 -22.60  75.20 -15.00 153.10 0.5300 1 0
d 1934 10 17 09 27 00 GREE             3    10     2     6 2427727.89375  26.24   5.67
g 1934 10 17 09 27 00  11597           3    10     2     6 -22.50  75.50  -1.50 177.00 0.4750 1 0
s 1934 10 17 09 27 00  11597     1     3    10     2     6 -22.50  75.50  -1.50 177.00 0.4750 1 0
d 1934 10 18 08 48 00 GREE             8    15     5     9 2427728.86667  26.19   5.59
g 1934 10 18 08 48 00  11597           8    15     5     9 -22.50  75.70  11.50 201.40 0.5050 1 0
s 1934 10 18 08 48 00  11597     1     8    15     5     9 -22.50  75.70  11.50 201.40 0.5050 1 0
d 1934 10 19 11 36 01 GREE            12    27    10    21 2427729.98334  26.12   5.50
g 1934 10 19 11 36 01 108404           1     3     3     7 -28.30 117.00  67.60 238.20 0.9590 0 0
s 1934 10 19 11 36 01 108404     1     1     3     3     7 -28.30 117.00  67.60 238.20 0.9590 0 0
g 1934 10 19 11 36 01 108405           5    13     3     7 -15.50  52.90   3.50 189.30 0.3640 0 0
s 1934 10 19 11 36 01 108405     1     5    13     3     7 -15.50  52.90   3.50 189.30 0.3640 0 0
g 1934 10 19 11 36 01  11597           6    11     4     7 -22.50  75.30  25.90 221.20 0.6150 1 0
s 1934 10 19 11 36 01  11597     1     6    11     4     7 -22.50  75.30  25.90 221.20 0.6150 1 0
d 1934 10 20 09 01 00 GREE             0    11     0     8 2427730.87569  26.06   5.43
g 1934 10 20 09 01 00  11597           0    11     0     8 -22.80  74.60  36.90 230.50 0.7200 1 0
s 1934 10 20 09 01 00  11597     1     0    11     0     8 -22.80  74.60  36.90 230.50 0.7200 1 0
d 1934 10 21 09 50 00 GREE             0     0     0     0 2427731.90972  25.99   5.34
d 1934 10 22 10 27 01 GREE             1     3     1     2 2427732.93543  25.90   5.25
g 1934 10 22 10 27 01  11598           1     3     1     2  24.00 343.30 -27.20  51.70 0.5340 2 0
s 1934 10 22 10 27 01  11598     1     1     3     1     2  24.00 343.30 -27.20  51.70 0.5340 2 0
d 1934 10 23 09 15 01 GREE            11    16     6     9 2427733.88543  25.81   5.17
g 1934 10 23 09 15 01  11598          11    16     6     9  24.40 344.80 -13.20  32.20 0.3930 2 2
s 1934 10 23 09 15 01  11598     1    11    16     6     9  24.40 344.80 -13.20  32.20 0.3930 2 2
d 1934 10 24 11 24 00 GREE             0     0     0     0 2427734.97500  25.70   5.07
d 1934 10 25 10 07 01 GREE             3    16    13    56 2427735.92154  25.60   4.99
g 1934 10 25 10 07 01  11599           3    16    13    56   4.90 249.50 -81.60  85.80 0.9890 1 0
s 1934 10 25 10 07 01  11599     1     3    16    13    56   4.90 249.50 -81.60  85.80 0.9890 1 0
d 1934 10 26 09 25 01 GREE             8    41    12    57 2427736.89237  25.49   4.90
g 1934 10 26 09 25 01  11599           8    41    12    57   4.50 249.60 -68.70  87.10 0.9320 1 0
s 1934 10 26 09 25 01  11599     1     8    41    12    57   4.50 249.60 -68.70  87.10 0.9320 1 0
d 1934 10 27 10 27 01 GREE            11    33    10    29 2427737.93543  25.36   4.80
g 1934 10 27 10 27 01  11599          11    33    10    29   4.50 249.50 -55.10  87.90 0.8200 1 0
s 1934 10 27 10 27 01  11599     1    11    33    10    29   4.50 249.50 -55.10  87.90 0.8200 1 0
d 1934 10 28 10 45 00 GREE             7    23     5    16 2427738.94792  25.23   4.70
g 1934 10 28 10 45 00  11599           7    23     5    16   4.10 249.50 -41.70  89.10 0.6660 1 0
s 1934 10 28 10 45 00  11599     1     7    23     5    16   4.10 249.50 -41.70  89.10 0.6660 1 0
d 1934 10 29 09 15 01 GREE             8    26     5    15 2427739.88543  25.10   4.61
g 1934 10 29 09 15 01  11599           8    26     5    15   3.80 249.70 -29.20  90.50 0.4880 1 0
s 1934 10 29 09 15 01  11599     1     8    26     5    15   3.80 249.70 -29.20  90.50 0.4880 1 0
d 1934 10 30 09 57 01 GREE            16    47     9    26 2427740.91459  24.95   4.51
g 1934 10 30 09 57 01  11599          13    30     7    16   3.60 250.30 -15.00  93.20 0.2600 1 0
s 1934 10 30 09 57 01  11599     1    13    30     7    16   3.60 250.30 -15.00  93.20 0.2600 1 0
g 1934 10 30 09 57 01  11600           3    17     2    10 -22.10 269.00   3.70 187.60 0.4540 5 1
s 1934 10 30 09 57 01  11600     1     3    17     2    10 -22.10 269.00   3.70 187.60 0.4540 5 1
d 1934 10 31 11 06 01 GREE             4    48    14   120 2427741.96251  24.79   4.41
g 1934 10 31 11 06 01  11599           1    15     1     8   3.70 251.10  -0.40 147.20 0.0140 1 0
s 1934 10 31 11 06 01  11599     1     1    15     1     8   3.70 251.10  -0.40 147.20 0.0140 1 0
g 1934 10 31 11 06 01  11601           3    33    13   112  22.30 169.00 -82.50  68.10 0.9890 2 6
s 1934 10 31 11 06 01  11601     1     3    33    13   112  22.30 169.00 -82.50  68.10 0.9890 2 6
d 1934 11 01 09 36 00 GREE            20   216    36   378 2427742.90000  24.64   4.31
g 1934 11 01 09 36 00  11601          20   216    36   378  23.70 165.60 -73.50  66.50 0.9580 2 6
s 1934 11 01 09 36 00  11601     1    20   216    36   378  23.70 165.60 -73.50  66.50 0.9580 2 6
d 1934 11 02 10 27 01 GREE            30   277    32   294 2427743.93543  24.46   4.21
g 1934 11 02 10 27 01  11601          30   277    32   294  23.90 164.60 -60.80  65.10 0.8820 2 6
s 1934 11 02 10 27 01  11601     1    30   277    32   294  23.90 164.60 -60.80  65.10 0.8820 2 6
d 1934 11 03 10 35 00 GREE            56   293    44   226 2427744.94097  24.28   4.10
g 1934 11 03 10 35 00  11600           2     4     2     4 -23.20 266.50  54.30 240.00 0.8640 5 0
s 1934 11 03 10 35 00  11600     1     2     4     2     4 -23.20 266.50  54.30 240.00 0.8640 5 0
g 1934 11 03 10 35 00  11601          54   289    42   222  23.40 165.40 -46.80  62.30 0.7580 2 6
s 1934 11 03 10 35 00  11601     1    54   289    42   222  23.40 165.40 -46.80  62.30 0.7580 2 6
d 1934 11 04 09 28 01 GREE            44   327    28   208 2427745.89446  24.11   4.00
g 1934 11 04 09 28 01  11601          44   327    28   208  23.20 165.60 -34.00  56.50 0.6180 2 6
s 1934 11 04 09 28 01  11601     1    44   327    28   208  23.20 165.60 -34.00  56.50 0.6180 2 6
d 1934 11 05 07 27 01 GREE            47   253    27   145 2427746.81043  23.93   3.90
g 1934 11 05 07 27 01  11601          47   253    27   145  23.30 165.40 -22.10  45.70 0.4840 2 6
s 1934 11 05 07 27 01  11601     1    47   253    27   145  23.30 165.40 -22.10  45.70 0.4840 2 6
d 1934 11 06 09 54 01 GREE            37   173    20    93 2427747.91251  23.71   3.79
g 1934 11 06 09 54 01  11601          37   173    20    93  23.30 165.40  -7.60  19.90 0.3580 2 6
s 1934 11 06 09 54 01  11601     1    37   173    20    93  23.30 165.40  -7.60  19.90 0.3580 2 6
d 1934 11 07 09 59 00 GREE            33   167    18    89 2427748.91597  23.50   3.68
g 1934 11 07 09 59 00  11601          33   167    18    89  23.00 165.70   5.90 343.90 0.3450 2 6
s 1934 11 07 09 59 00  11601     1    33   167    18    89  23.00 165.70   5.90 343.90 0.3450 2 6
d 1934 11 08 08 58 01 GREE            21   123    12    70 2427749.87362  23.29   3.57
g 1934 11 08 08 58 01  11601          21   123    12    70  22.80 168.10  20.90 315.40 0.4710 2 5
s 1934 11 08 08 58 01  11601     1    21   123    12    70  22.80 168.10  20.90 315.40 0.4710 2 5
d 1934 11 09 09 51 01 GREE            20   122    13    76 2427750.91043  23.06   3.46
g 1934 11 09 09 51 01  11601          20   122    13    76  23.30 165.10  31.60 305.80 0.5960 2 5
s 1934 11 09 09 51 01  11601     1    20   122    13    76  23.30 165.10  31.60 305.80 0.5960 2 5
d 1934 11 10 08 44 00 GREE            13    89    10    68 2427751.86389  22.83   3.35
g 1934 11 10 08 44 00  11601          13    89    10    68  22.50 167.40  46.50 297.20 0.7560 2 5
s 1934 11 10 08 44 00  11601     1    13    89    10    68  22.50 167.40  46.50 297.20 0.7560 2 5
d 1934 11 11 10 29 00 GREE             3    15     4    16 2427752.93681  22.58   3.23
g 1934 11 11 10 29 00  11601           3    15     4    16  22.10 167.40  60.60 293.40 0.8820 2 5
s 1934 11 11 10 29 00  11601     1     3    15     4    16  22.10 167.40  60.60 293.40 0.8820 2 5
d 1934 11 12 10 26 00 GREE             8    12    16    23 2427753.93472  22.33   3.11
g 1934 11 12 10 26 00  11601           8    12    16    23  21.70 167.00  73.40 291.70 0.9600 2 5
s 1934 11 12 10 26 00  11601     1     8    12    16    23  21.70 167.00  73.40 291.70 0.9600 2 5
d 1934 11 13 10 20 01 GREE             0     0     0     0 2427754.93057  22.07   3.00
d 1934 11 14 09 37 00 GREE             0     0     0     0 2427755.90069  21.82   2.89
d 1934 11 15 11 58 01 GREE             0     0     0     0 2427756.99862  21.52   2.76
d 1934 11 16 10 40 01 GREE             0     0     0     0 2427757.94446  21.25   2.65
d 1934 11 17 10 55 00 GREE             0     0     0     0 2427758.95486  20.97   2.53
d 1934 11 18 03 43 00 GREE             0     0     0     0 2427759.65486  20.76   2.44
d 1934 11 19 12 43 00 GREE             0     0     0     0 2427761.02986  20.35   2.28
d 1934 11 20 12 15 01 GREE             0     0     0     0 2427762.01043  20.04   2.16
d 1934 11 21 08 57 00 GREE             0     0     0     0 2427762.87292  19.77   2.05
d 1934 11 22 10 40 01 GREE             7    22     4    12 2427763.94446  19.43   1.92
g 1934 11 22 10 40 01 108601           7    22     4    12  18.10 332.10  10.50 328.40 0.3300 0 0
s 1934 11 22 10 40 01 108601     1     7    22     4    12  18.10 332.10  10.50 328.40 0.3300 0 0
d 1934 11 23 11 32 01 GREE             1     8     1     6 2427764.98057  19.08   1.79
g 1934 11 23 11 32 01 108602           1     8     1     6 -24.10 269.70 -38.30 127.30 0.7130 0 0
s 1934 11 23 11 32 01 108602     1     1     8     1     6 -24.10 269.70 -38.30 127.30 0.7130 0 0
d 1934 11 24 08 47 00 GREE             0     0     0     0 2427765.86597  18.79   1.68
d 1934 11 25 09 15 01 GREE             4    17     3    11 2427766.88543  18.44   1.56
g 1934 11 25 09 15 01  11602           4    17     3    11 -33.50 265.20 -17.70 156.20 0.6300 2 4
s 1934 11 25 09 15 01  11602     1     4    17     3    11 -33.50 265.20 -17.70 156.20 0.6300 2 4
d 1934 11 26 10 26 00 GREE            11    54     7    33 2427767.93472  18.07   1.43
g 1934 11 26 10 26 00 108603           0    12     0     7 -22.80 255.10 -13.90 151.50 0.4690 0 0
s 1934 11 26 10 26 00 108603     1     0    12     0     7 -22.80 255.10 -13.90 151.50 0.4690 0 0
g 1934 11 26 10 26 00  11602          11    42     7    26 -33.50 265.00  -4.10 174.10 0.5770 2 4
s 1934 11 26 10 26 00  11602     1    11    42     7    26 -33.50 265.00  -4.10 174.10 0.5770 2 4
d 1934 11 27 08 39 01 GREE             4    53     3    33 2427768.86043  17.74   1.31
g 1934 11 27 08 39 01  11602           3    46     2    29 -34.10 266.80   9.90 193.80 0.5970 2 4
s 1934 11 27 08 39 01  11602     1     3    46     2    29 -34.10 266.80   9.90 193.80 0.5970 2 4
g 1934 11 27 08 39 01  11603           1     7     1     4 -18.50 262.10   5.20 194.30 0.3500 2 0
s 1934 11 27 08 39 01  11603     1     1     7     1     4 -18.50 262.10   5.20 194.30 0.3500 2 0
d 1934 11 28 08 49 01 GREE            36   161    23   102 2427769.86737  17.37   1.18
g 1934 11 28 08 49 01  11603          10    42     6    24 -18.80 262.00  18.40 221.20 0.4550 2 4
s 1934 11 28 08 49 01  11603     1    10    42     6    24 -18.80 262.00  18.40 221.20 0.4550 2 4
g 1934 11 28 08 49 01  11604          26   119    17    78 -19.40 278.00  34.40 236.80 0.6390 2 4
s 1934 11 28 08 49 01  11604     1    26   119    17    78 -19.40 278.00  34.40 236.80 0.6390 2 4
d 1934 11 29 09 41 01 GREE            78   374    55   261 2427770.90348  16.99   1.05
g 1934 11 29 09 41 01  11603          17    81    11    52 -19.00 262.80  32.90 236.40 0.6190 2 4
s 1934 11 29 09 41 01  11603     1    17    81    11    52 -19.00 262.80  32.90 236.40 0.6190 2 4
g 1934 11 29 09 41 01  11604          34   177    28   142 -19.80 277.60  47.70 243.30 0.7820 2 4
s 1934 11 29 09 41 01  11604     1    34   177    28   142 -19.80 277.60  47.70 243.30 0.7820 2 4
g 1934 11 29 09 41 01  11605          27   116    16    67 -26.30 240.00  10.10 198.80 0.4880 2 4
s 1934 11 29 09 41 01  11605     1    27   116    16    67 -26.30 240.00  10.10 198.80 0.4880 2 4
d 1934 11 30 08 36 01 GREE            50   371    39   281 2427771.85834  16.63   0.93
g 1934 11 30 08 36 01  11603          11    53     9    42 -18.70 264.70  47.30 244.60 0.7730 2 4
s 1934 11 30 08 36 01  11603     1    11    53     9    42 -18.70 264.70  47.30 244.60 0.7730 2 4
g 1934 11 30 08 36 01  11604           9    85    11    95 -19.90 278.00  60.60 247.00 0.8920 2 4
s 1934 11 30 08 36 01  11604     1     9    85    11    95 -19.90 278.00  60.60 247.00 0.8920 2 4
g 1934 11 30 08 36 01  11605          30   233    19   144 -27.30 240.20  22.80 216.20 0.5860 2 4
s 1934 11 30 08 36 01  11605     1    30   233    19   144 -27.30 240.20  22.80 216.20 0.5860 2 4
d 1934 12 01 10 07 01 GREE            25   185    24   172 2427772.92154  16.23   0.80
g 1934 12 01 10 07 01  11603           9    70    12    85 -18.80 266.90  63.60 248.80 0.9110 2 0
s 1934 12 01 10 07 01  11603     1     9    70    12    85 -18.80 266.90  63.60 248.80 0.9110 2 0
g 1934 12 01 10 07 01  11604           0     2     0     6 -19.90 282.50  79.20 249.60 0.9860 2 4
s 1934 12 01 10 07 01  11604     1     0     2     0     6 -19.90 282.50  79.20 249.60 0.9860 2 4
g 1934 12 01 10 07 01  11605          16   113    12    81 -27.50 240.10  36.80 228.40 0.7130 2 4
s 1934 12 01 10 07 01  11605     1    16   113    12    81 -27.50 240.10  36.80 228.40 0.7130 2 4
d 1934 12 02 08 55 01 GREE            26   160    28   154 2427773.87154  15.86   0.68
g 1934 12 02 08 55 01  11603           4    12     9    28 -18.60 266.50  75.70 250.70 0.9740 2 0
s 1934 12 02 08 55 01  11603     1     4    12     9    28 -18.60 266.50  75.70 250.70 0.9740 2 0
g 1934 12 02 08 55 01  11605          22   148    19   126 -26.40 239.10  48.30 236.00 0.8090 2 4
s 1934 12 02 08 55 01  11605     1    22   148    19   126 -26.40 239.10  48.30 236.00 0.8090 2 4
d 1934 12 03 09 38 01 GREE            37   194    47   247 2427774.90140  15.45   0.54
g 1934 12 03 09 38 01  11605          37   194    47   247 -26.70 240.50  63.30 240.40 0.9190 2 4
s 1934 12 03 09 38 01  11605     1    37   194    47   247 -26.70 240.50  63.30 240.40 0.9190 2 4
d 1934 12 04 08 42 01 GREE            48   189   100   395 2427775.86251  15.07   0.42
g 1934 12 04 08 42 01 108604           2     6     2     5 -31.80 203.30  38.70 225.00 0.7540 0 0
s 1934 12 04 08 42 01 108604     1     2     6     2     5 -31.80 203.30  38.70 225.00 0.7540 0 0
g 1934 12 04 08 42 01  11605          46   183    98   390 -26.70 238.70  74.10 242.30 0.9720 2 4
s 1934 12 04 08 42 01  11605     1    46   183    98   390 -26.70 238.70  74.10 242.30 0.9720 2 4
d 1934 12 05 11 45 01 GREE             4    16    22    72 2427776.98959  14.61   0.28
g 1934 12 05 11 45 01  11605           3    12    21    69 -27.50 233.50  83.80 242.40 0.9960 2 4
s 1934 12 05 11 45 01  11605     1     3    12    21    69 -27.50 233.50  83.80 242.40 0.9960 2 4
g 1934 12 05 11 45 01  11606           1     4     1     3 -23.00 186.10  36.40 234.10 0.6760 2 6
s 1934 12 05 11 45 01  11606     1     1     4     1     3 -23.00 186.10  36.40 234.10 0.6760 2 6
d 1934 12 06 08 05 00 GREE            27    98    23    81 2427777.83681  14.26   0.17
g 1934 12 06 08 05 00  11606          27    98    23    81 -23.20 186.90  48.30 240.10 0.7940 2 6
s 1934 12 06 08 05 00  11606     1    27    98    23    81 -23.20 186.90  48.30 240.10 0.7940 2 6
d 1934 12 07 12 01 00 GREE            38   252    49   324 2427779.00069  13.78   0.02
g 1934 12 07 12 01 00  11606          38   252    49   324 -23.00 187.90  64.70 244.80 0.9210 2 6
s 1934 12 07 12 01 00  11606     1    38   252    49   324 -23.00 187.90  64.70 244.80 0.9210 2 6
d 1934 12 08 10 26 00 GREE            25   144    55   308 2427779.93472  13.38  -0.10
g 1934 12 08 10 26 00  11606          25   144    55   308 -23.50 185.90  75.00 245.80 0.9720 2 6
s 1934 12 08 10 26 00  11606     1    25   144    55   308 -23.50 185.90  75.00 245.80 0.9720 2 6
d 1934 12 09 09 12 01 GREE             0     0     0     0 2427780.88334  12.98  -0.22
d 1934 12 10 12 23 00 GREE             0     0     0     0 2427782.01597  12.49  -0.37
d 1934 12 11 09 33 00 GREE             0     0     0     0 2427782.89792  12.11  -0.48
d 1934 12 12 11 49 01 GREE             0     0     0     0 2427783.99237  11.63  -0.62
d 1934 12 13 09 18 01 GREE             0     0     0     0 2427784.88751  11.23  -0.73
d 1934 12 14 09 38 01 GREE             0     0     0     0 2427785.90140  10.77  -0.86
d 1934 12 15 10 30 01 GREE             0     0     0     0 2427786.93751  10.30  -1.00
d 1934 12 16 09 21 01 GREE             0     0     0     0 2427787.88959   9.87  -1.12
d 1934 12 17 08 25 00 GREE             0     0     0     0 2427788.85069   9.43  -1.24
d 1934 12 18 10 17 01 GREE             0     0     0     0 2427789.92848   8.93  -1.37
d 1934 12 19 10 04 01 GREE             0     0     0     0 2427790.91946   8.47  -1.50
d 1934 12 20 08 21 00 GREE            34    96    28    78 2427791.84792   8.03  -1.62
g 1934 12 20 08 21 00  11607          34    96    28    78  25.10 268.10 -45.90  55.80 0.7880 2 6
s 1934 12 20 08 21 00  11607     1    34    96    28    78  25.10 268.10 -45.90  55.80 0.7880 2 6
d 1934 12 21 11 22 01 GREE            88   344    65   245 2427792.97362   7.50  -1.76
g 1934 12 21 11 22 01 108701           6    12     5    10  17.70 346.70  47.60 294.80 0.7760 0 0
s 1934 12 21 11 22 01 108701     1     6    12     5    10  17.70 346.70  47.60 294.80 0.7760 0 0
g 1934 12 21 11 22 01  11607          66   280    43   180  24.80 270.20 -29.00  44.80 0.6270 2 6
s 1934 12 21 11 22 01  11607     1    66   280    43   180  24.80 270.20 -29.00  44.80 0.6270 2 6
g 1934 12 21 11 22 01  11608          13    36    12    32 -24.70 247.20 -52.00 119.20 0.8220 2 1
s 1934 12 21 11 22 01  11608     1    13    36    12    32 -24.70 247.20 -52.00 119.20 0.8220 2 1
g 1934 12 21 11 22 01  11609           3    16     5    23 -26.70 232.50 -66.70 118.20 0.9320 5 9
s 1934 12 21 11 22 01  11609     1     3    16     5    23 -26.70 232.50 -66.70 118.20 0.9320 5 9
d 1934 12 22 08 35 01 GREE            66   339    42   209 2427793.85765   7.09  -1.87
g 1934 12 22 08 35 01  11607          47   265    28   155  24.90 271.50 -16.00  29.10 0.5160 2 6
s 1934 12 22 08 35 01  11607     1    47   265    28   155  24.90 271.50 -16.00  29.10 0.5160 2 6
g 1934 12 22 08 35 01  11608          17    66    12    46 -24.10 248.90 -38.60 124.10 0.6900 2 1
s 1934 12 22 08 35 01  11608     1    17    66    12    46 -24.10 248.90 -38.60 124.10 0.6900 2 1
g 1934 12 22 08 35 01  11609           2     8     2     8 -29.30 233.60 -53.90 123.90 0.8510 5 9
s 1934 12 22 08 35 01  11609     1     2     8     2     8 -29.30 233.60 -53.90 123.90 0.8510 5 9
d 1934 12 23 09 24 00 GREE            75   300    43   175 2427794.89167   6.59  -2.00
g 1934 12 23 09 24 00  11607          55   184    31   104  25.10 270.20  -3.70   7.30 0.4610 2 6
s 1934 12 23 09 24 00  11607     1    55   184    31   104  25.10 270.20  -3.70   7.30 0.4610 2 6
g 1934 12 23 09 24 00  11608          20   109    12    65 -24.00 248.70 -25.20 134.20 0.5440 2 1
s 1934 12 23 09 24 00  11608     1    20   109    12    65 -24.00 248.70 -25.20 134.20 0.5440 2 1
g 1934 12 23 09 24 00  11609           0     7     0     6 -30.70 232.40 -41.50 130.60 0.7520 5 9
s 1934 12 23 09 24 00  11609     1     0     7     0     6 -30.70 232.40 -41.50 130.60 0.7520 5 9
d 1934 12 24 07 48 00 GREE            88   438    62   292 2427795.82500   6.15  -2.11
g 1934 12 24 07 48 00  11607          29   179    17   102  25.00 270.20   8.60 343.50 0.4770 2 6
s 1934 12 24 07 48 00  11607     1    29   179    17   102  25.00 270.20   8.60 343.50 0.4770 2 6
g 1934 12 24 07 48 00  11608          29   108    16    60 -23.60 249.30 -12.30 152.10 0.4190 2 1
s 1934 12 24 07 48 00  11608     1    29   108    16    60 -23.60 249.30 -12.30 152.10 0.4190 2 1
g 1934 12 24 07 48 00  11610          27   135    20    97 -26.20 221.40 -40.20 125.70 0.7150 2 2
s 1934 12 24 07 48 00  11610     1    27   135    20    97 -26.20 221.40 -40.20 125.70 0.7150 2 2
g 1934 12 24 07 48 00  11611           0     5     0     6 -30.00 203.50 -58.10 123.30 0.8820 2 6
s 1934 12 24 07 48 00  11611     1     0     5     0     6 -30.00 203.50 -58.10 123.30 0.8820 2 6
g 1934 12 24 07 48 00  11612           3    11     9    27 -23.00 185.00 -76.60 113.20 0.9750 1 0
s 1934 12 24 07 48 00  11612     1     3    11     9    27 -23.00 185.00 -76.60 113.20 0.9750 1 0
d 1934 12 25 09 12 01 GREE            73   335    56   246 2427796.88334   5.64  -2.24
g 1934 12 25 09 12 01  11607          16    76    10    47  25.40 269.90  22.30 323.40 0.5760 2 6
s 1934 12 25 09 12 01  11607     1    16    76    10    47  25.40 269.90  22.30 323.40 0.5760 2 6
g 1934 12 25 09 12 01  11608          13    55     7    30 -23.70 248.60   1.00 182.60 0.3680 2 1
s 1934 12 25 09 12 01  11608     1    13    55     7    30 -23.70 248.60   1.00 182.60 0.3680 2 1
g 1934 12 25 09 12 01  11610          17    71    11    44 -26.00 219.80 -27.80 134.20 0.5860 2 2
s 1934 12 25 09 12 01  11610     1    17    71    11    44 -26.00 219.80 -27.80 134.20 0.5860 2 2
g 1934 12 25 09 12 01  11611          20   102    16    80 -29.30 203.50 -44.10 127.40 0.7660 2 6
s 1934 12 25 09 12 01  11611     1    20   102    16    80 -29.30 203.50 -44.10 127.40 0.7660 2 6
g 1934 12 25 09 12 01  11612           4    20     5    24 -23.50 184.70 -62.90 115.00 0.9030 1 0
s 1934 12 25 09 12 01  11612     1     4    20     5    24 -23.50 184.70 -62.90 115.00 0.9030 1 0
g 1934 12 25 09 12 01  11613           3    11     7    21 -22.50 174.30 -73.30 112.80 0.9610 2 4
s 1934 12 25 09 12 01  11613     1     3    11     7    21 -22.50 174.30 -73.30 112.80 0.9610 2 4
d 1934 12 26 09 47 01 GREE           101   430    86   336 2427797.90765   5.15  -2.37
g 1934 12 26 09 47 01  11607           8    58     6    41  25.50 269.20  35.10 311.60 0.6970 2 6
s 1934 12 26 09 47 01  11607     1     8    58     6    41  25.50 269.20  35.10 311.60 0.6970 2 6
g 1934 12 26 09 47 01  11610           3     7     2     4 -26.60 221.00 -13.10 153.70 0.4600 2 0
s 1934 12 26 09 47 01  11610     1     3     7     2     4 -26.60 221.00 -13.10 153.70 0.4600 2 0
g 1934 12 26 09 47 01  11611          53   262    35   173 -29.70 202.70 -31.40 135.70 0.6500 2 6
s 1934 12 26 09 47 01  11611     1    53   262    35   173 -29.70 202.70 -31.40 135.70 0.6500 2 6
g 1934 12 26 09 47 01  11613          37   103    43   118 -23.10 171.80 -62.30 114.70 0.8980 2 4
s 1934 12 26 09 47 01  11613     1    37   103    43   118 -23.10 171.80 -62.30 114.70 0.8980 2 4
d 1934 12 27 07 53 01 GREE           144   642    98   433 2427798.82848   4.70  -2.48
g 1934 12 27 07 53 01 108702          10    36     6    20 -26.00 227.90   5.90 193.10 0.4120 0 0
s 1934 12 27 07 53 01 108702     1    10    36     6    20 -26.00 227.90   5.90 193.10 0.4120 0 0
g 1934 12 27 07 53 01  11607           8    33     7    28  25.70 268.90  46.90 304.90 0.8050 2 6
s 1934 12 27 07 53 01  11607     1     8    33     7    28  25.70 268.90  46.90 304.90 0.8050 2 6
g 1934 12 27 07 53 01  11611          85   385    51   230 -29.80 202.40 -19.60 147.70 0.5470 2 6
s 1934 12 27 07 53 01  11611     1    85   385    51   230 -29.80 202.40 -19.60 147.70 0.5470 2 6
g 1934 12 27 07 53 01  11613          41   188    34   155 -23.10 172.10 -49.90 117.50 0.7950 2 4
s 1934 12 27 07 53 01  11613     1    41   188    34   155 -23.10 172.10 -49.90 117.50 0.7950 2 4
d 1934 12 28 09 36 00 GREE           102   579    68   371 2427799.90000   4.18  -2.61
g 1934 12 28 09 36 00  11607           7    39     9    47  26.20 268.20  60.30 300.60 0.9070 2 6
s 1934 12 28 09 36 00  11607     1     7    39     9    47  26.20 268.20  60.30 300.60 0.9070 2 6
g 1934 12 28 09 36 00  11611          54   367    31   208 -29.80 202.50  -5.40 169.80 0.4670 2 6
s 1934 12 28 09 36 00  11611     1    54   367    31   208 -29.80 202.50  -5.40 169.80 0.4670 2 6
g 1934 12 28 09 36 00  11613          41   173    28   116 -23.50 171.00 -36.90 123.50 0.6630 2 4
s 1934 12 28 09 36 00  11613     1    41   173    28   116 -23.50 171.00 -36.90 123.50 0.6630 2 4
d 1934 12 29 08 21 00 GREE            99   438    58   252 2427800.84792   3.72  -2.72
g 1934 12 29 08 21 00  11611          52   241    30   137 -29.70 203.40   8.00 194.90 0.4710 2 6
s 1934 12 29 08 21 00  11611     1    52   241    30   137 -29.70 203.40   8.00 194.90 0.4710 2 6
g 1934 12 29 08 21 00  11613          39   172    23   100 -23.30 172.80 -22.60 135.20 0.5020 2 4
s 1934 12 29 08 21 00  11613     1    39   172    23   100 -23.30 172.80 -22.60 135.20 0.5020 2 4
g 1934 12 29 08 21 00  11614           8    25     5    15 -28.70 216.60  21.20 215.70 0.5450 5 9
s 1934 12 29 08 21 00  11614     1     8    25     5    15 -28.70 216.60  21.20 215.70 0.5450 5 9
d 1934 12 30 09 25 01 GREE            80   361    49   217 2427801.89237   3.21  -2.84
g 1934 12 30 09 25 01  11611          32   158    20    96 -29.50 204.50  22.80 216.70 0.5670 2 0
s 1934 12 30 09 25 01  11611     1    32   158    20    96 -29.50 204.50  22.80 216.70 0.5670 2 0
g 1934 12 30 09 25 01  11613          26   119    14    64 -22.50 175.40  -6.30 163.20 0.3530 2 4
s 1934 12 30 09 25 01  11613     1    26   119    14    64 -22.50 175.40  -6.30 163.20 0.3530 2 4
g 1934 12 30 09 25 01  11614          22    84    15    57 -28.40 216.80  35.10 229.00 0.6730 5 9
s 1934 12 30 09 25 01  11614     1    22    84    15    57 -28.40 216.80  35.10 229.00 0.6730 5 9
d 1934 12 31 11 06 01 GREE            70   222    44   135 2427802.96251   2.69  -2.97
g 1934 12 31 11 06 01  11611          13    59     9    41 -29.30 204.20  36.60 229.00 0.6910 2 0
s 1934 12 31 11 06 01  11611     1    13    59     9    41 -29.30 204.20  36.60 229.00 0.6910 2 0
g 1934 12 31 11 06 01  11613          44   143    24    77 -22.10 177.20   9.60 205.20 0.3650 2 4
s 1934 12 31 11 06 01  11613     1    44   143    24    77 -22.10 177.20   9.60 205.20 0.3650 2 4
g 1934 12 31 11 06 01  11614          13    20    11    17 -27.90 216.80  49.20 236.80 0.8020 5 9
s 1934 12 31 11 06 01  11614     1    13    20    11    17 -27.90 216.80  49.20 236.80 0.8020 5 9
