d 1900 01 01 07 20 01 GREE             0    10     1    11 2415020.80557   2.01  -3.18
g 1900 01 01 07 20 01   4900           0    10     1    11  -8.90  98.40  61.70 261.70 0.8790 0 4
s 1900 01 01 07 20 01   4900     1     0    10     1    11  -8.90  98.40  61.70 261.70 0.8790 0 4
d 1900 01 02 06 04 00 GREE             0    16     0    29 2415021.75278   1.55  -3.29
g 1900 01 02 06 04 00   4900           0    16     0    29  -9.00  97.90  73.70 261.60 0.9580 0 4
s 1900 01 02 06 04 00   4900     1     0    16     0    29  -9.00  97.90  73.70 261.60 0.9580 0 4
d 1900 01 03 04 48 00 GREE             0     0     0     0 2415022.70000   1.09  -3.40
d 1900 01 04 07 12 00 GREE             0     0     0     0 2415023.80000   0.55  -3.52
d 1900 01 05 04 48 00 GREE             0     0     0     0 2415024.70000   0.11  -3.62
d 1900 01 06 12 00 00 GREE             0     0     0     0 2415026.00000  -0.52  -3.77
d 1900 01 07 04 48 00 GREE             0     0     0     0 2415026.70000  -0.86  -3.85
d 1900 01 08 12 00 00 GREE             0     0     0     0 2415028.00000  -1.49  -3.99
d 1900 01 09 07 12 00 GREE             0     0     0     0 2415028.80000  -1.88  -4.07
d 1900 01 10 12 00 00 GREE             0     0     0     0 2415030.00000  -2.46  -4.20
d 1900 01 11 07 12 00 GREE             0     0     0     0 2415030.80000  -2.84  -4.28
d 1900 01 12 04 26 00 GREE            16    92    19   109 2415031.68472  -3.27  -4.37
g 1900 01 12 04 26 00   4901          16    92    19   109   9.50 189.80 -63.60  77.40 0.9050 0 5
s 1900 01 12 04 26 00   4901     1    16    92    19   109   9.50 189.80 -63.60  77.40 0.9050 0 5
d 1900 01 13 07 20 01 GREE            59   475    41   331 2415032.80557  -3.80  -4.49
g 1900 01 13 07 20 01   4901          37   325    29   252   9.10 190.60 -48.00  74.10 0.7630 0 5
s 1900 01 13 07 20 01   4901     1    37   325    29   252   9.10 190.60 -48.00  74.10 0.7630 0 5
g 1900 01 13 07 20 01   4902          22   150    12    79  10.50 228.40 -10.20  34.10 0.3110 0 0
s 1900 01 13 07 20 01   4902     1    22   150    12    79  10.50 228.40 -10.20  34.10 0.3110 0 0
d 1900 01 14 11 36 01 GREE            40   272    24   159 2415033.98334  -4.36  -4.61
g 1900 01 14 11 36 01   4901          31   202    19   122   9.40 192.00 -31.10  65.70 0.5590 0 5
s 1900 01 14 11 36 01   4901     1    31   202    19   122   9.40 192.00 -31.10  65.70 0.5590 0 5
g 1900 01 14 11 36 01   4902           9    70     5    37  10.30 231.10   8.00 331.90 0.2910 0 0
s 1900 01 14 11 36 01   4902     1     9    70     5    37  10.30 231.10   8.00 331.90 0.2910 0 0
d 1900 01 15 06 44 01 GREE            43   272    24   150 2415034.78057  -4.74  -4.69
g 1900 01 15 06 44 01   4901          38   238    21   131   9.00 192.40 -20.20  55.80 0.4120 0 5
s 1900 01 15 06 44 01   4901     1    38   238    21   131   9.00 192.40 -20.20  55.80 0.4120 0 5
g 1900 01 15 06 44 01   4902           5    34     3    19  11.00 231.00  18.40 310.70 0.4090 0 0
s 1900 01 15 06 44 01   4902     1     5    34     3    19  11.00 231.00  18.40 310.70 0.4090 0 0
d 1900 01 16 07 22 00 GREE            25   127    13    67 2415035.80694  -5.22  -4.79
g 1900 01 16 07 22 00   4901          25   119    13    62   9.70 192.90  -6.10  22.70 0.2710 0 5
s 1900 01 16 07 22 00   4901     1    25   119    13    62   9.70 192.90  -6.10  22.70 0.2710 0 5
g 1900 01 16 07 22 00   4902           0     8     0     5  11.20 232.00  33.00 296.20 0.5950 0 0
s 1900 01 16 07 22 00   4902     1     0     8     0     5  11.20 232.00  33.00 296.20 0.5950 0 0
d 1900 01 17 11 11 00 GREE             7    76     4    40 2415036.96597  -5.76  -4.90
g 1900 01 17 11 11 00   4901           7    76     4    40   9.70 192.90   9.00 328.40 0.2950 0 5
s 1900 01 17 11 11 00   4901     1     7    76     4    40   9.70 192.90   9.00 328.40 0.2950 0 5
d 1900 01 18 11 25 00 GREE             5    32     3    18 2415037.97569  -6.23  -4.99
g 1900 01 18 11 25 00   4901           5    32     3    18   9.80 192.70  22.20 303.80 0.4480 0 5
s 1900 01 18 11 25 00   4901     1     5    32     3    18   9.80 192.70  22.20 303.80 0.4480 0 5
d 1900 01 19 04 50 01 GREE             0     9     0     6 2415038.70140  -6.57  -5.06
g 1900 01 19 04 50 01   4901           0     9     0     6  10.10 193.30  32.40 295.20 0.5830 0 5
s 1900 01 19 04 50 01   4901     1     0     9     0     6  10.10 193.30  32.40 295.20 0.5830 0 5
d 1900 01 20 12 00 00 GREE             0     0     0     0 2415040.00000  -7.16  -5.18
d 1900 01 22 12 00 00 GREE             0     0     0     0 2415042.00000  -8.07  -5.35
d 1900 01 23 04 48 00 GREE             0     0     0     0 2415042.70000  -8.38  -5.41
d 1900 01 24 05 09 01 GREE             4    51     4    51 2415043.71459  -8.84  -5.50
g 1900 01 24 05 09 01   4903           0    22     0    26  38.40  43.10 -51.90  42.50 0.9100 0 0
s 1900 01 24 05 09 01   4903     1     0    22     0    26  38.40  43.10 -51.90  42.50 0.9100 0 0
g 1900 01 24 05 09 01   4904           4    29     4    25 -10.60  40.50 -54.50  99.00 0.8100 0 1
s 1900 01 24 05 09 01   4904     1     4    29     4    25 -10.60  40.50 -54.50  99.00 0.8100 0 1
d 1900 01 25 11 55 01 GREE             0    71     0    44 2415044.99654  -9.40  -5.61
g 1900 01 25 11 55 01   4904           0    71     0    44 -10.70  41.80 -36.20 100.50 0.5900 0 1
s 1900 01 25 11 55 01   4904     1     0    71     0    44 -10.70  41.80 -36.20 100.50 0.5900 0 1
d 1900 01 26 05 18 00 GREE            12    87     7    49 2415045.72083  -9.72  -5.67
g 1900 01 26 05 18 00   4904          12    87     7    49 -11.00  41.80 -26.80 103.10 0.4540 0 1
s 1900 01 26 05 18 00   4904     1    12    87     7    49 -11.00  41.80 -26.80 103.10 0.4540 0 1
d 1900 01 27 08 49 01 GREE             7    52     4    27 2415046.86737 -10.22  -5.76
g 1900 01 27 08 49 01   4904           7    52     4    27 -11.20  42.30 -11.20 116.70 0.2130 0 9
s 1900 01 27 08 49 01   4904     1     7    52     4    27 -11.20  42.30 -11.20 116.70 0.2130 0 9
d 1900 01 28 07 58 00 GREE            26   193    24   152 2415047.83194 -10.63  -5.83
g 1900 01 28 07 58 00   4904           0    63     0    32 -10.70  39.30  -1.40 164.00 0.0870 0 9
s 1900 01 28 07 58 00   4904     1     0    63     0    32 -10.70  39.30  -1.40 164.00 0.0870 0 9
g 1900 01 28 07 58 00   4905          26   130    24   120   4.20 344.40 -56.30  81.10 0.8400 0 1
s 1900 01 28 07 58 00   4905     1    26   130    24   120   4.20 344.40 -56.30  81.10 0.8400 0 1
d 1900 01 29 04 59 01 GREE            40   220    29   153 2415048.70765 -11.00  -5.90
g 1900 01 29 04 59 01   4904           3    31     2    16 -11.40  39.90  10.60 241.60 0.2050 0 9
s 1900 01 29 04 59 01   4904     1     3    31     2    16 -11.40  39.90  10.60 241.60 0.2050 0 9
g 1900 01 29 04 59 01   4905          37   187    27   134   4.30 344.90 -44.40  78.00 0.7130 0 1
s 1900 01 29 04 59 01   4905     1    37   187    27   134   4.30 344.90 -44.40  78.00 0.7130 0 1
g 1900 01 29 04 59 01   4906           0     2     0     3 -34.70  88.50  59.20 233.60 0.8820 0 0
s 1900 01 29 04 59 01   4906     1     0     2     0     3 -34.70  88.50  59.20 233.60 0.8820 0 0
d 1900 01 30 06 23 00 GREE            49   229    29   135 2415049.76597 -11.45  -5.98
g 1900 01 30 06 23 00   4905          49   229    29   135   4.50 345.40 -29.90  71.30 0.5250 0 1
s 1900 01 30 06 23 00   4905     1    49   229    29   135   4.50 345.40 -29.90  71.30 0.5250 0 1
d 1900 01 31 08 57 00 GREE            83   415    44   219 2415050.87292 -11.91  -6.05
g 1900 01 31 08 57 00   4905          83   415    44   219   3.90 345.20 -15.50  57.50 0.3160 0 1
s 1900 01 31 08 57 00   4905     1    83   415    44   219   3.90 345.20 -15.50  57.50 0.3160 0 1
d 1900 02 01 07 32 00 GREE            49   320    25   163 2415051.81389 -12.30  -6.12
g 1900 02 01 07 32 00   4905          49   320    25   163   4.10 346.10  -2.30  12.60 0.1830 0 1
s 1900 02 01 07 32 00   4905     1    49   320    25   163   4.10 346.10  -2.30  12.60 0.1830 0 1
d 1900 02 03 04 35 00 GREE            52   268    29   149 2415053.69097 -13.06  -6.25
g 1900 02 03 04 35 00   4905          52   268    29   149   4.60 347.00  23.40 294.50 0.4350 0 1
s 1900 02 03 04 35 00   4905     1    52   268    29   149   4.60 347.00  23.40 294.50 0.4350 0 1
d 1900 02 04 10 12 00 GREE            46   371    36   601 2415054.92500 -13.55  -6.33
g 1900 02 04 10 12 00   4905          42   242    28   161   4.60 347.00  39.60 284.60 0.6570 0 1
s 1900 02 04 10 12 00   4905     1    42   242    28   161   4.60 347.00  39.60 284.60 0.6570 0 1
g 1900 02 04 10 12 00   4907           4    89     8   179   9.60 233.40 -74.00  78.30 0.9680 0 2
s 1900 02 04 10 12 00   4907     1     4    89     8   179   9.60 233.40 -74.00  78.30 0.9680 0 2
g 1900 02 04 10 12 00   4908           0    40     0   261  11.60 223.50 -83.90  77.80 0.9970 0 9
s 1900 02 04 10 12 00   4908     1     0    40     0   261  11.60 223.50 -83.90  77.80 0.9970 0 9
d 1900 02 05 04 17 01 GREE            79   445    99   544 2415055.67848 -13.85  -6.37
g 1900 02 05 04 17 01   4905          32   173    26   138   4.40 347.40  50.00 280.90 0.7780 0 1
s 1900 02 05 04 17 01   4905     1    32   173    26   138   4.40 347.40  50.00 280.90 0.7780 0 1
g 1900 02 05 04 17 01   4907          26   171    32   210   9.90 233.30 -64.10  76.10 0.9130 0 2
s 1900 02 05 04 17 01   4907     1    26   171    32   210   9.90 233.30 -64.10  76.10 0.9130 0 2
g 1900 02 05 04 17 01   4908          21   101    41   196  13.20 224.40 -73.00  74.50 0.9660 0 9
s 1900 02 05 04 17 01   4908     1    21   101    41   196  13.20 224.40 -73.00  74.50 0.9660 0 9
d 1900 02 06 11 03 01 GREE            72   557    67   509 2415056.96043 -14.35  -6.45
g 1900 02 06 11 03 01   4905          13   103    18   135   4.60 347.00  66.50 277.80 0.9230 0 1
s 1900 02 06 11 03 01   4905     1    13   103    18   135   4.60 347.00  66.50 277.80 0.9230 0 1
g 1900 02 06 11 03 01   4907          29   218    22   166  10.20 234.50 -46.00  70.30 0.7520 0 2
s 1900 02 06 11 03 01   4907     1    29   218    22   166  10.20 234.50 -46.00  70.30 0.7520 0 2
g 1900 02 06 11 03 01   4908          24   194    23   182  12.50 225.70 -54.80  70.70 0.8450 0 9
s 1900 02 06 11 03 01   4908     1    24   194    23   182  12.50 225.70 -54.80  70.70 0.8450 0 9
g 1900 02 06 11 03 01   4909           6    42     4    26 -10.00 245.90 -34.60  98.20 0.5650 0 9
s 1900 02 06 11 03 01   4909     1     6    42     4    26 -10.00 245.90 -34.60  98.20 0.5650 0 9
d 1900 02 08 11 55 01 GREE            27   599    16   337 2415058.99654 -15.12  -6.56
g 1900 02 08 11 55 01   4907          14   297     8   164  10.70 235.50 -18.20  46.50 0.4230 0 2
s 1900 02 08 11 55 01   4907     1    14   297     8   164  10.70 235.50 -18.20  46.50 0.4230 0 2
g 1900 02 08 11 55 01   4908          13   211     8   126  12.50 226.60 -27.10  54.70 0.5450 0 9
s 1900 02 08 11 55 01   4908     1    13   211     8   126  12.50 226.60 -27.10  54.70 0.5450 0 9
g 1900 02 08 11 55 01   4909           0    39     0    20 -10.10 248.30  -5.40 123.60 0.1110 0 9
s 1900 02 08 11 55 01   4909     1     0    39     0    20 -10.10 248.30  -5.40 123.60 0.1110 0 9
g 1900 02 08 11 55 01   4910           0    52     0    27 -10.00 242.00 -11.70 107.20 0.2090 0 0
s 1900 02 08 11 55 01   4910     1     0    52     0    27 -10.00 242.00 -11.70 107.20 0.2090 0 0
d 1900 02 09 04 16 00 GREE            41   328    23   178 2415059.67778 -15.38  -6.60
g 1900 02 09 04 16 00   4907          26   113    14    60  10.30 234.90  -9.80  30.10 0.3340 0 0
s 1900 02 09 04 16 00   4907     1    26   113    14    60  10.30 234.90  -9.80  30.10 0.3340 0 0
g 1900 02 09 04 16 00   4908          12   163     7    91  12.80 227.20 -17.50  41.90 0.4390 0 9
s 1900 02 09 04 16 00   4908     1    12   163     7    91  12.80 227.20 -17.50  41.90 0.4390 0 9
g 1900 02 09 04 16 00   4909           3    29     2    15 -10.30 249.20   4.50 230.00 0.1010 0 9
s 1900 02 09 04 16 00   4909     1     3    29     2    15 -10.30 249.20   4.50 230.00 0.1010 0 9
g 1900 02 09 04 16 00   4910           0    23     0    12 -10.00 241.90  -2.80 141.00 0.0760 0 0
s 1900 02 09 04 16 00   4910     1     0    23     0    12 -10.00 241.90  -2.80 141.00 0.0760 0 0
d 1900 02 10 06 50 00 GREE            27   270    15   143 2415060.78472 -15.78  -6.66
g 1900 02 10 06 50 00   4907          20   129    11    68  10.20 235.50   5.20 342.90 0.3040 0 0
s 1900 02 10 06 50 00   4907     1    20   129    11    68  10.20 235.50   5.20 342.90 0.3040 0 0
g 1900 02 10 06 50 00   4908           7   141     4    75  12.70 226.80  -3.50  10.20 0.3370 0 9
s 1900 02 10 06 50 00   4908     1     7   141     4    75  12.70 226.80  -3.50  10.20 0.3370 0 9
d 1900 02 11 04 39 00 GREE            28   278    17   161 2415061.69375 -16.11  -6.70
g 1900 02 11 04 39 00   4907           5    36     3    20  10.00 236.10  17.90 313.00 0.4140 0 0
s 1900 02 11 04 39 00   4907     1     5    36     3    20  10.00 236.10  17.90 313.00 0.4140 0 0
g 1900 02 11 04 39 00   4908           3    65     2    35  12.70 227.50   9.30 334.50 0.3660 0 9
s 1900 02 11 04 39 00   4908     1     3    65     2    35  12.70 227.50   9.30 334.50 0.3660 0 9
g 1900 02 11 04 39 00   4909          20   167    12    98  -9.70 249.50  31.30 262.30 0.5170 0 9
s 1900 02 11 04 39 00   4909     1    20   167    12    98  -9.70 249.50  31.30 262.30 0.5170 0 9
g 1900 02 11 04 39 00   4911           0    10     0     8  -5.80 267.70  49.50 268.10 0.7570 0 2
s 1900 02 11 04 39 00   4911     1     0    10     0     8  -5.80 267.70  49.50 268.10 0.7570 0 2
d 1900 02 12 05 35 01 GREE             9    69     7    50 2415062.73265 -16.48  -6.75
g 1900 02 12 05 35 01   4907           4    30     3    19   9.50 236.00  31.50 297.10 0.5790 0 0
s 1900 02 12 05 35 01   4907     1     4    30     3    19   9.50 236.00  31.50 297.10 0.5790 0 0
g 1900 02 12 05 35 01   4908           1    20     1    12  13.50 228.20  23.70 310.80 0.5160 0 9
s 1900 02 12 05 35 01   4908     1     1    20     1    12  13.50 228.20  23.70 310.80 0.5160 0 9
g 1900 02 12 05 35 01   4909           4    11     3     8 -10.30 251.20  46.70 262.20 0.7230 0 9
s 1900 02 12 05 35 01   4909     1     4    11     3     8 -10.30 251.20  46.70 262.20 0.7230 0 9
g 1900 02 12 05 35 01   4911           0     8     0    11  -5.90 271.20  66.70 266.50 0.9150 0 0
s 1900 02 12 05 35 01   4911     1     0     8     0    11  -5.90 271.20  66.70 266.50 0.9150 0 0
d 1900 02 13 06 48 01 GREE             0    13     0    13 2415063.78334 -16.85  -6.80
g 1900 02 13 06 48 01   4909           0    13     0    13 -10.10 251.30  60.50 262.20 0.8650 0 9
s 1900 02 13 06 48 01   4909     1     0    13     0    13 -10.10 251.30  60.50 262.20 0.8650 0 9
d 1900 02 14 06 21 01 GREE             0    11     0     9 2415064.76459 -17.19  -6.84
g 1900 02 14 06 21 01   4912           0    11     0     9   6.20 231.70  53.90 282.50 0.7960 0 2
s 1900 02 14 06 21 01   4912     1     0    11     0     9   6.20 231.70  53.90 282.50 0.7960 0 2
d 1900 02 15 07 12 00 GREE             0     0     0     0 2415065.80000 -17.55  -6.89
d 1900 02 16 04 48 00 GREE             0     0     0     0 2415066.70000 -17.85  -6.92
d 1900 02 17 07 12 00 GREE             0     0     0     0 2415067.80000 -18.21  -6.96
d 1900 02 18 12 00 00 GREE             0     0     0     0 2415069.00000 -18.60  -7.00
d 1900 02 19 04 48 00 GREE             0     0     0     0 2415069.70000 -18.82  -7.03
d 1900 02 20 04 48 00 GREE             0     0     0     0 2415070.70000 -19.13  -7.06
d 1900 02 21 07 12 00 GREE             0     0     0     0 2415071.80000 -19.47  -7.09
d 1900 02 22 07 12 00 GREE             0     0     0     0 2415072.80000 -19.77  -7.11
d 1900 02 23 07 12 00 GREE             0     0     0     0 2415073.80000 -20.06  -7.14
d 1900 02 24 04 48 00 GREE             0     0     0     0 2415074.70000 -20.32  -7.16
d 1900 02 25 07 12 00 GREE             0     0     0     0 2415075.80000 -20.63  -7.18
d 1900 02 26 04 48 00 GREE             0     0     0     0 2415076.70000 -20.88  -7.19
d 1900 02 27 07 12 00 GREE             0     0     0     0 2415077.80000 -21.17  -7.21
d 1900 03 01 04 48 00 GREE             0     0     0     0 2415079.70000 -21.67  -7.23
d 1900 03 02 09 36 00 GREE             0     0     0     0 2415080.90000 -21.97  -7.24
d 1900 03 03 05 00 01 GREE             0    32     0    17 2415081.70834 -22.16  -7.24
g 1900 03 03 05 00 01   4913           0    32     0    17   3.90 304.00 -10.60  43.70 0.2660 0 9
s 1900 03 03 05 00 01   4913     1     0    32     0    17   3.90 304.00 -10.60  43.70 0.2660 0 9
d 1900 03 04 05 03 01 GREE            11    69     6    36 2415082.71043 -22.40  -7.25
g 1900 03 04 05 03 01   4913          11    62     6    32   4.10 304.10   2.70 346.60 0.2030 0 9
s 1900 03 04 05 03 01   4913     1    11    62     6    32   4.10 304.10   2.70 346.60 0.2030 0 9
g 1900 03 04 05 03 01   4914           0     7     0     4  -1.60 298.90  -2.50  24.10 0.1080 0 9
s 1900 03 04 05 03 01   4914     1     0     7     0     4  -1.60 298.90  -2.50  24.10 0.1080 0 9
d 1900 03 05 04 45 00 GREE             1    19     1    10 2415083.69792 -22.63  -7.25
g 1900 03 05 04 45 00   4913           1    19     1    10   4.10 302.40  14.00 308.80 0.3100 0 9
s 1900 03 05 04 45 00   4913     1     1    19     1    10   4.10 302.40  14.00 308.80 0.3100 0 9
d 1900 03 06 04 56 01 GREE            69   272    36   141 2415084.70557 -22.86  -7.25
g 1900 03 06 04 56 01   4914           7    16     4     9  -0.80 299.20  24.10 283.80 0.4210 0 9
s 1900 03 06 04 56 01   4914     1     7    16     4     9  -0.80 299.20  24.10 283.80 0.4210 0 9
g 1900 03 06 04 56 01   4915          62   256    32   132 -12.20 288.20  13.10 248.20 0.2390 0 3
s 1900 03 06 04 56 01   4915     1    62   256    32   132 -12.20 288.20  13.10 248.20 0.2390 0 3
d 1900 03 07 06 15 01 GREE           224   909   126   511 2415085.76043 -23.09  -7.25
g 1900 03 07 06 15 01   4915         224   909   126   511 -12.00 288.50  27.20 257.90 0.4570 0 3
s 1900 03 07 06 15 01   4915     1   224   909   126   511 -12.00 288.50  27.20 257.90 0.4570 0 3
d 1900 03 08 04 27 01 GREE           281  1170   180   750 2415086.68543 -23.28  -7.24
g 1900 03 08 04 27 01   4915         281  1170   180   750 -12.00 288.00  39.00 259.80 0.6250 0 3
s 1900 03 08 04 27 01   4915     1   281  1170   180   750 -12.00 288.00  39.00 259.80 0.6250 0 3
d 1900 03 09 11 06 01 GREE            98   788    86   689 2415087.96251 -23.54  -7.23
g 1900 03 09 11 06 01   4915          98   788    86   689 -11.90 287.90  55.70 260.50 0.8200 0 2
s 1900 03 09 11 06 01   4915     1    98   788    86   689 -11.90 287.90  55.70 260.50 0.8200 0 2
d 1900 03 10 12 30 00 GREE            64   445    90   624 2415089.02083 -23.75  -7.22
g 1900 03 10 12 30 00   4915          64   445    90   624 -12.60 288.30  70.00 259.20 0.9340 0 2
s 1900 03 10 12 30 00   4915     1    64   445    90   624 -12.60 288.30  70.00 259.20 0.9340 0 2
d 1900 03 11 04 55 00 GREE            38   178    93   427 2415089.70486 -23.88  -7.21
g 1900 03 11 04 55 00   4915          38   178    93   427 -11.60 288.50  79.20 259.60 0.9780 0 2
s 1900 03 11 04 55 00   4915     1    38   178    93   427 -11.60 288.50  79.20 259.60 0.9780 0 2
d 1900 03 12 12 00 00 GREE             0     0     0     0 2415091.00000 -24.12  -7.19
d 1900 03 13 07 12 00 GREE             0     0     0     0 2415091.80000 -24.26  -7.18
d 1900 03 14 04 48 00 GREE             0     0     0     0 2415092.70000 -24.42  -7.16
d 1900 03 15 04 48 00 GREE             0     0     0     0 2415093.70000 -24.58  -7.14
d 1900 03 16 14 24 00 GREE             0     0     0     0 2415095.10000 -24.80  -7.11
d 1900 03 17 04 48 00 GREE             0     0     0     0 2415095.70000 -24.89  -7.10
d 1900 03 18 12 00 00 GREE             0     0     0     0 2415097.00000 -25.08  -7.06
d 1900 03 19 12 00 00 GREE             0     0     0     0 2415098.00000 -25.22  -7.03
d 1900 03 20 09 36 00 GREE             0     0     0     0 2415098.90000 -25.33  -7.00
d 1900 03 21 14 24 00 GREE             0     0     0     0 2415100.10000 -25.48  -6.96
d 1900 03 22 04 48 00 GREE             0     0     0     0 2415100.70000 -25.55  -6.94
d 1900 03 23 04 48 00 GREE             0     0     0     0 2415101.70000 -25.66  -6.90
d 1900 03 24 02 24 00 GREE             0     0     0     0 2415102.60000 -25.75  -6.87
d 1900 03 25 07 42 00 GREE             0     7     0     4 2415103.82083 -25.87  -6.82
g 1900 03 25 07 42 00   4916           0     7     0     4   9.00   2.40 -20.80  53.00 0.4390 0 0
s 1900 03 25 07 42 00   4916     1     0     7     0     4   9.00   2.40 -20.80  53.00 0.4390 0 0
d 1900 03 26 04 09 00 GREE            26   131    68   332 2415104.67292 -25.94  -6.78
g 1900 03 26 04 09 00   4916           0     3     0     2   8.20   3.20  -8.70  30.20 0.2980 0 0
s 1900 03 26 04 09 00   4916     1     0     3     0     2   8.20   3.20  -8.70  30.20 0.2980 0 0
g 1900 03 26 04 09 00   4917          26   128    68   330 -11.40 292.00 -79.90 100.30 0.9810 0 7
s 1900 03 26 04 09 00   4917     1    26   128    68   330 -11.40 292.00 -79.90 100.30 0.9810 0 7
d 1900 03 27 05 47 00 GREE            31   170    38   204 2415105.74097 -26.03  -6.73
g 1900 03 27 05 47 00   4917          31   170    38   204 -11.30 291.80 -66.00  99.40 0.9080 0 7
s 1900 03 27 05 47 00   4917     1    31   170    38   204 -11.30 291.80 -66.00  99.40 0.9080 0 7
d 1900 03 28 08 38 00 GREE            49   288    38   222 2415106.85972 -26.11  -6.68
g 1900 03 28 08 38 00   4917          49   288    38   222 -11.40 293.20 -49.90  99.30 0.7600 0 7
s 1900 03 28 08 38 00   4917     1    49   288    38   222 -11.40 293.20 -49.90  99.30 0.7600 0 7
d 1900 03 29 10 40 01 GREE            77   392    49   245 2415107.94446 -26.19  -6.62
g 1900 03 29 10 40 01   4917          73   373    46   233 -11.30 291.90 -36.90 100.10 0.5980 0 7
s 1900 03 29 10 40 01   4917     1    73   373    46   233 -11.30 291.90 -36.90 100.10 0.5980 0 7
g 1900 03 29 10 40 01   4918           4    19     3    12  10.70   0.90  32.10 298.20 0.5930 0 2
s 1900 03 29 10 40 01   4918     1     4    19     3    12  10.70   0.90  32.10 298.20 0.5930 0 2
d 1900 03 30 12 10 00 GREE            76   454    46   264 2415109.00694 -26.25  -6.57
g 1900 03 30 12 10 00   4917          58   383    32   209 -11.60 291.70 -23.10 104.10 0.3960 0 7
s 1900 03 30 12 10 00   4917     1    58   383    32   209 -11.60 291.70 -23.10 104.10 0.3960 0 7
g 1900 03 30 12 10 00   4918          18    71    14    55   9.60   1.50  46.70 288.70 0.7580 0 9
s 1900 03 30 12 10 00   4918     1    18    71    14    55   9.60   1.50  46.70 288.70 0.7580 0 9
d 1900 03 31 11 41 00 GREE            49   432    25   220 2415109.98681 -26.30  -6.52
g 1900 03 31 11 41 00   4917          49   432    25   220 -11.20 292.10  -9.80 116.60 0.1870 0 7
s 1900 03 31 11 41 00   4917     1    49   432    25   220 -11.20 292.10  -9.80 116.60 0.1870 0 7
d 1900 04 01 11 15 00 GREE            49   270    25   136 2415110.96875 -26.34  -6.46
g 1900 04 01 11 15 00   4917          49   270    25   136 -11.60 291.70   2.80 207.80 0.1030 0 7
s 1900 04 01 11 15 00   4917     1    49   270    25   136 -11.60 291.70   2.80 207.80 0.1030 0 7
d 1900 04 02 04 43 01 GREE            52   301    27   155 2415111.69654 -26.37  -6.42
g 1900 04 02 04 43 01   4917          52   301    27   155 -11.10 292.00  12.70 248.60 0.2320 0 7
s 1900 04 02 04 43 01   4917     1    52   301    27   155 -11.10 292.00  12.70 248.60 0.2320 0 7
d 1900 04 03 07 43 01 GREE            42   254    24   144 2415112.82154 -26.40  -6.35
g 1900 04 03 07 43 01   4917          42   254    24   144 -11.10 292.10  27.60 258.10 0.4650 0 7
s 1900 04 03 07 43 01   4917     1    42   254    24   144 -11.10 292.10  27.60 258.10 0.4650 0 7
d 1900 04 04 11 21 00 GREE            30   159    21   109 2415113.97292 -26.43  -6.28
g 1900 04 04 11 21 00   4917          30   159    21   109 -10.80 292.30  43.10 260.90 0.6800 0 1
s 1900 04 04 11 21 00   4917     1    30   159    21   109 -10.80 292.30  43.10 260.90 0.6800 0 1
d 1900 04 05 05 52 01 GREE            19   155    16   129 2415114.74446 -26.44  -6.23
g 1900 04 05 05 52 01   4917          19   155    16   129 -10.60 292.60  53.50 261.40 0.7990 0 1
s 1900 04 05 05 52 01   4917     1    19   155    16   129 -10.60 292.60  53.50 261.40 0.7990 0 1
d 1900 04 06 06 59 00 GREE            14    63    18    79 2415115.79097 -26.45  -6.17
g 1900 04 06 06 59 00   4917          14    63    18    79 -10.90 292.30  67.00 260.70 0.9160 0 1
s 1900 04 06 06 59 00   4917     1    14    63    18    79 -10.90 292.30  67.00 260.70 0.9160 0 1
d 1900 04 07 08 24 00 GREE             6    36    19   103 2415116.85000 -26.46  -6.10
g 1900 04 07 08 24 00   4917           6    36    19   103 -10.50 292.00  80.70 260.40 0.9840 0 1
s 1900 04 07 08 24 00   4917     1     6    36    19   103 -10.50 292.00  80.70 260.40 0.9840 0 1
d 1900 04 08 11 38 00 GREE             6    45     7    51 2415117.98472 -26.45  -6.02
g 1900 04 08 11 38 00   4919           6    45     7    51   7.70 134.20 -62.10  78.30 0.8940 0 0
s 1900 04 08 11 38 00   4919     1     6    45     7    51   7.70 134.20 -62.10  78.30 0.8940 0 0
d 1900 04 09 05 15 00 GREE            15    55    13    48 2415118.71875 -26.44  -5.97
g 1900 04 09 05 15 00   4919          15    55    13    48   8.30 133.90 -52.70  75.40 0.8130 0 0
s 1900 04 09 05 15 00   4919     1    15    55    13    48   8.30 133.90 -52.70  75.40 0.8130 0 0
d 1900 04 10 12 21 01 GREE             7    36     5    23 2415120.01459 -26.41  -5.87
g 1900 04 10 12 21 01   4919           7    36     5    23   8.50 134.30 -35.20  68.00 0.6150 0 0
s 1900 04 10 12 21 01   4919     1     7    36     5    23   8.50 134.30 -35.20  68.00 0.6150 0 0
d 1900 04 11 11 51 00 GREE             7    26     4    15 2415120.99375 -26.38  -5.80
g 1900 04 11 11 51 00   4919           7    26     4    15   8.40 134.30 -22.30  57.60 0.4440 0 0
s 1900 04 11 11 51 00   4919     1     7    26     4    15   8.40 134.30 -22.30  57.60 0.4440 0 0
d 1900 04 12 10 48 00 GREE            11    45     6    24 2415121.95000 -26.35  -5.73
g 1900 04 12 10 48 00   4919          11    45     6    24   8.20 133.70 -10.30  36.60 0.2970 0 9
s 1900 04 12 10 48 00   4919     1    11    45     6    24   8.20 133.70 -10.30  36.60 0.2970 0 9
d 1900 04 13 10 59 01 GREE            11    29     6    15 2415122.95765 -26.31  -5.65
g 1900 04 13 10 59 01   4919          11    29     6    15   8.70 134.20   3.60 345.90 0.2540 0 9
s 1900 04 13 10 59 01   4919     1    11    29     6    15   8.70 134.20   3.60 345.90 0.2540 0 9
d 1900 04 14 04 01 01 GREE             3    24     2    13 2415123.66737 -26.27  -5.60
g 1900 04 14 04 01 01   4919           3    24     2    13   9.00 134.00  12.70 319.00 0.3310 0 9
s 1900 04 14 04 01 01   4919     1     3    24     2    13   9.00 134.00  12.70 319.00 0.3310 0 9
d 1900 04 15 03 50 00 GREE             0     5     0     3 2415124.65972 -26.22  -5.52
g 1900 04 15 03 50 00   4919           0     5     0     3   8.80 134.90  26.70 298.10 0.5030 0 9
s 1900 04 15 03 50 00   4919     1     0     5     0     3   8.80 134.90  26.70 298.10 0.5030 0 9
d 1900 04 16 12 00 00 GREE             0     0     0     0 2415126.00000 -26.13  -5.41
d 1900 04 17 04 48 00 GREE             0     0     0     0 2415126.70000 -26.08  -5.35
d 1900 04 18 12 00 00 GREE             0     0     0     0 2415128.00000 -25.98  -5.24
d 1900 04 19 06 01 00 GREE             0     9     0    47 2415128.75069 -25.91  -5.18
g 1900 04 19 06 01 00   4920           0     9     0    47   4.50 330.10 -84.10  85.00 0.9950 0 0
s 1900 04 19 06 01 00   4920     1     0     9     0    47   4.50 330.10 -84.10  85.00 0.9950 0 0
d 1900 04 20 10 42 00 GREE             7    32     9    41 2415129.94583 -25.80  -5.07
g 1900 04 20 10 42 00   4920           7    32     9    41   3.90 332.20 -66.20  83.50 0.9190 0 0
s 1900 04 20 10 42 00   4920     1     7    32     9    41   3.90 332.20 -66.20  83.50 0.9190 0 0
d 1900 04 21 10 58 00 GREE            13    38    11    32 2415130.95694 -25.69  -4.98
g 1900 04 21 10 58 00   4920          13    38    11    32   3.60 332.20 -52.80  81.80 0.8030 0 0
s 1900 04 21 10 58 00   4920     1    13    38    11    32   3.60 332.20 -52.80  81.80 0.8030 0 0
d 1900 04 22 04 53 01 GREE            11    26     8    18 2415131.70348 -25.61  -4.92
g 1900 04 22 04 53 01   4920          11    26     8    18   3.90 332.40 -42.70  79.10 0.6890 0 0
s 1900 04 22 04 53 01   4920     1    11    26     8    18   3.90 332.40 -42.70  79.10 0.6890 0 0
d 1900 04 23 11 03 01 GREE             7    35     4    20 2415132.96043 -25.47  -4.80
g 1900 04 23 11 03 01   4920           7    35     4    20   3.70 332.70 -25.80  72.20 0.4560 0 0
s 1900 04 23 11 03 01   4920     1     7    35     4    20   3.70 332.70 -25.80  72.20 0.4560 0 0
d 1900 04 24 10 46 01 GREE            20    95    11    49 2415133.94862 -25.34  -4.71
g 1900 04 24 10 46 01   4920           9    30     5    16   3.60 332.80 -12.70  57.00 0.2620 0 0
s 1900 04 24 10 46 01   4920     1     9    30     5    16   3.60 332.80 -12.70  57.00 0.2620 0 0
g 1900 04 24 10 46 01   4921          11    65     6    33 -13.50 344.40  -1.10 173.00 0.1540 0 9
s 1900 04 24 10 46 01   4921     1    11    65     6    33 -13.50 344.40  -1.10 173.00 0.1540 0 9
d 1900 04 25 06 07 00 GREE            42   173    22    89 2415134.75486 -25.24  -4.63
g 1900 04 25 06 07 00   4920           9    39     5    20   3.90 332.40  -2.40  15.80 0.1540 0 1
s 1900 04 25 06 07 00   4920     1     9    39     5    20   3.90 332.40  -2.40  15.80 0.1540 0 1
g 1900 04 25 06 07 00   4921          33   134    17    69 -12.90 345.10  10.30 230.10 0.2270 0 9
s 1900 04 25 06 07 00   4921     1    33   134    17    69 -12.90 345.10  10.30 230.10 0.2270 0 9
d 1900 04 26 10 27 01 GREE            14   119     8    66 2415135.93543 -25.08  -4.52
g 1900 04 26 10 27 01   4920           9    21     5    11   3.80 333.90  14.70 299.20 0.2900 0 0
s 1900 04 26 10 27 01   4920     1     9    21     5    11   3.80 333.90  14.70 299.20 0.2900 0 0
g 1900 04 26 10 27 01   4921           0    74     0    42 -13.30 345.30  26.10 249.40 0.4570 0 9
s 1900 04 26 10 27 01   4921     1     0    74     0    42 -13.30 345.30  26.10 249.40 0.4570 0 9
g 1900 04 26 10 27 01   4922           5    24     3    13   5.10 306.40 -12.80  53.20 0.2750 0 9
s 1900 04 26 10 27 01   4922     1     5    24     3    13   5.10 306.40 -12.80  53.20 0.2750 0 9
d 1900 04 27 04 32 00 GREE            12    65    15    74 2415136.68889 -24.97  -4.45
g 1900 04 27 04 32 00   4921           0    19     0    12 -13.70 344.70  35.40 252.70 0.5890 0 9
s 1900 04 27 04 32 00   4921     1     0    19     0    12 -13.70 344.70  35.40 252.70 0.5890 0 9
g 1900 04 27 04 32 00   4922           0    13     0     7   4.60 306.40  -2.90  17.90 0.1640 0 9
s 1900 04 27 04 32 00   4922     1     0    13     0     7   4.60 306.40  -2.90  17.90 0.1640 0 9
g 1900 04 27 04 32 00   4923          10    18     6    10  -6.40 334.40  25.10 264.30 0.4240 0 0
s 1900 04 27 04 32 00   4923     1    10    18     6    10  -6.40 334.40  25.10 264.30 0.4240 0 0
g 1900 04 27 04 32 00   4924           0     4     0     8  -5.80 235.70 -73.60  94.70 0.9580 0 9
s 1900 04 27 04 32 00   4924     1     0     4     0     8  -5.80 235.70 -73.60  94.70 0.9580 0 9
g 1900 04 27 04 32 00   4925           2    11     9    37  -9.20 228.10 -81.20  98.60 0.9870 0 0
s 1900 04 27 04 32 00   4925     1     2    11     9    37  -9.20 228.10 -81.20  98.60 0.9870 0 0
d 1900 04 28 06 00 00 GREE            42   217    51   265 2415137.75000 -24.80  -4.34
g 1900 04 28 06 00 00   4921           8    26     7    22 -12.40 348.40  53.20 257.70 0.8000 0 9
s 1900 04 28 06 00 00   4921     1     8    26     7    22 -12.40 348.40  53.20 257.70 0.8000 0 9
g 1900 04 28 06 00 00   4923           4    12     3     8  -6.00 334.70  39.50 265.80 0.6340 0 0
s 1900 04 28 06 00 00   4923     1     4    12     3     8  -6.00 334.70  39.50 265.80 0.6340 0 0
g 1900 04 28 06 00 00   4924           0    18     0    17  -6.30 237.40 -57.80  94.70 0.8440 0 9
s 1900 04 28 06 00 00   4924     1     0    18     0    17  -6.30 237.40 -57.80  94.70 0.8440 0 9
g 1900 04 28 06 00 00   4925          30   161    41   218  -8.90 226.50 -68.70  97.90 0.9290 0 2
s 1900 04 28 06 00 00   4925     1    30   161    41   218  -8.90 226.50 -68.70  97.90 0.9290 0 2
d 1900 04 29 05 26 01 GREE           104   575    75   434 2415138.72640 -24.65  -4.25
g 1900 04 29 05 26 01   4921           0     4     0     6 -12.10 350.10  67.80 258.60 0.9190 0 9
s 1900 04 29 05 26 01   4921     1     0     4     0     6 -12.10 350.10  67.80 258.60 0.9190 0 9
g 1900 04 29 05 26 01   4923           0     3     0     3  -5.50 335.40  53.10 266.30 0.7910 0 0
s 1900 04 29 05 26 01   4923     1     0     3     0     3  -5.50 335.40  53.10 266.30 0.7910 0 0
g 1900 04 29 05 26 01   4924          28   180    20   128  -6.60 237.50 -44.80  95.10 0.7100 0 9
s 1900 04 29 05 26 01   4924     1    28   180    20   128  -6.60 237.50 -44.80  95.10 0.7100 0 9
g 1900 04 29 05 26 01   4925          36   229    32   204  -8.90 227.00 -55.30  97.90 0.8260 0 2
s 1900 04 29 05 26 01   4925     1    36   229    32   204  -8.90 227.00 -55.30  97.90 0.8260 0 2
g 1900 04 29 05 26 01   4926          30    92    16    48   3.70 269.30 -13.00  60.00 0.2710 0 0
s 1900 04 29 05 26 01   4926     1    30    92    16    48   3.70 269.30 -13.00  60.00 0.2710 0 0
g 1900 04 29 05 26 01   4927          10    67     7    45  -6.70 241.00 -41.30  95.40 0.6660 0 0
s 1900 04 29 05 26 01   4927     1    10    67     7    45  -6.70 241.00 -41.30  95.40 0.6660 0 0
d 1900 04 30 06 31 01 GREE           260  1290   148   739 2415139.77154 -24.47  -4.14
g 1900 04 30 06 31 01   4924          94   493    55   287  -6.10 237.80 -30.70  95.10 0.5100 0 0
s 1900 04 30 06 31 01   4924     1    94   493    55   287  -6.10 237.80 -30.70  95.10 0.5100 0 0
g 1900 04 30 06 31 01   4925          38   246    25   161  -8.70 228.50 -40.00  98.70 0.6430 0 1
s 1900 04 30 06 31 01   4925     1    38   246    25   161  -8.70 228.50 -40.00  98.70 0.6430 0 1
g 1900 04 30 06 31 01   4926          63   298    32   151   4.30 271.20   2.70 342.20 0.1530 0 0
s 1900 04 30 06 31 01   4926     1    63   298    32   151   4.30 271.20   2.70 342.20 0.1530 0 0
g 1900 04 30 06 31 01   4927          65   253    36   140  -6.40 243.20 -25.30  96.30 0.4270 0 0
s 1900 04 30 06 31 01   4927     1    65   253    36   140  -6.40 243.20 -25.30  96.30 0.4270 0 0
d 1900 05 01 03 50 00 GREE           221  1273   119   681 2415140.65972 -24.32  -4.05
g 1900 05 01 03 50 00   4924          96   559    51   295  -6.20 238.30 -18.50  97.60 0.3180 0 0
s 1900 05 01 03 50 00   4924     1    96   559    51   295  -6.20 238.30 -18.50  97.60 0.3180 0 0
g 1900 05 01 03 50 00   4925          42   282    24   161  -8.50 228.40 -28.40 100.50 0.4780 0 1
s 1900 05 01 03 50 00   4925     1    42   282    24   161  -8.50 228.40 -28.40 100.50 0.4780 0 1
g 1900 05 01 03 50 00   4926          41   243    22   128   4.00 273.20  16.40 295.80 0.3130 0 0
s 1900 05 01 03 50 00   4926     1    41   243    22   128   4.00 273.20  16.40 295.80 0.3130 0 0
g 1900 05 01 03 50 00   4927          42   189    22    97  -6.50 244.60 -12.20 102.10 0.2150 0 0
s 1900 05 01 03 50 00   4927     1    42   189    22    97  -6.50 244.60 -12.20 102.10 0.2150 0 0
d 1900 05 02 03 25 01 GREE           241  1186   128   624 2415141.64237 -24.14  -3.95
g 1900 05 02 03 25 01   4924          89   459    45   231  -6.30 238.40  -5.40 114.30 0.1030 0 0
s 1900 05 02 03 25 01   4924     1    89   459    45   231  -6.30 238.40  -5.40 114.30 0.1030 0 0
g 1900 05 02 03 25 01   4925          51   240    27   125  -8.70 228.80 -15.00 108.60 0.2700 0 1
s 1900 05 02 03 25 01   4925     1    51   240    27   125  -8.70 228.80 -15.00 108.60 0.2700 0 1
g 1900 05 02 03 25 01   4926          56   274    33   161   4.90 274.00  30.20 286.00 0.5210 0 2
s 1900 05 02 03 25 01   4926     1    56   274    33   161   4.90 274.00  30.20 286.00 0.5210 0 2
g 1900 05 02 03 25 01   4927          45   213    23   107  -6.30 243.50  -0.30 172.90 0.0420 0 0
s 1900 05 02 03 25 01   4927     1    45   213    23   107  -6.30 243.50  -0.30 172.90 0.0420 0 0
d 1900 05 03 04 07 01 GREE           154   959    82   503 2415142.67154 -23.95  -3.85
g 1900 05 03 04 07 01   4924          69   349    35   177  -6.60 238.70   8.50 251.30 0.1550 0 9
s 1900 05 03 04 07 01   4924     1    69   349    35   177  -6.60 238.70   8.50 251.30 0.1550 0 9
g 1900 05 03 04 07 01   4925          35   314    18   158  -8.60 229.40  -0.80 170.60 0.0850 0 1
s 1900 05 03 04 07 01   4925     1    35   314    18   158  -8.60 229.40  -0.80 170.60 0.0850 0 1
g 1900 05 03 04 07 01   4926          14    76    10    54   4.90 274.20  44.00 280.90 0.7050 0 0
s 1900 05 03 04 07 01   4926     1    14    76    10    54   4.90 274.20  44.00 280.90 0.7050 0 0
g 1900 05 03 04 07 01   4927          36   220    19   114  -7.00 245.10  14.90 257.20 0.2620 0 0
s 1900 05 03 04 07 01   4927     1    36   220    19   114  -7.00 245.10  14.90 257.20 0.2620 0 0
d 1900 05 04 03 25 01 GREE           143   455    79   253 2415143.64237 -23.76  -3.75
g 1900 05 04 03 25 01   4924          78   209    42   113  -6.60 239.00  21.60 261.40 0.3700 0 9
s 1900 05 04 03 25 01   4924     1    78   209    42   113  -6.60 239.00  21.60 261.40 0.3700 0 9
g 1900 05 04 03 25 01   4925          35    87    18    45  -8.60 230.00  12.60 248.00 0.2330 0 9
s 1900 05 04 03 25 01   4925     1    35    87    18    45  -8.60 230.00  12.60 248.00 0.2330 0 9
g 1900 05 04 03 25 01   4926           4    10     4    10   5.20 274.70  57.30 278.50 0.8470 0 0
s 1900 05 04 03 25 01   4926     1     4    10     4    10   5.20 274.70  57.30 278.50 0.8470 0 0
g 1900 05 04 03 25 01   4927          26   149    15    85  -7.20 245.60  28.20 261.70 0.4740 0 0
s 1900 05 04 03 25 01   4927     1    26   149    15    85  -7.20 245.60  28.20 261.70 0.4740 0 0
d 1900 05 05 03 17 00 GREE            65   295    44   199 2415144.63681 -23.56  -3.64
g 1900 05 05 03 17 00   4924          26   108    16    66  -6.00 239.30  35.10 264.70 0.5740 0 4
s 1900 05 05 03 17 00   4924     1    26   108    16    66  -6.00 239.30  35.10 264.70 0.5740 0 4
g 1900 05 05 03 17 00   4925           5    42     3    24  -8.50 230.90  26.70 258.30 0.4540 0 9
s 1900 05 05 03 17 00   4925     1     5    42     3    24  -8.50 230.90  26.70 258.30 0.4540 0 9
g 1900 05 05 03 17 00   4926           1    13     3    21   5.00 275.00  70.80 276.50 0.9470 0 0
s 1900 05 05 03 17 00   4926     1     1    13     3    21   5.00 275.00  70.80 276.50 0.9470 0 0
g 1900 05 05 03 17 00   4927          33   132    22    88  -7.10 245.40  41.20 263.30 0.6580 0 0
s 1900 05 05 03 17 00   4927     1    33   132    22    88  -7.10 245.40  41.20 263.30 0.6580 0 0
d 1900 05 06 03 33 00 GREE            50   198    40   157 2415145.64792 -23.35  -3.53
g 1900 05 06 03 33 00   4924          19    58    15    44  -5.30 239.50  48.70 266.00 0.7500 0 4
s 1900 05 06 03 33 00   4924     1    19    58    15    44  -5.30 239.50  48.70 266.00 0.7500 0 4
g 1900 05 06 03 33 00   4925          10    32     7    21  -7.70 230.70  39.90 262.20 0.6420 0 9
s 1900 05 06 03 33 00   4925     1    10    32     7    21  -7.70 230.70  39.90 262.20 0.6420 0 9
g 1900 05 06 03 33 00   4927          21   108    18    92  -6.90 244.70  53.90 264.00 0.8070 0 0
s 1900 05 06 03 33 00   4927     1    21   108    18    92  -6.90 244.70  53.90 264.00 0.8070 0 0
d 1900 05 07 05 57 00 GREE             8    50    13    75 2415146.74792 -23.11  -3.42
g 1900 05 07 05 57 00   4927           8    50    13    75  -7.60 246.80  70.50 263.10 0.9410 0 0
s 1900 05 07 05 57 00   4927     1     8    50    13    75  -7.60 246.80  70.50 263.10 0.9410 0 0
d 1900 05 08 04 14 01 GREE             0    11     0    38 2415147.67640 -22.90  -3.31
g 1900 05 08 04 14 01   4927           0    11     0    38  -8.10 246.00  82.00 262.30 0.9890 0 0
s 1900 05 08 04 14 01   4927     1     0    11     0    38  -8.10 246.00  82.00 262.30 0.9890 0 0
d 1900 05 09 02 24 00 GREE             0     0     0     0 2415148.60000 -22.69  -3.21
d 1900 05 10 04 48 00 GREE             0     0     0     0 2415149.70000 -22.43  -3.09
d 1900 05 11 04 48 00 GREE             0     0     0     0 2415150.70000 -22.18  -2.98
d 1900 05 12 04 48 00 GREE             0     0     0     0 2415151.70000 -21.93  -2.87
d 1900 05 13 07 12 00 GREE             0     0     0     0 2415152.80000 -21.65  -2.75
d 1900 05 14 15 28 01 GREE             7    41     4    21 2415154.14446 -21.29  -2.60
g 1900 05 14 15 28 01   4928           7    41     4    21  -7.00  83.10   4.60 226.00 0.1110 0 2
s 1900 05 14 15 28 01   4928     1     7    41     4    21  -7.00  83.10   4.60 226.00 0.1110 0 2
d 1900 05 15 03 36 00 GREE             0    31     0    16 2415154.65000 -21.15  -2.54
g 1900 05 15 03 36 00   4928           0    31     0    16  -7.30  82.50  10.80 245.60 0.2040 0 2
s 1900 05 15 03 36 00   4928     1     0    31     0    16  -7.30  82.50  10.80 245.60 0.2040 0 2
d 1900 05 16 12 00 00 GREE             0     0     0     0 2415156.00000 -20.78  -2.38
d 1900 05 17 12 00 00 GREE             0     0     0     0 2415157.00000 -20.49  -2.27
d 1900 05 18 04 48 00 GREE             0     0     0     0 2415157.70000 -20.28  -2.19
d 1900 05 19 04 48 00 GREE             0     0     0     0 2415158.70000 -19.99  -2.07
d 1900 05 20 02 24 00 GREE             0     0     0     0 2415159.60000 -19.71  -1.97
d 1900 05 21 12 28 01 GREE             8    52    17   104 2415161.01946 -19.27  -1.80
g 1900 05 21 12 28 01   4929           8    52    17   104   4.10 272.20 -75.30  85.30 0.9680 0 0
s 1900 05 21 12 28 01   4929     1     8    52    17   104   4.10 272.20 -75.30  85.30 0.9680 0 0
d 1900 05 22 05 18 00 GREE            36   171    49   233 2415161.72083 -19.05  -1.72
g 1900 05 22 05 18 00   4929          36   171    49   233   4.20 270.10 -68.20  84.80 0.9300 0 0
s 1900 05 22 05 18 00   4929     1    36   171    49   233   4.20 270.10 -68.20  84.80 0.9300 0 0
d 1900 05 23 05 26 01 GREE            49   265    42   227 2415162.72640 -18.73  -1.60
g 1900 05 23 05 26 01   4929          49   265    42   227   3.70 270.90 -54.00  84.40 0.8110 0 0
s 1900 05 23 05 26 01   4929     1    49   265    42   227   3.70 270.90 -54.00  84.40 0.8110 0 0
d 1900 05 24 03 47 01 GREE            47   314    32   211 2415163.65765 -18.42  -1.49
g 1900 05 24 03 47 01   4929          47   314    32   211   3.80 271.10 -41.50  82.70 0.6670 0 0
s 1900 05 24 03 47 01   4929     1    47   314    32   211   3.80 271.10 -41.50  82.70 0.6670 0 0
d 1900 05 25 04 13 00 GREE            58   272    33   154 2415164.67569 -18.08  -1.37
g 1900 05 25 04 13 00   4929          58   272    33   154   4.10 271.80 -27.40  78.70 0.4680 0 0
s 1900 05 25 04 13 00   4929     1    58   272    33   154   4.10 271.80 -27.40  78.70 0.4680 0 0
d 1900 05 26 04 46 01 GREE            46   240    24   124 2415165.69862 -17.74  -1.24
g 1900 05 26 04 46 01   4929          46   240    24   124   4.20 272.30 -13.30  67.80 0.2480 0 0
s 1900 05 26 04 46 01   4929     1    46   240    24   124   4.20 272.30 -13.30  67.80 0.2480 0 0
d 1900 05 27 11 39 01 GREE            38   153    21    81 2415166.98543 -17.29  -1.09
g 1900 05 27 11 39 01   4929          23    99    12    50   4.30 272.90   4.30 321.50 0.1200 0 9
s 1900 05 27 11 39 01   4929     1    23    99    12    50   4.30 272.90   4.30 321.50 0.1200 0 9
g 1900 05 27 11 39 01   4930          15    54     9    31  -8.60 240.80 -27.80 106.10 0.4800 0 7
s 1900 05 27 11 39 01   4930     1    15    54     9    31  -8.60 240.80 -27.80 106.10 0.4800 0 7
d 1900 05 28 10 39 00 GREE            39   165    21    87 2415167.94375 -16.95  -0.98
g 1900 05 28 10 39 00   4929          34   104    18    55   3.90 273.40  17.50 285.50 0.3110 0 9
s 1900 05 28 10 39 00   4929     1    34   104    18    55   3.90 273.40  17.50 285.50 0.3110 0 9
g 1900 05 28 10 39 00   4930           5    61     3    32  -8.40 241.70 -14.20 118.40 0.2760 0 7
s 1900 05 28 10 39 00   4930     1     5    61     3    32  -8.40 241.70 -14.20 118.40 0.2760 0 7
d 1900 05 29 12 23 00 GREE            23    93    14    54 2415169.01597 -16.57  -0.85
g 1900 05 29 12 23 00   4929          23    70    14    42   4.60 273.60  31.90 279.90 0.5350 0 9
s 1900 05 29 12 23 00   4929     1    23    70    14    42   4.60 273.60  31.90 279.90 0.5350 0 9
g 1900 05 29 12 23 00   4930           0    23     0    12  -8.30 238.80  -2.90 159.10 0.1420 0 7
s 1900 05 29 12 23 00   4930     1     0    23     0    12  -8.30 238.80  -2.90 159.10 0.1420 0 7
d 1900 05 30 02 57 00 GREE            19   105    12    60 2415169.62292 -16.35  -0.77
g 1900 05 30 02 57 00   4929          12    41     8    27   4.30 273.40  39.70 277.50 0.6430 0 9
s 1900 05 30 02 57 00   4929     1    12    41     8    27   4.30 273.40  39.70 277.50 0.6430 0 9
g 1900 05 30 02 57 00   4930           7    64     4    33  -8.10 245.00  11.30 236.40 0.2330 0 7
s 1900 05 30 02 57 00   4930     1     7    64     4    33  -8.10 245.00  11.30 236.40 0.2330 0 7
d 1900 05 31 03 00 00 GREE            19    84    13    53 2415170.62500 -15.98  -0.65
g 1900 05 31 03 00 00   4929           7    19     6    16   4.20 273.60  53.20 275.70 0.8030 0 9
s 1900 05 31 03 00 00   4929     1     7    19     6    16   4.20 273.60  53.20 275.70 0.8030 0 9
g 1900 05 31 03 00 00   4930          12    65     7    37  -8.10 246.70  26.30 253.30 0.4580 0 7
s 1900 05 31 03 00 00   4930     1    12    65     7    37  -8.10 246.70  26.30 253.30 0.4580 0 7
d 1900 06 01 06 23 00 GREE            21    82    16    62 2415171.76597 -15.56  -0.52
g 1900 06 01 06 23 00   4929           0     6     1     9   4.20 274.10  68.70 274.70 0.9320 0 9
s 1900 06 01 06 23 00   4929     1     0     6     1     9   4.20 274.10  68.70 274.70 0.9320 0 9
g 1900 06 01 06 23 00   4930          21    76    15    53  -8.40 248.40  43.00 258.30 0.6890 0 7
s 1900 06 01 06 23 00   4930     1    21    76    15    53  -8.40 248.40  43.00 258.30 0.6890 0 7
d 1900 06 03 15 47 01 GREE             7    37    18    95 2415174.15765 -14.65  -0.23
g 1900 06 03 15 47 01   4930           7    37    18    95  -7.50 252.20  78.50 262.40 0.9800 0 7
s 1900 06 03 15 47 01   4930     1     7    37    18    95  -7.50 252.20  78.50 262.40 0.9800 0 7
d 1900 06 04 12 00 00 GREE             0     0     0     0 2415175.00000 -14.32  -0.13
d 1900 06 05 16 48 00 GREE             0     0     0     0 2415176.20000 -13.85   0.02
d 1900 06 06 14 24 00 GREE             0     0     0     0 2415177.10000 -13.50   0.13
d 1900 06 07 04 48 00 GREE             0     0     0     0 2415177.70000 -13.26   0.20
d 1900 06 08 14 24 00 GREE             0     0     0     0 2415179.10000 -12.69   0.37
d 1900 06 09 04 48 00 GREE             0     0     0     0 2415179.70000 -12.44   0.44
d 1900 06 10 12 00 00 GREE             0     0     0     0 2415181.00000 -11.91   0.60
d 1900 06 11 12 00 00 GREE             0     0     0     0 2415182.00000 -11.49   0.72
d 1900 06 12 02 24 00 GREE             0     0     0     0 2415182.60000 -11.24   0.79
d 1900 06 13 07 12 00 GREE             0     0     0     0 2415183.80000 -10.73   0.93
d 1900 06 14 04 48 00 GREE             0     0     0     0 2415184.70000 -10.35   1.04
d 1900 06 15 04 01 01 GREE             6    26     6    24 2415185.66737  -9.94   1.16
g 1900 06 15 04 01 01   4931           6    26     6    24   3.50 325.00 -56.30  86.60 0.8320 0 3
s 1900 06 15 04 01 01   4931     1     6    26     6    24   3.50 325.00 -56.30  86.60 0.8320 0 3
d 1900 06 16 06 23 00 GREE            77   285    52   192 2415186.76597  -9.46   1.29
g 1900 06 16 06 23 00   4931          77   285    52   192   3.80 324.80 -42.00  85.90 0.6690 0 3
s 1900 06 16 06 23 00   4931     1    77   285    52   192   3.80 324.80 -42.00  85.90 0.6690 0 3
d 1900 06 17 14 58 01 GREE            89   486    48   261 2415188.12362  -8.87   1.45
g 1900 06 17 14 58 01   4931          89   486    48   261   3.50 327.60 -21.30  84.20 0.3640 0 3
s 1900 06 17 14 58 01   4931     1    89   486    48   261   3.50 327.60 -21.30  84.20 0.3640 0 3
d 1900 06 18 05 26 01 GREE           118   598    61   309 2415188.72640  -8.61   1.52
g 1900 06 18 05 26 01   4931         118   598    61   309   3.50 326.30 -14.50  82.20 0.2520 0 3
s 1900 06 18 05 26 01   4931     1   118   598    61   309   3.50 326.30 -14.50  82.20 0.2520 0 3
d 1900 06 19 15 25 01 GREE            94   363    53   202 2415190.14237  -7.99   1.68
g 1900 06 19 15 25 01   4931          87   336    44   169   3.40 327.70   5.60 287.00 0.1020 0 1
s 1900 06 19 15 25 01   4931     1    87   336    44   169   3.40 327.70   5.60 287.00 0.1020 0 1
g 1900 06 19 15 25 01   4932           7    27     9    33  -7.40 256.80 -65.30  98.90 0.9120 0 0
s 1900 06 19 15 25 01   4932     1     7    27     9    33  -7.40 256.80 -65.30  98.90 0.9120 0 0
d 1900 06 20 04 45 00 GREE           106   577    66   342 2415190.69792  -7.74   1.75
g 1900 06 20 04 45 00   4931          82   480    42   246   3.50 327.20  12.40 278.10 0.2160 0 1
s 1900 06 20 04 45 00   4931     1    82   480    42   246   3.50 327.20  12.40 278.10 0.2160 0 1
g 1900 06 20 04 45 00   4932          24    97    24    96  -7.30 256.00 -58.80  99.60 0.8600 0 0
s 1900 06 20 04 45 00   4932     1    24    97    24    96  -7.30 256.00 -58.80  99.60 0.8600 0 0
d 1900 06 21 04 30 01 GREE           156   469    90   270 2415191.68751  -7.30   1.86
g 1900 06 21 04 30 01   4931         134   401    74   221   3.60 326.40  24.80 274.50 0.4200 0 1
s 1900 06 21 04 30 01   4931     1   134   401    74   221   3.60 326.40  24.80 274.50 0.4200 0 1
g 1900 06 21 04 30 01   4932          22    68    16    49  -7.20 256.50 -45.10 101.90 0.7180 0 0
s 1900 06 21 04 30 01   4932     1    22    68    16    49  -7.20 256.50 -45.10 101.90 0.7180 0 0
d 1900 06 22 05 08 00 GREE           132   481    83   303 2415192.71389  -6.85   1.98
g 1900 06 22 05 08 00   4931          99   402    63   256   4.20 326.20  38.10 274.10 0.6170 0 1
s 1900 06 22 05 08 00   4931     1    99   402    63   256   4.20 326.20  38.10 274.10 0.6170 0 1
g 1900 06 22 05 08 00   4932          33    79    20    47  -7.10 256.60 -31.50 106.60 0.5410 0 0
s 1900 06 22 05 08 00   4932     1    33    79    20    47  -7.10 256.60 -31.50 106.60 0.5410 0 0
d 1900 06 23 11 12 00 GREE            21    89    17    66 2415193.96667  -6.28   2.13
g 1900 06 23 11 12 00   4931          14    53    13    47   3.60 327.00  55.50 272.90 0.8240 0 1
s 1900 06 23 11 12 00   4931     1    14    53    13    47   3.60 327.00  55.50 272.90 0.8240 0 1
g 1900 06 23 11 12 00   4932           7    36     4    19  -6.80 257.00 -14.50 122.00 0.2930 0 0
s 1900 06 23 11 12 00   4932     1     7    36     4    19  -6.80 257.00 -14.50 122.00 0.2930 0 0
d 1900 06 24 05 00 01 GREE            36   119    37   124 2415194.70834  -5.95   2.21
g 1900 06 24 05 00 01   4931          25    88    31   108   3.40 327.40  65.80 272.70 0.9120 0 1
s 1900 06 24 05 00 01   4931     1    25    88    31   108   3.40 327.40  65.80 272.70 0.9120 0 1
g 1900 06 24 05 00 01   4932          11    31     6    16  -7.40 256.90  -4.70 154.20 0.1870 0 2
s 1900 06 24 05 00 01   4932     1    11    31     6    16  -7.40 256.90  -4.70 154.20 0.1870 0 2
d 1900 06 25 16 23 01 GREE             0    17     0     9 2415196.18265  -5.29   2.38
g 1900 06 25 16 23 01   4932           0    17     0     9  -7.00 257.20  15.00 237.80 0.3040 0 0
s 1900 06 25 16 23 01   4932     1     0    17     0     9  -7.00 257.20  15.00 237.80 0.3040 0 0
d 1900 06 26 04 29 00 GREE             7    22     4    12 2415196.68681  -5.06   2.44
g 1900 06 26 04 29 00   4932           7    22     4    12  -7.20 256.90  21.50 245.50 0.3990 0 0
s 1900 06 26 04 29 00   4932     1     7    22     4    12  -7.20 256.90  21.50 245.50 0.3990 0 0
d 1900 06 27 04 48 00 GREE             0     0     0     0 2415197.70000  -4.60   2.55
d 1900 06 28 12 00 00 GREE             0     0     0     0 2415199.00000  -4.01   2.70
d 1900 06 29 11 35 01 GREE           292   462   280   443 2415199.98265  -3.56   2.81
g 1900 06 29 11 35 01   4933         292   462   280   443  -7.00 249.60  57.80 260.00 0.8530 0 0
s 1900 06 29 11 35 01   4933     1   292   462   280   443  -7.00 249.60  57.80 260.00 0.8530 0 0
d 1900 06 30 03 48 01 GREE           273   505   377   698 2415200.65834  -3.25   2.88
g 1900 06 30 03 48 01   4933         273   505   377   698  -6.90 251.00  68.10 261.40 0.9320 0 0
s 1900 06 30 03 48 01   4933     1   273   505   377   698  -6.90 251.00  68.10 261.40 0.9320 0 0
d 1900 07 01 04 24 01 GREE            66   134   214   434 2415201.68334  -2.79   3.00
g 1900 07 01 04 24 01   4933          66   134   214   434  -6.70 249.90  80.50 262.70 0.9880 0 2
s 1900 07 01 04 24 01   4933     1    66   134   214   434  -6.70 249.90  80.50 262.70 0.9880 0 2
d 1900 07 02 04 48 00 GREE             0     0     0     0 2415202.70000  -2.32   3.11
d 1900 07 03 10 53 01 GREE            13    49    17    61 2415203.95348  -1.75   3.24
g 1900 07 03 10 53 01   4934          13    49    17    61  10.50 205.60  66.30 280.00 0.9140 0 9
s 1900 07 03 10 53 01   4934     1    13    49    17    61  10.50 205.60  66.30 280.00 0.9140 0 9
d 1900 07 04 05 54 00 GREE            13    36    32    86 2415204.74583  -1.39   3.33
g 1900 07 04 05 54 00   4934          13    36    32    86  10.50 206.90  78.10 280.00 0.9770 0 2
s 1900 07 04 05 54 00   4934     1    13    36    32    86  10.50 206.90  78.10 280.00 0.9770 0 2
d 1900 07 05 14 24 00 GREE             0     0     0     0 2415206.10000  -0.77   3.47
d 1900 07 06 12 00 00 GREE             0     0     0     0 2415207.00000  -0.36   3.57
d 1900 07 07 09 36 00 GREE             0     0     0     0 2415207.90000   0.05   3.66
d 1900 07 08 12 00 00 GREE             0     0     0     0 2415209.00000   0.55   3.78
d 1900 07 09 04 48 00 GREE             0     0     0     0 2415209.70000   0.87   3.85
d 1900 07 10 09 36 00 GREE             0     0     0     0 2415210.90000   1.42   3.97
d 1900 07 11 12 00 00 GREE             0     0     0     0 2415212.00000   1.91   4.08
d 1900 07 12 12 00 00 GREE             0     0     0     0 2415213.00000   2.37   4.18
d 1900 07 13 12 00 00 GREE             0     0     0     0 2415214.00000   2.82   4.28
d 1900 07 14 12 00 00 GREE             0     0     0     0 2415215.00000   3.26   4.37
d 1900 07 15 10 49 00 GREE             9    43    18    83 2415215.95069   3.69   4.46
g 1900 07 15 10 49 00   4935           9    43    18    83  -7.30 266.50 -74.00  98.80 0.9650 0 7
s 1900 07 15 10 49 00   4935     1     9    43    18    83  -7.30 266.50 -74.00  98.80 0.9650 0 7
d 1900 07 16 11 42 01 GREE            26    89    28    95 2415216.98751   4.15   4.56
g 1900 07 16 11 42 01   4935          26    89    28    95  -6.80 266.00 -60.90 100.20 0.8820 0 7
s 1900 07 16 11 42 01   4935     1    26    89    28    95  -6.80 266.00 -60.90 100.20 0.8820 0 7
d 1900 07 17 11 16 01 GREE            40   161    31   123 2415217.96946   4.59   4.65
g 1900 07 17 11 16 01   4935          40   161    31   123  -6.70 265.90 -47.90 103.10 0.7560 0 7
s 1900 07 17 11 16 01   4935     1    40   161    31   123  -6.70 265.90 -47.90 103.10 0.7560 0 7
d 1900 07 18 11 31 00 GREE            67   262    41   160 2415218.97986   5.03   4.75
g 1900 07 18 11 31 00   4935          67   262    41   160  -6.70 267.40 -33.10 108.90 0.5730 0 7
s 1900 07 18 11 31 00   4935     1    67   262    41   160  -6.70 267.40 -33.10 108.90 0.5730 0 7
d 1900 07 19 11 16 01 GREE            61   269    33   146 2415219.96946   5.47   4.84
g 1900 07 19 11 16 01   4935          61   269    33   146  -6.30 268.00 -19.40 119.80 0.3810 0 7
s 1900 07 19 11 16 01   4935     1    61   269    33   146  -6.30 268.00 -19.40 119.80 0.3810 0 7
d 1900 07 20 11 02 00 GREE            69   267    38   145 2415220.95972   5.90   4.92
g 1900 07 20 11 02 00   4935          66   255    34   131  -6.10 268.10  -6.10 151.20 0.2190 0 1
s 1900 07 20 11 02 00   4935     1    66   255    34   131  -6.10 268.10  -6.10 151.20 0.2190 0 1
g 1900 07 20 11 02 00   4936           3    12     4    14  10.70 209.60 -64.60  80.50 0.9000 0 0
s 1900 07 20 11 02 00   4936     1     3    12     4    14  10.70 209.60 -64.60  80.50 0.9000 0 0
d 1900 07 21 05 54 00 GREE            61   179    34    99 2415221.74583   6.24   4.99
g 1900 07 21 05 54 00   4935          56   160    29    82  -5.70 268.40   4.50 202.60 0.2030 0 1
s 1900 07 21 05 54 00   4935     1    56   160    29    82  -5.70 268.40   4.50 202.60 0.2030 0 1
g 1900 07 21 05 54 00   4936           5    19     5    17  11.40 209.60 -54.30  79.60 0.8090 0 0
s 1900 07 21 05 54 00   4936     1     5    19     5    17  11.40 209.60 -54.30  79.60 0.8090 0 0
d 1900 07 22 06 01 00 GREE            37   102    21    57 2415222.75069   6.68   5.08
g 1900 07 22 06 01 00   4935          33    89    18    48  -6.00 268.90  18.30 238.90 0.3650 0 1
s 1900 07 22 06 01 00   4935     1    33    89    18    48  -6.00 268.90  18.30 238.90 0.3650 0 1
g 1900 07 22 06 01 00   4936           4    13     3     9  10.10 210.50 -40.10  80.40 0.6430 0 0
s 1900 07 22 06 01 00   4936     1     4    13     3     9  10.10 210.50 -40.10  80.40 0.6430 0 0
d 1900 07 23 06 02 01 GREE            33    75    20    45 2415223.75140   7.11   5.17
g 1900 07 23 06 02 01   4935          25    58    15    35  -5.50 268.80  31.50 251.70 0.5480 0 1
s 1900 07 23 06 02 01   4935     1    25    58    15    35  -5.50 268.80  31.50 251.70 0.5480 0 1
g 1900 07 23 06 02 01   4936           8    17     5    10  10.50 210.40 -26.90  77.10 0.4560 0 0
s 1900 07 23 06 02 01   4936     1     8    17     5    10  10.50 210.40 -26.90  77.10 0.4560 0 0
d 1900 07 24 11 12 00 GREE             5    48     4    37 2415224.96667   7.63   5.27
g 1900 07 24 11 12 00   4935           5    48     4    37  -5.90 269.40  48.20 257.60 0.7590 0 1
s 1900 07 24 11 12 00   4935     1     5    48     4    37  -5.90 269.40  48.20 257.60 0.7590 0 1
d 1900 07 25 11 41 00 GREE             0    24     0    26 2415225.98681   8.06   5.35
g 1900 07 25 11 41 00   4935           0    24     0    26  -5.60 269.20  61.40 260.80 0.8850 0 1
s 1900 07 25 11 41 00   4935     1     0    24     0    26  -5.60 269.20  61.40 260.80 0.8850 0 1
d 1900 07 26 12 00 00 GREE             0     0     0     0 2415227.00000   8.49   5.43
d 1900 07 27 07 12 00 GREE             0     0     0     0 2415227.80000   8.82   5.50
d 1900 07 28 07 12 00 GREE             0     0     0     0 2415228.80000   9.24   5.58
d 1900 07 29 12 00 00 GREE             0     0     0     0 2415230.00000   9.73   5.67
d 1900 07 30 12 00 00 GREE             0     0     0     0 2415231.00000  10.14   5.74
d 1900 07 31 12 00 00 GREE             0     0     0     0 2415232.00000  10.55   5.82
d 1900 08 01 07 12 00 GREE             0     0     0     0 2415232.80000  10.87   5.87
d 1900 08 02 12 00 00 GREE             0     0     0     0 2415234.00000  11.35   5.96
d 1900 08 03 04 48 00 GREE             0     0     0     0 2415234.70000  11.62   6.00
d 1900 08 04 12 00 00 GREE             0     0     0     0 2415236.00000  12.13   6.09
d 1900 08 05 09 36 00 GREE             0     0     0     0 2415236.90000  12.48   6.15
d 1900 08 06 04 48 00 GREE             0     0     0     0 2415237.70000  12.79   6.20
d 1900 08 07 12 47 01 GREE             0    12     0    17 2415239.03265  13.29   6.28
g 1900 08 07 12 47 01   4937           0    12     0    17   4.90 326.20 -69.10  87.20 0.9320 0 9
s 1900 08 07 12 47 01   4937     1     0    12     0    17   4.90 326.20 -69.10  87.20 0.9320 0 9
d 1900 08 08 07 20 01 GREE             6    18     6    17 2415239.80557  13.58   6.33
g 1900 08 08 07 20 01   4937           6    18     6    17   5.60 327.20 -57.90  87.40 0.8440 0 9
s 1900 08 08 07 20 01   4937     1     6    18     6    17   5.60 327.20 -57.90  87.40 0.8440 0 9
d 1900 08 09 05 48 00 GREE             6    19     5    14 2415240.74167  13.93   6.38
g 1900 08 09 05 48 00   4937           6    19     5    14   4.50 326.60 -46.00  89.90 0.7170 0 9
s 1900 08 09 05 48 00   4937     1     6    19     5    14   4.50 326.60 -46.00  89.90 0.7170 0 9
d 1900 08 10 05 16 01 GREE            11    23     7    14 2415241.71946  14.29   6.44
g 1900 08 10 05 16 01   4937          11    23     7    14   4.80 325.60 -34.10  88.90 0.5590 0 9
s 1900 08 10 05 16 01   4937     1    11    23     7    14   4.80 325.60 -34.10  88.90 0.5590 0 9
d 1900 08 11 11 19 01 GREE            34   196    28   133 2415242.97154  14.75   6.51
g 1900 08 11 11 19 01   4937           1    92     1    48   4.40 327.00 -16.20  96.60 0.2800 0 9
s 1900 08 11 11 19 01   4937     1     1    92     1    48   4.40 327.00 -16.20  96.60 0.2800 0 9
g 1900 08 11 11 19 01   4938          33   104    27    85   0.60 291.30 -51.90  94.20 0.7890 0 9
s 1900 08 11 11 19 01   4938     1    33   104    27    85   0.60 291.30 -51.90  94.20 0.7890 0 9
d 1900 08 12 11 22 01 GREE            33   172    21   102 2415243.97362  15.10   6.56
g 1900 08 12 11 22 01   4937           9    71     5    36   4.40 326.90  -3.00 125.50 0.0650 0 9
s 1900 08 12 11 22 01   4937     1     9    71     5    36   4.40 326.90  -3.00 125.50 0.0650 0 9
g 1900 08 12 11 22 01   4938          24   101    16    66   0.70 290.70 -39.20  96.80 0.6370 0 9
s 1900 08 12 11 22 01   4938     1    24   101    16    66   0.70 290.70 -39.20  96.80 0.6370 0 9
d 1900 08 13 11 19 01 GREE            18    63    10    35 2415244.97154  15.46   6.61
g 1900 08 13 11 19 01   4938          18    63    10    35   0.50 291.80 -25.00 102.70 0.4330 0 9
s 1900 08 13 11 19 01   4938     1    18    63    10    35   0.50 291.80 -25.00 102.70 0.4330 0 9
d 1900 08 14 12 00 00 GREE             0     0     0     0 2415246.00000  15.81   6.66
d 1900 08 15 12 00 00 GREE             0     0     0     0 2415247.00000  16.16   6.71
d 1900 08 16 12 00 00 GREE             0     0     0     0 2415248.00000  16.50   6.75
d 1900 08 17 12 00 00 GREE             0     0     0     0 2415249.00000  16.83   6.80
d 1900 08 18 12 00 00 GREE             0     0     0     0 2415250.00000  17.16   6.84
d 1900 08 19 09 36 00 GREE             0     0     0     0 2415250.90000  17.46   6.88
d 1900 08 20 02 24 00 GREE             0     0     0     0 2415251.60000  17.68   6.90
d 1900 08 21 12 00 00 GREE             0     0     0     0 2415253.00000  18.12   6.95
d 1900 08 22 12 00 00 GREE             0     0     0     0 2415254.00000  18.43   6.99
d 1900 08 23 14 24 00 GREE             0     0     0     0 2415255.10000  18.77   7.02
d 1900 08 24 16 48 00 GREE             0     0     0     0 2415256.20000  19.10   7.05
d 1900 08 25 04 48 00 GREE             0     0     0     0 2415256.70000  19.25   7.07
d 1900 08 26 12 00 00 GREE             0     0     0     0 2415258.00000  19.62   7.10
d 1900 08 27 07 12 00 GREE             0     0     0     0 2415258.80000  19.85   7.12
d 1900 08 28 04 48 00 GREE             0     0     0     0 2415259.70000  20.11   7.14
d 1900 08 29 09 36 00 GREE             0     0     0     0 2415260.90000  20.44   7.16
d 1900 08 30 04 48 00 GREE             0     0     0     0 2415261.70000  20.65   7.18
d 1900 08 31 12 00 00 GREE             0     0     0     0 2415263.00000  20.99   7.20
d 1900 09 01 04 48 00 GREE             0     0     0     0 2415263.70000  21.17   7.21
d 1900 09 02 04 48 00 GREE             0     0     0     0 2415264.70000  21.43   7.22
d 1900 09 03 12 18 01 GREE            12    50     8    38 2415266.01251  21.75   7.23
g 1900 09 03 12 18 01   4939           0     4     0     8 -21.10 106.80  68.10 245.20 0.9540 0 0
s 1900 09 03 12 18 01   4939     1     0     4     0     8 -21.10 106.80  68.10 245.20 0.9540 0 0
g 1900 09 03 12 18 01   4940          12    46     8    30   8.60 359.50 -39.20  85.20 0.6270 0 9
s 1900 09 03 12 18 01   4940     1    12    46     8    30   8.60 359.50 -39.20  85.20 0.6270 0 9
d 1900 09 04 05 55 01 GREE            10    76     6   139 2415266.74654  21.93   7.24
g 1900 09 04 05 55 01   4939           0    21     0   107 -22.40 109.60  80.60 246.50 0.9950 0 0
s 1900 09 04 05 55 01   4939     1     0    21     0   107 -22.40 109.60  80.60 246.50 0.9950 0 0
g 1900 09 04 05 55 01   4940          10    55     6    32   7.90 358.70 -30.30  86.70 0.5010 0 9
s 1900 09 04 05 55 01   4940     1    10    55     6    32   7.90 358.70 -30.30  86.70 0.5010 0 9
d 1900 09 05 10 53 01 GREE            52   160    51   164 2415267.95348  22.21   7.25
g 1900 09 05 10 53 01   4940          19    47    10    24   8.30   1.70 -11.40  83.70 0.1970 0 9
s 1900 09 05 10 53 01   4940     1    19    47    10    24   8.30   1.70 -11.40  83.70 0.1970 0 9
g 1900 09 05 10 53 01   4941          33   113    41   140  -5.80 308.20 -64.90  99.60 0.9140 0 9
s 1900 09 05 10 53 01   4941     1    33   113    41   140  -5.80 308.20 -64.90  99.60 0.9140 0 9
d 1900 09 06 15 07 00 GREE            83   204    57   143 2415269.12986  22.48   7.25
g 1900 09 06 15 07 00   4940          35    71    18    36   8.20   2.20   4.60 282.70 0.0810 0 9
s 1900 09 06 15 07 00   4940     1    35    71    18    36   8.20   2.20   4.60 282.70 0.0810 0 9
g 1900 09 06 15 07 00   4941          48   133    39   107  -5.40 307.50 -50.10 102.80 0.7830 0 9
s 1900 09 06 15 07 00   4941     1    48   133    39   107  -5.40 307.50 -50.10 102.80 0.7830 0 9
d 1900 09 07 12 24 00 GREE            51   162    31    96 2415270.01667  22.68   7.25
g 1900 09 07 12 24 00   4940          24    82    13    43   8.20   2.40  16.50 274.60 0.2820 0 9
s 1900 09 07 12 24 00   4940     1    24    82    13    43   8.20   2.40  16.50 274.60 0.2820 0 9
g 1900 09 07 12 24 00   4941          27    80    18    53  -4.90 306.90 -39.00 106.20 0.6530 0 9
s 1900 09 07 12 24 00   4941     1    27    80    18    53  -4.90 306.90 -39.00 106.20 0.6530 0 9
d 1900 09 08 10 19 00 GREE            27    71    16    42 2415270.92986  22.88   7.25
g 1900 09 08 10 19 00   4940           5    15     3     9   8.30   2.80  29.10 274.00 0.4820 0 0
s 1900 09 08 10 19 00   4940     1     5    15     3     9   8.30   2.80  29.10 274.00 0.4820 0 0
g 1900 09 08 10 19 00   4941          22    56    13    33  -4.80 305.10 -28.60 112.10 0.5150 0 7
s 1900 09 08 10 19 00   4941     1    22    56    13    33  -4.80 305.10 -28.60 112.10 0.5150 0 7
d 1900 09 09 11 26 01 GREE            18    53    10    28 2415271.97640  23.10   7.25
g 1900 09 09 11 26 01   4941          18    53    10    28  -4.60 305.70 -14.20 129.40 0.3160 0 7
s 1900 09 09 11 26 01   4941     1    18    53    10    28  -4.60 305.70 -14.20 129.40 0.3160 0 7
d 1900 09 10 12 10 00 GREE            13    47     7    24 2415273.00694  23.31   7.24
g 1900 09 10 12 10 00   4941          13    47     7    24  -3.80 305.70  -0.60 176.90 0.1910 0 7
s 1900 09 10 12 10 00   4941     1    13    47     7    24  -3.80 305.70  -0.60 176.90 0.1910 0 7
d 1900 09 11 11 12 00 GREE            19    36    10    19 2415273.96667  23.50   7.23
g 1900 09 11 11 12 00   4941          19    36    10    19  -3.30 306.10  12.50 230.30 0.2810 0 7
s 1900 09 11 11 12 00   4941     1    19    36    10    19  -3.30 306.10  12.50 230.30 0.2810 0 7
d 1900 09 12 12 00 00 GREE             0     0     0     0 2415275.00000  23.70   7.22
d 1900 09 13 12 00 00 GREE             0     0     0     0 2415276.00000  23.89   7.21
d 1900 09 14 14 24 00 GREE             0     0     0     0 2415277.10000  24.09   7.20
d 1900 09 15 12 00 00 GREE             0     0     0     0 2415278.00000  24.24   7.18
d 1900 09 16 12 00 00 GREE             0     0     0     0 2415279.00000  24.41   7.16
d 1900 09 17 12 00 00 GREE             0     0     0     0 2415280.00000  24.57   7.14
d 1900 09 18 07 12 00 GREE             0     0     0     0 2415280.80000  24.70   7.13
d 1900 09 19 14 24 00 GREE             0     0     0     0 2415282.10000  24.89   7.10
d 1900 09 20 12 00 00 GREE             0     0     0     0 2415283.00000  25.02   7.07
d 1900 09 21 09 36 00 GREE             0     0     0     0 2415283.90000  25.15   7.05
d 1900 09 22 12 00 00 GREE             0     0     0     0 2415285.00000  25.29   7.01
d 1900 09 23 12 00 00 GREE             0     0     0     0 2415286.00000  25.41   6.98
d 1900 09 24 04 48 00 GREE             0     0     0     0 2415286.70000  25.49   6.96
d 1900 09 25 14 24 00 GREE             0     0     0     0 2415288.10000  25.65   6.91
d 1900 09 26 09 36 00 GREE             0     0     0     0 2415288.90000  25.73   6.88
d 1900 09 27 04 48 00 GREE             0     0     0     0 2415289.70000  25.81   6.84
d 1900 09 28 09 36 00 GREE             0     0     0     0 2415290.90000  25.92   6.79
d 1900 09 29 12 00 00 GREE             0     0     0     0 2415292.00000  26.01   6.74
d 1900 09 30 04 48 00 GREE             0     0     0     0 2415292.70000  26.06   6.71
d 1900 10 01 12 00 00 GREE             0     0     0     0 2415294.00000  26.16   6.65
d 1900 10 02 12 00 00 GREE             0     0     0     0 2415295.00000  26.22   6.60
d 1900 10 03 12 00 00 GREE             0     0     0     0 2415296.00000  26.27   6.54
d 1900 10 04 04 48 00 GREE             0     0     0     0 2415296.70000  26.31   6.51
d 1900 10 05 09 36 00 GREE             0     0     0     0 2415297.90000  26.36   6.44
d 1900 10 06 12 00 00 GREE             0     0     0     0 2415299.00000  26.39   6.37
d 1900 10 07 11 19 01 GREE             9    19     5    10 2415299.97154  26.42   6.32
g 1900 10 07 11 19 01   4942           9    19     5    10  -4.10 314.80   4.30 202.50 0.1950 0 0
s 1900 10 07 11 19 01   4942     1     9    19     5    10  -4.10 314.80   4.30 202.50 0.1950 0 0
d 1900 10 08 11 11 00 GREE            57   130    31    70 2415300.96597  26.44   6.25
g 1900 10 08 11 11 00   4942          57   130    31    70  -4.30 316.20  18.90 241.40 0.3680 0 2
s 1900 10 08 11 11 00   4942     1    57   130    31    70  -4.30 316.20  18.90 241.40 0.3680 0 2
d 1900 10 09 11 08 00 GREE            47   134    29    82 2415301.96389  26.45   6.19
g 1900 10 09 11 08 00   4942          47   134    29    82  -4.20 317.50  33.30 253.40 0.5710 0 9
s 1900 10 09 11 08 00   4942     1    47   134    29    82  -4.20 317.50  33.30 253.40 0.5710 0 9
d 1900 10 10 04 23 01 GREE            42   166    30   117 2415302.68265  26.45   6.14
g 1900 10 10 04 23 01   4942          42   166    30   117  -4.60 318.20  43.50 257.10 0.7040 0 9
s 1900 10 10 04 23 01   4942     1    42   166    30   117  -4.60 318.20  43.50 257.10 0.7040 0 9
d 1900 10 11 11 05 00 GREE            64   174    70   188 2415303.96181  26.45   6.05
g 1900 10 11 11 05 00   4942          64   174    70   188  -4.60 319.40  61.60 261.60 0.8860 0 9
s 1900 10 11 11 05 00   4942     1    64   174    70   188  -4.60 319.40  61.60 261.60 0.8860 0 9
d 1900 10 12 04 17 01 GREE             5    44     8    70 2415304.67848  26.44   6.01
g 1900 10 12 04 17 01   4942           5    44     8    70  -4.80 319.20  70.90 262.90 0.9490 0 9
s 1900 10 12 04 17 01   4942     1     5    44     8    70  -4.80 319.20  70.90 262.90 0.9490 0 9
d 1900 10 13 04 48 00 GREE             0     0     0     0 2415305.70000  26.43   5.93
d 1900 10 14 12 00 00 GREE             0     0     0     0 2415307.00000  26.40   5.84
d 1900 10 15 12 00 00 GREE             0     0     0     0 2415308.00000  26.36   5.76
d 1900 10 16 06 17 00 GREE            15    34    42    95 2415308.76181  26.33   5.70
g 1900 10 16 06 17 00   4943          15    34    42    95  -4.80 115.60 -78.90  96.00 0.9830 0 0
s 1900 10 16 06 17 00   4943     1    15    34    42    95  -4.80 115.60 -78.90  96.00 0.9830 0 0
d 1900 10 17 12 17 00 GREE            70   267   109   410 2415310.01181  26.27   5.60
g 1900 10 17 12 17 00   4943          23    93    26   103  -5.20 115.80 -62.20  98.70 0.8910 0 0
s 1900 10 17 12 17 00   4943     1    23    93    26   103  -5.20 115.80 -62.20  98.70 0.8910 0 0
g 1900 10 17 12 17 00   4944          47   174    83   307  -5.30 105.20 -72.80  97.20 0.9590 0 9
s 1900 10 17 12 17 00   4944     1    47   174    83   307  -5.30 105.20 -72.80  97.20 0.9590 0 9
d 1900 10 18 04 46 01 GREE           111   444   120   483 2415310.69862  26.24   5.55
g 1900 10 18 04 46 01   4943          32   109    28    93  -5.10 116.00 -53.00 100.40 0.8090 0 0
s 1900 10 18 04 46 01   4943     1    32   109    28    93  -5.10 116.00 -53.00 100.40 0.8090 0 0
g 1900 10 18 04 46 01   4944          79   335    92   390  -5.30 105.20 -63.80  98.50 0.9030 0 9
s 1900 10 18 04 46 01   4944     1    79   335    92   390  -5.30 105.20 -63.80  98.50 0.9030 0 9
d 1900 10 19 05 02 00 GREE           116   419    87   312 2415311.70972  26.17   5.47
g 1900 10 19 05 02 00   4943          43   158    29   105  -5.30 115.90 -39.70 104.50 0.6570 0 0
s 1900 10 19 05 02 00   4943     1    43   158    29   105  -5.30 115.90 -39.70 104.50 0.6570 0 0
g 1900 10 19 05 02 00   4944          73   261    58   207  -5.80 106.00 -49.60 102.00 0.7750 0 9
s 1900 10 19 05 02 00   4944     1    73   261    58   207  -5.80 106.00 -49.60 102.00 0.7750 0 9
d 1900 10 20 03 43 00 GREE           175   731   108   445 2415312.65486  26.11   5.39
g 1900 10 20 03 43 00   4943          43   219    25   125  -5.00 116.40 -26.80 110.60 0.4800 0 0
s 1900 10 20 03 43 00   4943     1    43   219    25   125  -5.00 116.40 -26.80 110.60 0.4800 0 0
g 1900 10 20 03 43 00   4944         132   512    83   320  -5.60 108.00 -35.20 106.70 0.5990 0 9
s 1900 10 20 03 43 00   4944     1   132   512    83   320  -5.60 108.00 -35.20 106.70 0.5990 0 9
d 1900 10 21 12 11 01 GREE           171   615    90   323 2415314.00765  26.00   5.27
g 1900 10 21 12 11 01   4943          58   210    30   108  -4.70 117.00  -8.30 140.20 0.2250 0 0
s 1900 10 21 12 11 01   4943     1    58   210    30   108  -4.70 117.00  -8.30 140.20 0.2250 0 0
g 1900 10 21 12 11 01   4944         113   405    60   215  -5.80 109.40 -15.90 124.70 0.3320 0 7
s 1900 10 21 12 11 01   4944     1   113   405    60   215  -5.80 109.40 -15.90 124.70 0.3320 0 7
d 1900 10 22 04 43 01 GREE           138   562    71   288 2415314.69654  25.94   5.21
g 1900 10 22 04 43 01   4943          47   197    24   100  -4.40 116.70   0.50 183.00 0.1670 0 0
s 1900 10 22 04 43 01   4943     1    47   197    24   100  -4.40 116.70   0.50 183.00 0.1670 0 0
g 1900 10 22 04 43 01   4944          91   365    47   188  -6.10 108.70  -7.50 146.40 0.2340 0 7
s 1900 10 22 04 43 01   4944     1    91   365    47   188  -6.10 108.70  -7.50 146.40 0.2340 0 7
d 1900 10 23 04 07 01 GREE           104   604    54   312 2415315.67154  25.85   5.13
g 1900 10 23 04 07 01   4943          26   218    14   114  -4.70 117.10  13.80 234.80 0.2910 0 0
s 1900 10 23 04 07 01   4943     1    26   218    14   114  -4.70 117.10  13.80 234.80 0.2910 0 0
g 1900 10 23 04 07 01   4944          78   386    40   198  -6.20 109.40   6.10 208.40 0.2220 0 7
s 1900 10 23 04 07 01   4944     1    78   386    40   198  -6.20 109.40   6.10 208.40 0.2220 0 7
d 1900 10 24 04 27 01 GREE            79   348    44   191 2415316.68543  25.75   5.04
g 1900 10 24 04 27 01   4943          15    52     9    30  -5.00 117.30  27.40 250.30 0.4870 0 0
s 1900 10 24 04 27 01   4943     1    15    52     9    30  -5.00 117.30  27.40 250.30 0.4870 0 0
g 1900 10 24 04 27 01   4944          64   296    35   161  -6.40 109.90  20.00 240.50 0.3910 0 7
s 1900 10 24 04 27 01   4944     1    64   296    35   161  -6.40 109.90  20.00 240.50 0.3910 0 7
d 1900 10 25 04 24 01 GREE            87   343    55   215 2415317.68334  25.65   4.94
g 1900 10 25 04 24 01   4943          16    42    11    29  -5.30 117.90  41.00 256.60 0.6720 0 0
s 1900 10 25 04 24 01   4943     1    16    42    11    29  -5.30 117.90  41.00 256.60 0.6720 0 0
g 1900 10 25 04 24 01   4944          71   301    44   186  -6.90 110.70  33.80 251.00 0.5840 0 7
s 1900 10 25 04 24 01   4944     1    71   301    44   186  -6.90 110.70  33.80 251.00 0.5840 0 7
d 1900 10 26 06 48 01 GREE            78   288    63   230 2415318.78334  25.52   4.84
g 1900 10 26 06 48 01   4943          11    25    10    23  -5.10 118.10  55.70 260.60 0.8340 0 0
s 1900 10 26 06 48 01   4943     1    11    25    10    23  -5.10 118.10  55.70 260.60 0.8340 0 0
g 1900 10 26 06 48 01   4944          67   263    53   207  -6.60 111.70  49.30 257.40 0.7720 0 7
s 1900 10 26 06 48 01   4944     1    67   263    53   207  -6.60 111.70  49.30 257.40 0.7720 0 7
d 1900 10 27 05 05 00 GREE            54   251    59   278 2415319.71181  25.40   4.75
g 1900 10 27 05 05 00   4943           0    13     0    18  -5.40 118.10  68.00 262.30 0.9310 0 0
s 1900 10 27 05 05 00   4943     1     0    13     0    18  -5.40 118.10  68.00 262.30 0.9310 0 0
g 1900 10 27 05 05 00   4944          54   238    59   260  -6.90 111.90  61.80 259.80 0.8890 0 7
s 1900 10 27 05 05 00   4944     1    54   238    59   260  -6.90 111.90  61.80 259.80 0.8890 0 7
d 1900 10 28 12 25 01 GREE            16    42    53   136 2415321.01737  25.23   4.63
g 1900 10 28 12 25 01   4944          16    42    53   136  -7.20 113.50  80.60 262.00 0.9880 0 7
s 1900 10 28 12 25 01   4944     1    16    42    53   136  -7.20 113.50  80.60 262.00 0.9880 0 7
d 1900 10 29 05 08 00 GREE             0    21     0    18 2415321.71389  25.13   4.56
g 1900 10 29 05 08 00   4945           0    21     0    18  -5.30 332.20 -51.50 100.20 0.7920 0 2
s 1900 10 29 05 08 00   4945     1     0    21     0    18  -5.30 332.20 -51.50 100.20 0.7920 0 2
d 1900 10 30 05 38 00 GREE             6    18     4    12 2415322.73472  24.98   4.46
g 1900 10 30 05 38 00   4945           6    18     4    12  -5.30 332.30 -37.90 104.00 0.6300 0 2
s 1900 10 30 05 38 00   4945     1     6    18     4    12  -5.30 332.30 -37.90 104.00 0.6300 0 2
d 1900 10 31 09 36 00 GREE             0     0     0     0 2415323.90000  24.80   4.34
d 1900 11 01 12 00 00 GREE             0     0     0     0 2415325.00000  24.62   4.23
d 1900 11 02 04 48 00 GREE             0     0     0     0 2415325.70000  24.50   4.16
d 1900 11 03 04 48 00 GREE             0     0     0     0 2415326.70000  24.32   4.05
d 1900 11 04 04 48 00 GREE             0     0     0     0 2415327.70000  24.13   3.95
d 1900 11 05 04 48 00 GREE             0     0     0     0 2415328.70000  23.94   3.84
d 1900 11 06 04 48 00 GREE             0     0     0     0 2415329.70000  23.73   3.73
d 1900 11 07 04 48 00 GREE             0     0     0     0 2415330.70000  23.52   3.62
d 1900 11 08 09 36 00 GREE             0     0     0     0 2415331.90000  23.26   3.49
d 1900 11 09 12 00 00 GREE             0     0     0     0 2415333.00000  23.01   3.37
d 1900 11 10 12 00 00 GREE             0     0     0     0 2415334.00000  22.77   3.25
d 1900 11 11 12 00 00 GREE             0     0     0     0 2415335.00000  22.53   3.14
d 1900 11 12 04 48 00 GREE             0     0     0     0 2415335.70000  22.35   3.06
d 1900 11 13 07 46 01 GREE             0     8     0    12 2415336.82362  22.06   2.93
g 1900 11 13 07 46 01   4946           0     8     0    12  -7.30 116.40 -68.00  99.00 0.9310 0 0
s 1900 11 13 07 46 01   4946     1     0     8     0    12  -7.30 116.40 -68.00  99.00 0.9310 0 0
d 1900 11 14 06 57 01 GREE             4    11     4    10 2415337.78959  21.81   2.82
g 1900 11 14 06 57 01   4946           4    11     4    10  -7.00 116.60 -55.10 100.40 0.8280 0 0
s 1900 11 14 06 57 01   4946     1     4    11     4    10  -7.00 116.60 -55.10 100.40 0.8280 0 0
d 1900 11 15 12 00 00 GREE             0     0     0     0 2415339.00000  21.47   2.67
d 1900 11 16 04 48 00 GREE             0     0     0     0 2415339.70000  21.28   2.59
d 1900 11 17 04 48 00 GREE             0     0     0     0 2415340.70000  20.99   2.47
d 1900 11 18 05 19 01 GREE            13    53     7    27 2415341.72154  20.69   2.35
g 1900 11 18 05 19 01   4947          13    53     7    27  10.00 115.80  -4.10  27.70 0.1510 0 1
s 1900 11 18 05 19 01   4947     1    13    53     7    27  10.00 115.80  -4.10  27.70 0.1510 0 1
d 1900 11 19 05 13 01 GREE            46   178    24    92 2415342.71737  20.39   2.23
g 1900 11 19 05 13 01   4947          46   178    24    92   9.90 117.80  11.10 305.40 0.2330 0 1
s 1900 11 19 05 13 01   4947     1    46   178    24    92   9.90 117.80  11.10 305.40 0.2330 0 1
d 1900 11 20 05 05 00 GREE            41   123    23    68 2415343.71181  20.08   2.11
g 1900 11 20 05 05 00   4947          41   123    23    68   9.90 117.70  24.00 289.10 0.4240 0 1
s 1900 11 20 05 05 00   4947     1    41   123    23    68   9.90 117.70  24.00 289.10 0.4240 0 1
d 1900 11 21 04 35 00 GREE            41   145    27    94 2415344.69097  19.77   1.99
g 1900 11 21 04 35 00   4947          41   145    27    94   9.30 119.60  38.80 282.40 0.6330 0 1
s 1900 11 21 04 35 00   4947     1    41   145    27    94   9.30 119.60  38.80 282.40 0.6330 0 1
d 1900 11 22 04 39 00 GREE             8    29     7    25 2415345.69375  19.44   1.86
g 1900 11 22 04 39 00   4947           8    29     7    25   9.10 120.70  53.20 280.00 0.8030 0 1
s 1900 11 22 04 39 00   4947     1     8    29     7    25   9.10 120.70  53.20 280.00 0.8030 0 1
d 1900 11 23 10 42 00 GREE             0    13     0    20 2415346.94583  19.03   1.71
g 1900 11 23 10 42 00   4947           0    13     0    20   9.40 121.00  70.00 279.40 0.9400 0 1
s 1900 11 23 10 42 00   4947     1     0    13     0    20   9.40 121.00  70.00 279.40 0.9400 0 1
d 1900 11 24 04 48 00 GREE             0     0     0     0 2415347.70000  18.77   1.62
d 1900 11 25 04 48 00 GREE             0     0     0     0 2415348.70000  18.43   1.49
d 1900 11 26 07 12 00 GREE             0     0     0     0 2415349.80000  18.04   1.35
d 1900 11 27 07 12 00 GREE             0     0     0     0 2415350.80000  17.68   1.23
d 1900 11 28 04 48 00 GREE             0     0     0     0 2415351.70000  17.35   1.11
d 1900 11 29 04 48 00 GREE             0     0     0     0 2415352.70000  16.98   0.99
d 1900 11 30 09 36 00 GREE             0     0     0     0 2415353.90000  16.53   0.83
d 1900 12 01 04 48 00 GREE             0     0     0     0 2415354.70000  16.22   0.73
d 1900 12 02 04 48 00 GREE             0     0     0     0 2415355.70000  15.83   0.61
d 1900 12 03 07 12 00 GREE             0     0     0     0 2415356.80000  15.40   0.46
d 1900 12 04 07 12 00 GREE             0     0     0     0 2415357.80000  14.99   0.34
d 1900 12 05 07 12 00 GREE             0     0     0     0 2415358.80000  14.59   0.21
d 1900 12 06 07 12 00 GREE             0     0     0     0 2415359.80000  14.17   0.08
d 1900 12 07 04 48 00 GREE             0     0     0     0 2415360.70000  13.80  -0.03
d 1900 12 08 04 48 00 GREE             0     0     0     0 2415361.70000  13.38  -0.16
d 1900 12 09 04 48 00 GREE             0     0     0     0 2415362.70000  12.95  -0.29
d 1900 12 10 12 00 00 GREE             0     0     0     0 2415364.00000  12.39  -0.46
d 1900 12 11 04 48 00 GREE             0     0     0     0 2415364.70000  12.08  -0.55
d 1900 12 12 07 12 00 GREE             0     0     0     0 2415365.80000  11.59  -0.69
d 1900 12 13 04 48 00 GREE             0     0     0     0 2415366.70000  11.19  -0.80
d 1900 12 14 09 36 00 GREE             0     0     0     0 2415367.90000  10.65  -0.96
d 1900 12 15 09 36 00 GREE             0     0     0     0 2415368.90000  10.20  -1.08
d 1900 12 16 12 00 00 GREE             0     0     0     0 2415370.00000   9.69  -1.22
d 1900 12 17 12 00 00 GREE             0     0     0     0 2415371.00000   9.23  -1.35
d 1900 12 18 09 36 00 GREE             0     0     0     0 2415371.90000   8.81  -1.46
d 1900 12 19 09 36 00 GREE             0     0     0     0 2415372.90000   8.35  -1.59
d 1900 12 20 09 36 00 GREE             0     0     0     0 2415373.90000   7.88  -1.71
d 1900 12 21 12 00 00 GREE             0     0     0     0 2415375.00000   7.36  -1.85
d 1900 12 22 07 12 00 GREE             0     0     0     0 2415375.80000   6.98  -1.95
d 1900 12 23 09 36 00 GREE             0     0     0     0 2415376.90000   6.45  -2.09
d 1900 12 24 04 48 00 GREE             0     0     0     0 2415377.70000   6.07  -2.18
d 1900 12 25 09 36 00 GREE             0     0     0     0 2415378.90000   5.49  -2.33
d 1900 12 26 12 00 00 GREE             0     0     0     0 2415380.00000   4.96  -2.46
d 1900 12 27 04 48 00 GREE             0     0     0     0 2415380.70000   4.62  -2.55
d 1900 12 28 04 48 00 GREE             0     0     0     0 2415381.70000   4.13  -2.67
d 1900 12 29 12 00 00 GREE             0     0     0     0 2415383.00000   3.50  -2.82
d 1900 12 30 04 48 00 GREE             0     0     0     0 2415383.70000   3.16  -2.91
d 1900 12 31 04 48 00 GREE             0     0     0     0 2415384.70000   2.67  -3.02
