d 1878 01 01 12 00 00 GREE             0     0     0     0 2406986.00000   1.73  -3.28
d 1878 01 02 12 00 00 GREE             0     0     0     0 2406987.00000   1.24  -3.39
d 1878 01 03 12 00 00 GREE             0     0     0     0 2406988.00000   0.76  -3.51
d 1878 01 04 12 00 00 GREE             0     0     0     0 2406989.00000   0.27  -3.62
d 1878 01 05 12 00 00 GREE             0     0     0     0 2406990.00000  -0.22  -3.73
d 1878 01 07 12 00 00 GREE             0     0     0     0 2406992.00000  -1.20  -3.95
d 1878 01 08 12 00 00 GREE             0     0     0     0 2406993.00000  -1.68  -4.06
d 1878 01 09 12 00 00 GREE             0     0     0     0 2406994.00000  -2.16  -4.16
d 1878 01 10 12 00 00 GREE             0     0     0     0 2406995.00000  -2.65  -4.27
d 1878 01 11 12 00 00 GREE             0     0     0     0 2406996.00000  -3.13  -4.37
d 1878 01 12 12 00 00 GREE             0     0     0     0 2406997.00000  -3.61  -4.47
d 1878 01 13 12 00 00 GREE             0     0     0     0 2406998.00000  -4.08  -4.57
d 1878 01 16 12 00 00 GREE             0     0     0     0 2407001.00000  -5.50  -4.87
d 1878 01 17 12 00 00 GREE             0     0     0     0 2407002.00000  -5.97  -4.96
d 1878 01 18 12 00 00 GREE             0     0     0     0 2407003.00000  -6.43  -5.05
d 1878 01 19 12 00 00 GREE             0     0     0     0 2407004.00000  -6.89  -5.15
d 1878 01 20 12 00 00 GREE             0     0     0     0 2407005.00000  -7.35  -5.24
d 1878 01 21 12 00 00 GREE             0     0     0     0 2407006.00000  -7.80  -5.32
d 1878 01 22 12 00 00 GREE             0     0     0     0 2407007.00000  -8.25  -5.41
d 1878 01 23 14 00 01 GREE            87   239    46   126 2407008.08334  -8.74  -5.50
g 1878 01 23 14 00 01    266          87   239    46   126   7.70 325.90  10.30 321.50 0.2840 0 2
s 1878 01 23 14 00 01    266     1    87   239    46   126   7.70 325.90  10.30 321.50 0.2840 0 2
d 1878 01 24 00 00 00 GREE            63   211    36   119 2407008.50000  -8.92  -5.54
g 1878 01 24 00 00 00    266          63   211    36   119   7.80 327.60  21.90 298.50 0.4620 0 2
s 1878 01 24 00 00 00    266     1    63   211    36   119   7.80 327.60  21.90 298.50 0.4620 0 2
d 1878 01 25 02 05 00 GREE            43   180    27   112 2407009.58681  -9.41  -5.63
g 1878 01 25 02 05 00    266          43   180    27   112   7.90 329.30  33.50 291.50 0.5950 0 2
s 1878 01 25 02 05 00    266     1    43   180    27   112   7.90 329.30  33.50 291.50 0.5950 0 2
d 1878 01 26 01 59 01 GREE             0   136     0   104 2407010.58265  -9.84  -5.71
g 1878 01 26 01 59 01    266           0   136     0   104   7.40 330.00  47.30 284.50 0.7600 0 2
s 1878 01 26 01 59 01    266     1     0   136     0   104   7.40 330.00  47.30 284.50 0.7600 0 2
d 1878 01 29 12 00 00 GREE             0     0     0     0 2407014.00000 -11.31  -5.97
d 1878 01 30 12 00 00 GREE             0     0     0     0 2407015.00000 -11.73  -6.04
d 1878 01 31 12 00 00 GREE             0     0     0     0 2407016.00000 -12.14  -6.11
d 1878 02 01 12 00 00 GREE             0     0     0     0 2407017.00000 -12.55  -6.18
d 1878 02 02 12 00 00 GREE             0     0     0     0 2407018.00000 -12.96  -6.24
d 1878 02 03 05 02 00 GREE            23   173    16   116 2407018.70972 -13.24  -6.29
g 1878 02 03 05 02 00    268          23   173    16   116  -9.10 133.90 -41.70  96.60 0.6650 0 4
s 1878 02 03 05 02 00    268     1    23   173    16   116  -9.10 133.90 -41.70  96.60 0.6650 0 4
d 1878 02 04 00 00 00 GREE            47   412    25   218 2407019.50000 -13.56  -6.34
g 1878 02 04 00 00 00    267          17   141     9    71  -7.60 152.50 -10.20 101.50 0.1130 0 4
s 1878 02 04 00 00 00    267     1    17   141     9    71  -7.60 152.50 -10.20 101.50 0.1130 0 4
g 1878 02 04 00 00 00    268          30   271    16   147  -9.10 133.90 -28.80  94.50 0.3830 0 4
s 1878 02 04 00 00 00    268     1    30   271    16   147  -9.10 133.90 -28.80  94.50 0.3830 0 4
d 1878 02 05 04 17 01 GREE            36   231    18   119 2407020.67848 -14.02  -6.41
g 1878 02 05 04 17 01    267           6    54     3    27  -7.60 152.50   2.70 246.00 0.0510 0 4
s 1878 02 05 04 17 01    267     1     6    54     3    27  -7.60 152.50   2.70 246.00 0.0510 0 4
g 1878 02 05 04 17 01    268          30   177    15    92  -9.10 133.90 -15.90 100.50 0.2670 0 4
s 1878 02 05 04 17 01    268     1    30   177    15    92  -9.10 133.90 -15.90 100.50 0.2670 0 4
d 1878 02 06 00 00 00 GREE            22   178    12    91 2407021.50000 -14.34  -6.46
g 1878 02 06 00 00 00    267           3    43     2    23  -7.60 152.50  17.50 265.50 0.3500 0 4
s 1878 02 06 00 00 00    267     1     3    43     2    23  -7.60 152.50  17.50 265.50 0.3500 0 4
g 1878 02 06 00 00 00    268          19   135    10    68  -9.10 133.90  -1.10 148.50 0.0610 0 4
s 1878 02 06 00 00 00    268     1    19   135    10    68  -9.10 133.90  -1.10 148.50 0.0610 0 4
d 1878 02 07 00 00 00 GREE            10   116     6    63 2407022.50000 -14.72  -6.52
g 1878 02 07 00 00 00    267           1    31     1    19  -7.60 152.50  32.30 266.50 0.5520 0 4
s 1878 02 07 00 00 00    267     1     1    31     1    19  -7.60 152.50  32.30 266.50 0.5520 0 4
g 1878 02 07 00 00 00    268           9    85     5    44  -9.10 133.90  13.60 259.50 0.2500 0 4
s 1878 02 07 00 00 00    268     1     9    85     5    44  -9.10 133.90  13.60 259.50 0.2500 0 4
d 1878 02 08 13 04 01 GREE             0    49     0    36 2407024.04446 -15.31  -6.60
g 1878 02 08 13 04 01    267           0    21     0    15  -7.60 152.50  47.00 265.50 0.7170 0 0
s 1878 02 08 13 04 01    267     1     0    21     0    15  -7.60 152.50  47.00 265.50 0.7170 0 0
g 1878 02 08 13 04 01    268           0    28     0    21  -9.10 133.90  28.40 263.50 0.4770 0 0
s 1878 02 08 13 04 01    268     1     0    28     0    21  -9.10 133.90  28.40 263.50 0.4770 0 0
d 1878 02 09 12 00 00 GREE             0     0     0     0 2407025.00000 -15.66  -6.65
d 1878 02 10 12 00 00 GREE             0     0     0     0 2407026.00000 -16.02  -6.70
d 1878 02 11 12 00 00 GREE             0     0     0     0 2407027.00000 -16.38  -6.75
d 1878 02 12 12 00 00 GREE             0     0     0     0 2407028.00000 -16.74  -6.79
d 1878 02 13 12 00 00 GREE             0     0     0     0 2407029.00000 -17.09  -6.84
d 1878 02 14 07 12 00 GREE             0     0     0     0 2407029.80000 -17.36  -6.87
d 1878 02 15 12 00 00 GREE             0     0     0     0 2407031.00000 -17.77  -6.92
d 1878 02 16 12 00 00 GREE             0     0     0     0 2407032.00000 -18.10  -6.96
d 1878 02 17 12 00 00 GREE             0     0     0     0 2407033.00000 -18.43  -6.99
d 1878 02 18 12 00 00 GREE             0     0     0     0 2407034.00000 -18.75  -7.02
d 1878 02 19 12 00 00 GREE             0     0     0     0 2407035.00000 -19.06  -7.05
d 1878 02 20 12 00 00 GREE             0     0     0     0 2407036.00000 -19.37  -7.08
d 1878 02 21 12 00 00 GREE             0     0     0     0 2407037.00000 -19.67  -7.11
d 1878 02 22 12 00 00 GREE             0     0     0     0 2407038.00000 -19.97  -7.13
d 1878 02 23 12 00 00 GREE             0     0     0     0 2407039.00000 -20.26  -7.15
d 1878 02 24 12 00 00 GREE             0     0     0     0 2407040.00000 -20.54  -7.17
d 1878 02 25 12 00 00 GREE             0     0     0     0 2407041.00000 -20.82  -7.19
d 1878 02 26 03 36 00 GREE             0     7     0     4 2407041.65000 -21.00  -7.20
g 1878 02 26 03 36 00   268a           0     7     0     4  -1.70 258.30  24.70 281.30 0.4310 0 0
s 1878 02 26 03 36 00   268a     1     0     7     0     4  -1.70 258.30  24.70 281.30 0.4310 0 0
d 1878 02 27 05 39 01 GREE             0     7     0     8 2407042.73543 -21.29  -7.22
g 1878 02 27 05 39 01   268b           0     7     0     8 -10.70 153.20 -66.10  98.50 0.9020 0 0
s 1878 02 27 05 39 01   268b     1     0     7     0     8 -10.70 153.20 -66.10  98.50 0.9020 0 0
d 1878 02 28 12 00 00 GREE             0     0     0     0 2407044.00000 -21.62  -7.23
d 1878 03 01 12 00 00 GREE             0     0     0     0 2407045.00000 -21.87  -7.24
d 1878 03 02 12 00 00 GREE             0     0     0     0 2407046.00000 -22.12  -7.24
d 1878 03 03 12 00 00 GREE             0     0     0     0 2407047.00000 -22.36  -7.25
d 1878 03 04 12 30 00 GREE            62   257    34   142 2407048.02083 -22.60  -7.25
g 1878 03 04 12 30 00    269          58   235    30   121   4.00 148.50  -1.20   5.50 0.1990 0 4
s 1878 03 04 12 30 00    269     1    58   235    30   121   4.00 148.50  -1.20   5.50 0.1990 0 4
g 1878 03 04 12 30 00    270           4    22     4    21   0.50  92.80 -56.90  84.50 0.8430 0 0
s 1878 03 04 12 30 00    270     1     4    22     4    21   0.50  92.80 -56.90  84.50 0.8430 0 0
d 1878 03 05 10 40 01 GREE            28   125    15    67 2407048.94446 -22.81  -7.25
g 1878 03 05 10 40 01    269          28   117    15    61   4.10 148.30  10.80 315.50 0.2670 0 4
s 1878 03 05 10 40 01    269     1    28   117    15    61   4.10 148.30  10.80 315.50 0.2670 0 4
g 1878 03 05 10 40 01    270           0     8     0     6   0.70  93.10 -44.40  81.50 0.7010 0 0
s 1878 03 05 10 40 01    270     1     0     8     0     6   0.70  93.10 -44.40  81.50 0.7010 0 0
d 1878 03 06 03 05 01 GREE             3    50     2    29 2407049.62848 -22.96  -7.25
g 1878 03 06 03 05 01    269           0    32     0    18   3.60 151.10  22.50 294.50 0.4310 0 4
s 1878 03 06 03 05 01    269     1     0    32     0    18   3.60 151.10  22.50 294.50 0.4310 0 4
g 1878 03 06 03 05 01    270           3    18     2    11   0.80  93.50 -35.10  78.50 0.5780 0 0
s 1878 03 06 03 05 01    270     1     3    18     2    11   0.80  93.50 -35.10  78.50 0.5780 0 0
d 1878 03 07 12 00 00 GREE             0     0     0     0 2407051.00000 -23.25  -7.24
d 1878 03 08 09 36 00 GREE             0     0     0     0 2407051.90000 -23.44  -7.24
d 1878 03 09 04 48 00 GREE             0     0     0     0 2407052.70000 -23.60  -7.23
d 1878 03 10 12 00 00 GREE             0     0     0     0 2407054.00000 -23.86  -7.21
d 1878 03 11 07 20 01 GREE             3    28     2    18 2407054.80557 -24.01  -7.20
g 1878 03 11 07 20 01    271           3    28     2    18   5.90  24.30 -36.00  70.50 0.6230 0 1
s 1878 03 11 07 20 01    271     1     3    28     2    18   5.90  24.30 -36.00  70.50 0.6230 0 1
d 1878 03 12 11 47 00 GREE            69   308    37   168 2407055.99097 -24.22  -7.18
g 1878 03 12 11 47 00    271          69   308    37   168   7.20  27.10 -17.60  50.50 0.3830 0 1
s 1878 03 12 11 47 00    271     1    69   308    37   168   7.20  27.10 -17.60  50.50 0.3830 0 1
d 1878 03 13 07 16 00 GREE            43   369    22   192 2407056.80278 -24.37  -7.17
g 1878 03 13 07 16 00    271          43   369    22   192   7.10  28.00  -6.00  22.50 0.2670 0 1
s 1878 03 13 07 16 00    271     1    43   369    22   192   7.10  28.00  -6.00  22.50 0.2670 0 1
d 1878 03 14 11 44 00 GREE            51   252    27   133 2407057.98889 -24.57  -7.15
g 1878 03 14 11 44 00    271          51   252    27   133   7.30  29.50  11.20 321.50 0.3170 0 1
s 1878 03 14 11 44 00    271     1    51   252    27   133   7.30  29.50  11.20 321.50 0.3170 0 1
d 1878 03 15 06 51 01 GREE            91   514    51   287 2407058.78543 -24.69  -7.13
g 1878 03 15 06 51 01    271          91   514    51   287   7.80  28.80  21.00 304.00 0.4450 0 1
s 1878 03 15 06 51 01    271     1    91   514    51   287   7.80  28.80  21.00 304.00 0.4450 0 1
d 1878 03 16 03 46 00 GREE            50   347    31   214 2407059.65694 -24.83  -7.11
g 1878 03 16 03 46 00    271          50   347    31   214   7.90  28.30  32.00 294.20 0.5850 0 1
s 1878 03 16 03 46 00    271     1    50   347    31   214   7.90  28.30  32.00 294.20 0.5850 0 1
d 1878 03 17 00 00 00 GREE            28   178    24   150 2407060.50000 -24.96  -7.08
g 1878 03 17 00 00 00    271          28   178    24   150   7.90  30.00  47.40 285.50 0.8040 0 1
s 1878 03 17 00 00 00    271     1    28   178    24   150   7.90  30.00  47.40 285.50 0.8040 0 1
d 1878 03 18 05 36 01 GREE            13    73    16    86 2407061.73334 -25.13  -7.05
g 1878 03 18 05 36 01    271          13    73    16    86   7.80  31.60  62.70 282.00 0.9070 0 1
s 1878 03 18 05 36 01    271     1    13    73    16    86   7.80  31.60  62.70 282.00 0.9070 0 1
d 1878 03 19 02 24 00 GREE             0     0     0     0 2407062.60000 -25.25  -7.02
d 1878 03 20 12 00 00 GREE             0     0     0     0 2407064.00000 -25.43  -6.98
d 1878 03 21 12 00 00 GREE             0     0     0     0 2407065.00000 -25.55  -6.94
d 1878 03 22 12 00 00 GREE             0     0     0     0 2407066.00000 -25.66  -6.91
d 1878 03 23 12 00 00 GREE             0     0     0     0 2407067.00000 -25.77  -6.87
d 1878 03 24 12 00 00 GREE             0     0     0     0 2407068.00000 -25.86  -6.83
d 1878 03 25 12 00 00 GREE             0     0     0     0 2407069.00000 -25.96  -6.78
d 1878 03 26 12 00 00 GREE             0     0     0     0 2407070.00000 -26.04  -6.74
d 1878 03 27 12 00 00 GREE             0     0     0     0 2407071.00000 -26.12  -6.69
d 1878 03 28 12 00 00 GREE             0     0     0     0 2407072.00000 -26.19  -6.64
d 1878 03 29 07 12 00 GREE             0     0     0     0 2407072.80000 -26.24  -6.60
d 1878 03 30 12 00 00 GREE             0     0     0     0 2407074.00000 -26.31  -6.54
d 1878 04 01 12 00 00 GREE             0     0     0     0 2407076.00000 -26.40  -6.42
d 1878 04 02 12 00 00 GREE             0     0     0     0 2407077.00000 -26.43  -6.36
d 1878 04 03 07 12 00 GREE             0     0     0     0 2407077.80000 -26.45  -6.32
d 1878 04 04 12 00 00 GREE             0     0     0     0 2407079.00000 -26.48  -6.24
d 1878 04 05 04 20 01 GREE             0    18     0    13 2407079.68057 -26.49  -6.20
g 1878 04 05 04 20 01   271a           0    18     0    13   0.60  46.00 -46.20  83.50 0.7250 0 0
s 1878 04 05 04 20 01   271a     1     0    18     0    13   0.60  46.00 -46.20  83.50 0.7250 0 0
d 1878 04 06 12 00 00 GREE             0     0     0     0 2407081.00000 -26.49  -6.11
d 1878 04 07 12 00 00 GREE             0     0     0     0 2407082.00000 -26.49  -6.04
d 1878 04 08 12 00 00 GREE             0     0     0     0 2407083.00000 -26.48  -5.97
d 1878 04 09 12 00 00 GREE             0     0     0     0 2407084.00000 -26.46  -5.90
d 1878 04 10 12 00 00 GREE             0     0     0     0 2407085.00000 -26.44  -5.83
d 1878 04 11 12 00 00 GREE             0     0     0     0 2407086.00000 -26.41  -5.75
d 1878 04 12 12 00 00 GREE             0     0     0     0 2407087.00000 -26.37  -5.68
d 1878 04 13 12 00 00 GREE             0     0     0     0 2407088.00000 -26.32  -5.60
d 1878 04 14 07 12 00 GREE             0     0     0     0 2407088.80000 -26.28  -5.54
d 1878 04 15 12 00 00 GREE             0     0     0     0 2407090.00000 -26.21  -5.44
d 1878 04 16 12 00 00 GREE             0     0     0     0 2407091.00000 -26.14  -5.36
d 1878 04 17 12 00 00 GREE             0     0     0     0 2407092.00000 -26.06  -5.27
d 1878 04 18 12 00 00 GREE             0     0     0     0 2407093.00000 -25.98  -5.19
d 1878 04 19 12 00 00 GREE             0     0     0     0 2407094.00000 -25.89  -5.10
d 1878 04 20 12 00 00 GREE             0     0     0     0 2407095.00000 -25.79  -5.01
d 1878 04 21 12 00 00 GREE             0     0     0     0 2407096.00000 -25.69  -4.92
d 1878 04 22 12 00 00 GREE             0     0     0     0 2407097.00000 -25.57  -4.83
d 1878 04 23 12 00 00 GREE             0     0     0     0 2407098.00000 -25.45  -4.74
d 1878 04 24 12 00 00 GREE             0     0     0     0 2407099.00000 -25.33  -4.64
d 1878 04 25 12 00 00 GREE             0     0     0     0 2407100.00000 -25.19  -4.55
d 1878 04 26 12 00 00 GREE             0     0     0     0 2407101.00000 -25.05  -4.45
d 1878 04 27 12 00 00 GREE             0     0     0     0 2407102.00000 -24.90  -4.36
d 1878 04 28 12 00 00 GREE             0     0     0     0 2407103.00000 -24.74  -4.26
d 1878 04 29 12 00 00 GREE             0     0     0     0 2407104.00000 -24.58  -4.16
d 1878 04 30 12 00 00 GREE             0     0     0     0 2407105.00000 -24.41  -4.06
d 1878 05 01 12 00 00 GREE             0     0     0     0 2407106.00000 -24.23  -3.95
d 1878 05 04 12 00 00 GREE             0     0     0     0 2407109.00000 -23.65  -3.64
d 1878 05 05 12 00 00 GREE             0     0     0     0 2407110.00000 -23.44  -3.53
d 1878 05 06 12 00 00 GREE             0     0     0     0 2407111.00000 -23.23  -3.43
d 1878 05 07 12 00 00 GREE             0     0     0     0 2407112.00000 -23.00  -3.32
d 1878 05 08 12 00 00 GREE             0     0     0     0 2407113.00000 -22.78  -3.21
d 1878 05 09 12 00 00 GREE             0     0     0     0 2407114.00000 -22.54  -3.10
d 1878 05 10 12 00 00 GREE             0     0     0     0 2407115.00000 -22.30  -2.99
d 1878 05 11 12 00 00 GREE             0     0     0     0 2407116.00000 -22.05  -2.88
d 1878 05 12 12 00 00 GREE             0     0     0     0 2407117.00000 -21.79  -2.77
d 1878 05 13 12 00 00 GREE             0     0     0     0 2407118.00000 -21.53  -2.65
d 1878 05 14 12 00 00 GREE             0     0     0     0 2407119.00000 -21.26  -2.54
d 1878 05 15 12 00 00 GREE             0     0     0     0 2407120.00000 -20.98  -2.42
d 1878 05 16 12 00 00 GREE             0     0     0     0 2407121.00000 -20.70  -2.31
d 1878 05 17 12 00 00 GREE             0     0     0     0 2407122.00000 -20.41  -2.19
d 1878 05 18 12 00 00 GREE             0     0     0     0 2407123.00000 -20.12  -2.08
d 1878 05 19 12 00 00 GREE             0     0     0     0 2407124.00000 -19.81  -1.96
d 1878 05 20 12 00 00 GREE             0     0     0     0 2407125.00000 -19.51  -1.84
d 1878 05 21 12 00 00 GREE             0     0     0     0 2407126.00000 -19.19  -1.73
d 1878 05 22 12 00 00 GREE             0     0     0     0 2407127.00000 -18.87  -1.61
d 1878 05 23 12 00 00 GREE             0     0     0     0 2407128.00000 -18.55  -1.49
d 1878 05 24 12 00 00 GREE             0     0     0     0 2407129.00000 -18.21  -1.37
d 1878 05 25 12 00 00 GREE             0     0     0     0 2407130.00000 -17.88  -1.25
d 1878 05 27 12 51 01 GREE            69   288    66   281 2407132.03543 -17.17  -1.01
g 1878 05 27 12 51 01    272          69   288    66   281   7.90  61.60 -58.60  80.20 0.8590 0 2
s 1878 05 27 12 51 01    272     1    69   288    66   281   7.90  61.60 -58.60  80.20 0.8590 0 2
d 1878 05 28 03 04 00 GREE            54   442    45   351 2407132.62778 -16.96  -0.94
g 1878 05 28 03 04 00    272          54   442    45   351   8.20  62.20 -50.20  78.60 0.7770 0 2
s 1878 05 28 03 04 00    272     1    54   442    45   351   8.20  62.20 -50.20  78.60 0.7770 0 2
d 1878 05 29 03 17 00 GREE           100   636    63   402 2407133.63681 -16.60  -0.82
g 1878 05 29 03 17 00    272         100   636    63   402   8.10  62.70 -36.30  75.60 0.6120 0 2
s 1878 05 29 03 17 00    272     1   100   636    63   402   8.10  62.70 -36.30  75.60 0.6120 0 2
d 1878 05 30 02 47 00 GREE            83   492    46   272 2407134.61597 -16.24  -0.70
g 1878 05 30 02 47 00    272          83   492    46   272   7.90  63.20 -22.90  69.60 0.4270 0 2
s 1878 05 30 02 47 00    272     1    83   492    46   272   7.90  63.20 -22.90  69.60 0.4270 0 2
d 1878 05 31 10 04 01 GREE           120   552    61   290 2407135.91946 -15.76  -0.54
g 1878 05 31 10 04 01    272         120   541    61   277   9.00  63.10  -5.80  30.50 0.1990 0 2
s 1878 05 31 10 04 01    272     1   120   541    61   277   9.00  63.10  -5.80  30.50 0.1990 0 2
g 1878 05 31 10 04 01    273           0    11     0    13   4.40   3.50 -65.40  84.50 0.9100 0 0
s 1878 05 31 10 04 01    273     1     0    11     0    13   4.40   3.50 -65.40  84.50 0.9100 0 0
d 1878 06 01 02 06 01 GREE           105   489    54   254 2407136.58751 -15.51  -0.46
g 1878 06 01 02 06 01    272         105   476    54   242   8.80  63.50   3.40 339.50 0.1650 0 2
s 1878 06 01 02 06 01    272     1   105   476    54   242   8.80  63.50   3.40 339.50 0.1650 0 2
g 1878 06 01 02 06 01    273           0    13     0    12   4.90   4.00 -56.10  83.50 0.8340 0 0
s 1878 06 01 02 06 01    273     1     0    13     0    12   4.90   4.00 -56.10  83.50 0.8340 0 0
d 1878 06 02 06 43 00 GREE            42   338    23   185 2407137.77986 -15.06  -0.32
g 1878 06 02 06 43 00    272          39   320    21   173   8.90  64.20  19.90 295.50 0.3670 0 2
s 1878 06 02 06 43 00    272     1    39   320    21   173   8.90  64.20  19.90 295.50 0.3670 0 2
g 1878 06 02 06 43 00    273           3    18     2    12   4.60   5.10 -39.20  82.50 0.6360 0 0
s 1878 06 02 06 43 00    273     1     3    18     2    12   4.60   5.10 -39.20  82.50 0.6360 0 0
d 1878 06 03 06 50 00 GREE            45   157    28    95 2407138.78472 -14.67  -0.20
g 1878 06 03 06 50 00    272          40   143    25    87   9.00  64.80  33.90 286.50 0.5720 0 2
s 1878 06 03 06 50 00    272     1    40   143    25    87   9.00  64.80  33.90 286.50 0.5720 0 2
g 1878 06 03 06 50 00    273           5    14     3     8   4.80   5.10 -25.80  78.50 0.4460 0 0
s 1878 06 03 06 50 00    273     1     5    14     3     8   4.80   5.10 -25.80  78.50 0.4460 0 0
d 1878 06 04 10 27 01 GREE            12    67     9    52 2407139.93543 -14.23  -0.06
g 1878 06 04 10 27 01    272          12    67     9    52   8.60  64.70  49.00 281.50 0.7600 0 0
s 1878 06 04 10 27 01    272     1    12    67     9    52   8.60  64.70  49.00 281.50 0.7600 0 0
d 1878 06 05 02 08 00 GREE             0    10     0     9 2407140.58889 -13.97   0.02
g 1878 06 05 02 08 00    272           0    10     0     9   7.70  64.90  57.80 279.50 0.8340 0 0
s 1878 06 05 02 08 00    272     1     0    10     0     9   7.70  64.90  57.80 279.50 0.8340 0 0
d 1878 06 06 12 07 00 GREE             0    12     0    27 2407142.00486 -13.41   0.19
g 1878 06 06 12 07 00    272           0    12     0    27   9.70  65.90  77.60 279.50 0.9760 0 0
s 1878 06 06 12 07 00    272     1     0    12     0    27   9.70  65.90  77.60 279.50 0.9760 0 0
d 1878 06 07 12 00 00 GREE             0     0     0     0 2407143.00000 -13.01   0.31
d 1878 06 08 12 00 00 GREE             0     0     0     0 2407144.00000 -12.60   0.43
d 1878 06 09 12 00 00 GREE             0     0     0     0 2407145.00000 -12.19   0.55
d 1878 06 10 10 49 00 GREE             0    19     0    14 2407145.95069 -11.80   0.67
g 1878 06 10 10 49 00    274           0    19     0    14  -6.70 343.80  47.70 260.50 0.7380 0 2
s 1878 06 10 10 49 00    274     1     0    19     0    14  -6.70 343.80  47.70 260.50 0.7380 0 2
d 1878 06 11 12 00 00 GREE             0     0     0     0 2407147.00000 -11.36   0.79
d 1878 06 12 12 00 00 GREE             0     0     0     0 2407148.00000 -10.94   0.91
d 1878 06 13 12 00 00 GREE             0     0     0     0 2407149.00000 -10.51   1.03
d 1878 06 14 12 00 00 GREE             0     0     0     0 2407150.00000 -10.08   1.15
d 1878 06 15 12 00 00 GREE             0     0     0     0 2407151.00000  -9.65   1.27
d 1878 06 16 12 00 00 GREE             0     0     0     0 2407152.00000  -9.22   1.39
d 1878 06 17 12 00 00 GREE             0     0     0     0 2407153.00000  -8.78   1.51
d 1878 06 18 12 00 00 GREE             0     0     0     0 2407154.00000  -8.34   1.63
d 1878 06 19 12 00 00 GREE             0     0     0     0 2407155.00000  -7.90   1.74
d 1878 06 20 12 00 00 GREE             0     0     0     0 2407156.00000  -7.46   1.86
d 1878 06 21 09 36 00 GREE             0     0     0     0 2407156.90000  -7.06   1.96
d 1878 06 22 09 36 00 GREE             0     0     0     0 2407157.90000  -6.61   2.08
d 1878 06 23 12 00 00 GREE             0     0     0     0 2407159.00000  -6.12   2.21
d 1878 06 24 12 00 00 GREE             0     0     0     0 2407160.00000  -5.67   2.32
d 1878 06 25 12 00 00 GREE             0     0     0     0 2407161.00000  -5.21   2.43
d 1878 06 26 12 23 00 GREE            17    80    12    56 2407162.01597  -4.75   2.55
g 1878 06 26 12 23 00    275          17    80    12    56  13.80 126.10  42.60 287.50 0.6880 0 2
s 1878 06 26 12 23 00    275     1    17    80    12    56  13.80 126.10  42.60 287.50 0.6880 0 2
d 1878 06 27 12 01 00 GREE            41   188    36   167 2407163.00069  -4.31   2.66
g 1878 06 27 12 01 00    275          41   188    36   167  13.60 125.60  55.20 284.50 0.8240 0 2
s 1878 06 27 12 01 00    275     1    41   188    36   167  13.60 125.60  55.20 284.50 0.8240 0 2
d 1878 06 28 12 02 01 GREE            39   194    54   277 2407164.00140  -3.85   2.77
g 1878 06 28 12 02 01    275          39   194    54   277  13.60 126.90  69.70 283.50 0.9370 0 3
s 1878 06 28 12 02 01    275     1    39   194    54   277  13.60 126.90  69.70 283.50 0.9370 0 3
d 1878 06 29 12 11 01 GREE             3    38     8    94 2407165.00765  -3.39   2.88
g 1878 06 29 12 11 01    275           3    38     8    94  13.30 122.60  78.80 282.50 0.9760 0 3
s 1878 06 29 12 11 01    275     1     3    38     8    94  13.30 122.60  78.80 282.50 0.9760 0 3
d 1878 06 30 12 00 00 GREE             0     0     0     0 2407166.00000  -2.94   2.99
d 1878 07 01 12 00 00 GREE             0     0     0     0 2407167.00000  -2.48   3.10
d 1878 07 02 12 00 00 GREE             0     0     0     0 2407168.00000  -2.02   3.21
d 1878 07 03 12 00 00 GREE             0     0     0     0 2407169.00000  -1.57   3.32
d 1878 07 04 12 00 00 GREE             0     0     0     0 2407170.00000  -1.11   3.42
d 1878 07 05 12 00 00 GREE             0     0     0     0 2407171.00000  -0.65   3.53
d 1878 07 06 12 00 00 GREE             0     0     0     0 2407172.00000  -0.19   3.63
d 1878 07 08 12 00 00 GREE             0     0     0     0 2407174.00000   0.72   3.84
d 1878 07 09 12 00 00 GREE             0     0     0     0 2407175.00000   1.17   3.94
d 1878 07 10 12 00 00 GREE             0     0     0     0 2407176.00000   1.63   4.04
d 1878 07 11 12 00 00 GREE             0     0     0     0 2407177.00000   2.08   4.14
d 1878 07 12 12 00 00 GREE             0     0     0     0 2407178.00000   2.53   4.24
d 1878 07 13 12 00 00 GREE             0     0     0     0 2407179.00000   2.98   4.34
d 1878 07 15 12 00 00 GREE             0     0     0     0 2407181.00000   3.88   4.53
d 1878 07 16 12 00 00 GREE             0     0     0     0 2407182.00000   4.32   4.62
d 1878 07 17 12 00 00 GREE             0     0     0     0 2407183.00000   4.77   4.71
d 1878 07 18 12 00 00 GREE             0     0     0     0 2407184.00000   5.21   4.81
d 1878 07 19 12 00 00 GREE             0     0     0     0 2407185.00000   5.65   4.90
d 1878 07 20 12 00 00 GREE             0     0     0     0 2407186.00000   6.08   4.98
d 1878 07 21 12 00 00 GREE             0     0     0     0 2407187.00000   6.52   5.07
d 1878 07 22 12 00 00 GREE             0     0     0     0 2407188.00000   6.95   5.16
d 1878 07 23 12 00 00 GREE             0     0     0     0 2407189.00000   7.38   5.24
d 1878 07 24 12 00 00 GREE             0     0     0     0 2407190.00000   7.81   5.32
d 1878 07 25 12 00 00 GREE             0     0     0     0 2407191.00000   8.23   5.40
d 1878 07 26 09 44 01 GREE             5    18     3    11 2407191.90557   8.61   5.48
g 1878 07 26 09 44 01    276           5    18     3    11  15.30  83.20  35.30 288.50 0.5800 0 0
s 1878 07 26 09 44 01    276     1     5    18     3    11  15.30  83.20  35.30 288.50 0.5800 0 0
d 1878 07 27 12 00 00 GREE             0     0     0     0 2407193.00000   9.07   5.56
d 1878 07 28 12 00 00 GREE             0     0     0     0 2407194.00000   9.49   5.64
d 1878 07 29 12 00 00 GREE             0     0     0     0 2407195.00000   9.90   5.72
d 1878 07 30 12 00 00 GREE             0     0     0     0 2407196.00000  10.31   5.79
d 1878 07 31 12 00 00 GREE             0     0     0     0 2407197.00000  10.71   5.86
d 1878 08 01 12 00 00 GREE             0     0     0     0 2407198.00000  11.11   5.93
d 1878 08 02 12 00 00 GREE             0     0     0     0 2407199.00000  11.51   6.00
d 1878 08 03 12 00 00 GREE             0     0     0     0 2407200.00000  11.90   6.07
d 1878 08 04 12 00 00 GREE             0     0     0     0 2407201.00000  12.29   6.13
d 1878 08 05 12 00 00 GREE             0     0     0     0 2407202.00000  12.68   6.20
d 1878 08 06 12 00 00 GREE             0     0     0     0 2407203.00000  13.06   6.26
d 1878 08 07 12 00 00 GREE             0     0     0     0 2407204.00000  13.44   6.32
d 1878 08 08 12 00 00 GREE             0     0     0     0 2407205.00000  13.81   6.38
d 1878 08 09 12 00 00 GREE             0     0     0     0 2407206.00000  14.18   6.44
d 1878 08 10 12 00 00 GREE             0     0     0     0 2407207.00000  14.55   6.49
d 1878 08 11 12 00 00 GREE             0     0     0     0 2407208.00000  14.91   6.54
d 1878 08 12 12 00 00 GREE             0     0     0     0 2407209.00000  15.27   6.60
d 1878 08 13 12 00 00 GREE             0     0     0     0 2407210.00000  15.62   6.64
d 1878 08 14 12 00 00 GREE             0     0     0     0 2407211.00000  15.97   6.69
d 1878 08 15 12 00 00 GREE             0     0     0     0 2407212.00000  16.31   6.74
d 1878 08 16 12 00 00 GREE             0     0     0     0 2407213.00000  16.65   6.78
d 1878 08 17 12 00 00 GREE             0     0     0     0 2407214.00000  16.98   6.82
d 1878 08 19 12 00 00 GREE             0     0     0     0 2407216.00000  17.63   6.90
d 1878 08 21 12 00 00 GREE             0     0     0     0 2407218.00000  18.27   6.97
d 1878 08 22 12 00 00 GREE             0     0     0     0 2407219.00000  18.58   7.01
d 1878 08 23 12 00 00 GREE             0     0     0     0 2407220.00000  18.88   7.04
d 1878 08 24 12 00 00 GREE             0     0     0     0 2407221.00000  19.18   7.07
d 1878 08 25 12 00 00 GREE             0     0     0     0 2407222.00000  19.47   7.09
d 1878 08 26 12 00 00 GREE             0     0     0     0 2407223.00000  19.76   7.12
d 1878 08 27 12 00 00 GREE             0     0     0     0 2407224.00000  20.04   7.14
d 1878 08 28 12 00 00 GREE             0     0     0     0 2407225.00000  20.32   7.16
d 1878 08 29 12 00 00 GREE             0     0     0     0 2407226.00000  20.59   7.18
d 1878 08 30 12 00 00 GREE             0     0     0     0 2407227.00000  20.86   7.19
d 1878 08 31 12 00 00 GREE             0     0     0     0 2407228.00000  21.12   7.21
d 1878 09 01 12 00 00 GREE             0     0     0     0 2407229.00000  21.38   7.22
d 1878 09 02 13 14 01 GREE            11    64    24   141 2407230.05140  21.64   7.23
g 1878 09 02 13 14 01    277          11    64    24   141   3.70 186.30 -77.40  87.50 0.9760 0 0
s 1878 09 02 13 14 01    277     1    11    64    24   141   3.70 186.30 -77.40  87.50 0.9760 0 0
d 1878 09 03 12 46 00 GREE            27   119    30   134 2407231.03194  21.88   7.24
g 1878 09 03 12 46 00    277          27   119    30   134   3.60 186.80 -64.00  89.50 0.8950 0 0
s 1878 09 03 12 46 00    277     1    27   119    30   134   3.60 186.80 -64.00  89.50 0.8950 0 0
d 1878 09 04 09 43 00 GREE            38   201    31   165 2407231.90486  22.09   7.24
g 1878 09 04 09 43 00    277          38   201    31   165   4.20 187.20 -52.10  89.50 0.7830 0 0
s 1878 09 04 09 43 00    277     1    38   201    31   165   4.20 187.20 -52.10  89.50 0.7830 0 0
d 1878 09 05 04 26 00 GREE            37   233    25   154 2407232.68472  22.27   7.25
g 1878 09 05 04 26 00    277          37   233    25   154   4.10 187.20 -41.80  91.90 0.6580 0 0
s 1878 09 05 04 26 00    277     1    37   233    25   154   4.10 187.20 -41.80  91.90 0.6580 0 0
d 1878 09 06 13 01 01 GREE            71   259    39   142 2407234.04237  22.58   7.25
g 1878 09 06 13 01 01    277          71   259    39   142   3.90 187.20 -23.80  96.70 0.3990 0 0
s 1878 09 06 13 01 01    277     1    71   259    39   142   3.90 187.20 -23.80  96.70 0.3990 0 0
d 1878 09 07 09 25 01 GREE            64   287    33   148 2407234.89237  22.77   7.25
g 1878 09 07 09 25 01    277          64   287    33   148   4.10 187.60 -12.20 103.80 0.2160 0 0
s 1878 09 07 09 25 01    277     1    64   287    33   148   4.10 187.60 -12.20 103.80 0.2160 0 0
d 1878 09 08 06 44 01 GREE            70   354    35   178 2407235.78057  22.96   7.25
g 1878 09 08 06 44 01    277          70   354    35   178   3.80 188.10   0.00 178.40 0.0610 0 0
s 1878 09 08 06 44 01    277     1    70   354    35   178   3.80 188.10   0.00 178.40 0.0610 0 0
d 1878 09 09 13 26 00 GREE            52   265    27   139 2407237.05972  23.23   7.24
g 1878 09 09 13 26 00    277          52   265    27   139   3.40 188.10  16.90 258.10 0.3010 0 0
s 1878 09 09 13 26 00    277     1    52   265    27   139   3.40 188.10  16.90 258.10 0.3010 0 0
d 1878 09 10 13 27 01 GREE            55   249    32   145 2407238.06043  23.43   7.24
g 1878 09 10 13 27 01    277          55   249    32   145   4.00 188.60  30.60 265.70 0.5080 0 0
s 1878 09 10 13 27 01    277     1    55   249    32   145   4.00 188.60  30.60 265.70 0.5080 0 0
d 1878 09 11 11 58 01 GREE            44   210    31   145 2407238.99862  23.62   7.23
g 1878 09 11 11 58 01    277          44   210    31   145   4.00 189.00  43.40 271.50 0.6880 0 0
s 1878 09 11 11 58 01    277     1    44   210    31   145   4.00 189.00  43.40 271.50 0.6880 0 0
d 1878 09 12 09 34 01 GREE            36   144    32   126 2407239.89862  23.79   7.22
g 1878 09 12 09 34 01    277          36   144    32   126   4.20 189.20  55.50 271.50 0.8240 0 0
s 1878 09 12 09 34 01    277     1    36   144    32   126   4.20 189.20  55.50 271.50 0.8240 0 0
d 1878 09 13 12 00 00 GREE            18    64    28   100 2407241.00000  23.99   7.20
g 1878 09 13 12 00 00    277          18    64    28   100   4.10 190.00  70.90 271.50 0.9430 0 0
s 1878 09 13 12 00 00    277     1    18    64    28   100   4.10 190.00  70.90 271.50 0.9430 0 0
d 1878 09 14 12 00 00 GREE             0     0     0     0 2407242.00000  24.17   7.19
d 1878 09 15 12 00 00 GREE             0     0     0     0 2407243.00000  24.34   7.17
d 1878 09 16 12 00 00 GREE             0     0     0     0 2407244.00000  24.51   7.15
d 1878 09 17 12 00 00 GREE             0     0     0     0 2407245.00000  24.67   7.13
d 1878 09 18 12 00 00 GREE             0     0     0     0 2407246.00000  24.82   7.11
d 1878 09 19 12 00 00 GREE             0     0     0     0 2407247.00000  24.97   7.08
d 1878 09 20 12 00 00 GREE             0     0     0     0 2407248.00000  25.11   7.05
d 1878 09 21 12 00 00 GREE             0     0     0     0 2407249.00000  25.25   7.02
d 1878 09 22 12 00 00 GREE             0     0     0     0 2407250.00000  25.37   6.99
d 1878 09 23 12 00 00 GREE             0     0     0     0 2407251.00000  25.49   6.96
d 1878 09 24 12 00 00 GREE             0     0     0     0 2407252.00000  25.61   6.92
d 1878 09 25 12 00 00 GREE             0     0     0     0 2407253.00000  25.72   6.89
d 1878 09 26 12 00 00 GREE             0     0     0     0 2407254.00000  25.82   6.85
d 1878 09 27 12 00 00 GREE             0     0     0     0 2407255.00000  25.91   6.80
d 1878 09 28 12 00 00 GREE             0     0     0     0 2407256.00000  26.00   6.76
d 1878 09 29 04 48 00 GREE             0     0     0     0 2407256.70000  26.05   6.73
d 1878 09 30 12 00 00 GREE             0     0     0     0 2407258.00000  26.15   6.67
d 1878 10 01 09 36 00 GREE             0     0     0     0 2407258.90000  26.21   6.62
d 1878 10 02 12 00 00 GREE             0     0     0     0 2407260.00000  26.28   6.56
d 1878 10 03 12 00 00 GREE             0     0     0     0 2407261.00000  26.33   6.51
d 1878 10 04 12 00 00 GREE             0     0     0     0 2407262.00000  26.37   6.45
d 1878 10 05 12 00 00 GREE             0     0     0     0 2407263.00000  26.41   6.40
d 1878 10 06 12 00 00 GREE             0     0     0     0 2407264.00000  26.44   6.34
d 1878 10 07 12 00 00 GREE             0     0     0     0 2407265.00000  26.47   6.27
d 1878 10 08 12 00 00 GREE             0     0     0     0 2407266.00000  26.48   6.21
d 1878 10 09 12 00 00 GREE             0     0     0     0 2407267.00000  26.49   6.14
d 1878 10 10 12 00 00 GREE             0     0     0     0 2407268.00000  26.49   6.08
d 1878 10 11 12 00 00 GREE             0     0     0     0 2407269.00000  26.49   6.01
d 1878 10 12 04 48 00 GREE             0     0     0     0 2407269.70000  26.48   5.96
d 1878 10 13 07 12 00 GREE             0     0     0     0 2407270.80000  26.46   5.88
d 1878 10 14 12 00 00 GREE             0     0     0     0 2407272.00000  26.42   5.79
d 1878 10 15 12 00 00 GREE             0     0     0     0 2407273.00000  26.39   5.71
d 1878 10 16 12 00 00 GREE             0     0     0     0 2407274.00000  26.34   5.63
d 1878 10 17 12 00 00 GREE             0     0     0     0 2407275.00000  26.29   5.55
d 1878 10 18 12 00 00 GREE             0     0     0     0 2407276.00000  26.23   5.47
d 1878 10 19 12 00 00 GREE             0     0     0     0 2407277.00000  26.17   5.39
d 1878 10 20 12 00 00 GREE             0     0     0     0 2407278.00000  26.09   5.30
d 1878 10 21 12 00 00 GREE             0     0     0     0 2407279.00000  26.01   5.22
d 1878 10 22 12 00 00 GREE             0     0     0     0 2407280.00000  25.92   5.13
d 1878 10 23 12 00 00 GREE             0     0     0     0 2407281.00000  25.82   5.04
d 1878 10 24 12 00 00 GREE             0     0     0     0 2407282.00000  25.72   4.95
d 1878 10 25 12 00 00 GREE             0     0     0     0 2407283.00000  25.60   4.85
d 1878 10 26 12 00 00 GREE             0     0     0     0 2407284.00000  25.48   4.76
d 1878 10 27 12 00 00 GREE             0     0     0     0 2407285.00000  25.35   4.66
d 1878 10 28 12 00 00 GREE             0     0     0     0 2407286.00000  25.21   4.57
d 1878 10 29 07 19 00 GREE             8    66    13   103 2407286.80486  25.10   4.49
g 1878 10 29 07 19 00    278           8    66    13   103  10.30 163.10 -71.70  80.50 0.9480 0 0
s 1878 10 29 07 19 00    278     1     8    66    13   103  10.30 163.10 -71.70  80.50 0.9480 0 0
d 1878 10 30 04 22 00 GREE            13    94    13    91 2407287.68194  24.97   4.40
g 1878 10 30 04 22 00    278          13    94    13    91  10.60 163.40 -59.90  80.50 0.8590 0 0
s 1878 10 30 04 22 00    278     1    13    94    13    91  10.60 163.40 -59.90  80.50 0.8590 0 0
d 1878 10 31 04 53 01 GREE            24   146    17   105 2407288.70348  24.80   4.30
g 1878 10 31 04 53 01    278          24   146    17   105  10.60 163.90 -45.90  79.50 0.7130 0 0
s 1878 10 31 04 53 01    278     1    24   146    17   105  10.60 163.90 -45.90  79.50 0.7130 0 0
d 1878 11 01 11 52 01 GREE            33   158    19    91 2407289.99446  24.59   4.16
g 1878 11 01 11 52 01    278          33   158    19    91  10.60 163.40 -29.40  75.50 0.4920 0 0
s 1878 11 01 11 52 01    278     1    33   158    19    91  10.60 163.40 -29.40  75.50 0.4920 0 0
d 1878 11 02 06 47 01 GREE            26   149    14    79 2407290.78265  24.45   4.08
g 1878 11 02 06 47 01    278          26   149    14    79  10.60 163.30 -19.10  69.50 0.3340 0 0
s 1878 11 02 06 47 01    278     1    26   149    14    79  10.60 163.30 -19.10  69.50 0.3340 0 0
d 1878 11 03 07 17 01 GREE            26   140    13    71 2407291.80348  24.26   3.97
g 1878 11 03 07 17 01    278          26   140    13    71  10.40 163.00  -5.90  41.50 0.1480 0 0
s 1878 11 03 07 17 01    278     1    26   140    13    71  10.40 163.00  -5.90  41.50 0.1480 0 0
d 1878 11 04 05 08 00 GREE            18   128     9    65 2407292.71389  24.09   3.88
g 1878 11 04 05 08 00    278          18   128     9    65   9.90 163.20   6.30 313.50 0.1480 0 0
s 1878 11 04 05 08 00    278     1    18   128     9    65   9.90 163.20   6.30 313.50 0.1480 0 0
d 1878 11 05 13 07 01 GREE            31   130    17    71 2407294.04654  23.82   3.73
g 1878 11 05 13 07 01    278          31   130    17    71  10.10 162.80  23.50 286.50 0.4050 0 0
s 1878 11 05 13 07 01    278     1    31   130    17    71  10.10 162.80  23.50 286.50 0.4050 0 0
d 1878 11 06 07 39 00 GREE            21   109    13    66 2407294.81875  23.66   3.65
g 1878 11 06 07 39 00    278          21   109    13    66  10.30 163.00  33.80 282.50 0.5660 0 0
s 1878 11 06 07 39 00    278     1    21   109    13    66  10.30 163.00  33.80 282.50 0.5660 0 0
d 1878 11 07 12 11 01 GREE            26    91    20    71 2407296.00765  23.41   3.52
g 1878 11 07 12 11 01    278          26    91    20    71  10.50 163.60  50.10 280.50 0.7720 0 0
s 1878 11 07 12 11 01    278     1    26    91    20    71  10.50 163.60  50.10 280.50 0.7720 0 0
d 1878 11 08 07 12 00 GREE            16    69    16    69 2407296.80000  23.23   3.43
g 1878 11 08 07 12 00    278          16    69    16    69  10.60 163.30  60.20 280.50 0.8700 0 0
s 1878 11 08 07 12 00    278     1    16    69    16    69  10.60 163.30  60.20 280.50 0.8700 0 0
d 1878 11 09 04 22 00 GREE             7    23    11    37 2407297.68194  23.03   3.33
g 1878 11 09 04 22 00    278           7    23    11    37  10.40 163.30  72.00 279.50 0.9480 0 0
s 1878 11 09 04 22 00    278     1     7    23    11    37  10.40 163.30  72.00 279.50 0.9480 0 0
d 1878 11 10 12 00 00 GREE             0     0     0     0 2407299.00000  22.71   3.18
d 1878 11 11 12 00 00 GREE             0     0     0     0 2407300.00000  22.46   3.07
d 1878 11 12 12 00 00 GREE             0     0     0     0 2407301.00000  22.21   2.95
d 1878 11 13 12 00 00 GREE             0     0     0     0 2407302.00000  21.95   2.83
d 1878 11 14 12 00 00 GREE             0     0     0     0 2407303.00000  21.68   2.72
d 1878 11 15 12 00 00 GREE             0     0     0     0 2407304.00000  21.40   2.60
d 1878 11 16 12 00 00 GREE             0     0     0     0 2407305.00000  21.11   2.48
d 1878 11 17 12 00 00 GREE             0     0     0     0 2407306.00000  20.82   2.36
d 1878 11 18 12 00 00 GREE             0     0     0     0 2407307.00000  20.52   2.24
d 1878 11 19 12 00 00 GREE             0     0     0     0 2407308.00000  20.21   2.12
d 1878 11 20 06 57 01 GREE             3    20     8    50 2407308.78959  19.96   2.02
g 1878 11 20 06 57 01   278a           3    20     8    50   4.20 226.10 -78.90  86.50 0.9800 0 0
s 1878 11 20 06 57 01   278a     1     3    20     8    50   4.20 226.10 -78.90  86.50 0.9800 0 0
d 1878 11 21 07 52 00 GREE             2    16     2    19 2407309.82778  19.63   1.89
g 1878 11 21 07 52 00   278a           2    16     2    19   3.90 226.50 -64.80  86.50 0.9030 0 0
s 1878 11 21 07 52 00   278a     1     2    16     2    19   3.90 226.50 -64.80  86.50 0.9030 0 0
d 1878 11 22 05 08 00 GREE             0    23     0    19 2407310.71389  19.34   1.78
g 1878 11 22 05 08 00   278a           0    23     0    19   4.30 226.70 -52.90  85.50 0.7930 0 0
s 1878 11 22 05 08 00   278a     1     0    23     0    19   4.30 226.70 -52.90  85.50 0.7930 0 0
d 1878 11 23 12 00 00 GREE             0     0     0     0 2407312.00000  18.91   1.62
d 1878 11 24 12 00 00 GREE             0     0     0     0 2407313.00000  18.56   1.50
d 1878 11 25 12 00 00 GREE             0     0     0     0 2407314.00000  18.21   1.37
d 1878 11 26 12 00 00 GREE             0     0     0     0 2407315.00000  17.86   1.25
d 1878 11 27 12 00 00 GREE             0     0     0     0 2407316.00000  17.49   1.12
d 1878 11 28 12 00 00 GREE             0     0     0     0 2407317.00000  17.13   0.99
d 1878 11 29 12 00 00 GREE             0     0     0     0 2407318.00000  16.75   0.87
d 1878 11 30 12 00 00 GREE             0     0     0     0 2407319.00000  16.37   0.74
d 1878 12 01 12 00 00 GREE             0     0     0     0 2407320.00000  15.98   0.61
d 1878 12 02 12 00 00 GREE             0     0     0     0 2407321.00000  15.58   0.49
d 1878 12 03 12 00 00 GREE             0     0     0     0 2407322.00000  15.18   0.36
d 1878 12 04 12 00 00 GREE             0     0     0     0 2407323.00000  14.78   0.23
d 1878 12 05 12 00 00 GREE             0     0     0     0 2407324.00000  14.37   0.10
d 1878 12 06 12 00 00 GREE             0     0     0     0 2407325.00000  13.95  -0.03
d 1878 12 07 12 00 00 GREE             0     0     0     0 2407326.00000  13.53  -0.16
d 1878 12 08 12 00 00 GREE             0     0     0     0 2407327.00000  13.10  -0.28
d 1878 12 09 12 00 00 GREE             0     0     0     0 2407328.00000  12.67  -0.41
d 1878 12 10 12 00 00 GREE             0     0     0     0 2407329.00000  12.24  -0.54
d 1878 12 11 12 00 00 GREE             0     0     0     0 2407330.00000  11.80  -0.67
d 1878 12 12 12 00 00 GREE             0     0     0     0 2407331.00000  11.35  -0.80
d 1878 12 13 12 00 00 GREE             0     0     0     0 2407332.00000  10.90  -0.92
d 1878 12 14 12 00 00 GREE             0     0     0     0 2407333.00000  10.45  -1.05
d 1878 12 15 12 00 00 GREE             0     0     0     0 2407334.00000   9.99  -1.18
d 1878 12 16 07 12 00 GREE             0     0     0     0 2407334.80000   9.62  -1.28
d 1878 12 17 04 48 00 GREE             0     0     0     0 2407335.70000   9.21  -1.39
d 1878 12 18 12 00 00 GREE             0     0     0     0 2407337.00000   8.60  -1.56
d 1878 12 19 10 32 00 GREE             5    28     7    36 2407337.93889   8.16  -1.67
g 1878 12 19 10 32 00   278b           5    28     7    36  -1.70 348.10  67.30 268.50 0.9240 0 0
s 1878 12 19 10 32 00   278b     1     5    28     7    36  -1.70 348.10  67.30 268.50 0.9240 0 0
d 1878 12 20 04 01 01 GREE             4    11     9    26 2407338.66737   7.82  -1.76
g 1878 12 20 04 01 01   278b           4    11     9    26  -1.40 348.40  77.10 268.50 0.9760 0 0
s 1878 12 20 04 01 01   278b     1     4    11     9    26  -1.40 348.40  77.10 268.50 0.9760 0 0
d 1878 12 21 12 00 00 GREE             0     0     0     0 2407340.00000   7.18  -1.93
d 1878 12 22 12 00 00 GREE             0     0     0     0 2407341.00000   6.71  -2.05
d 1878 12 23 12 00 00 GREE             0     0     0     0 2407342.00000   6.23  -2.18
d 1878 12 24 12 00 00 GREE             0     0     0     0 2407343.00000   5.75  -2.30
d 1878 12 25 12 00 00 GREE             0     0     0     0 2407344.00000   5.26  -2.42
d 1878 12 26 12 00 00 GREE             0     0     0     0 2407345.00000   4.78  -2.54
d 1878 12 27 12 00 00 GREE             0     0     0     0 2407346.00000   4.29  -2.66
d 1878 12 28 12 00 00 GREE             0     0     0     0 2407347.00000   3.81  -2.78
d 1878 12 29 12 00 00 GREE             0     0     0     0 2407348.00000   3.32  -2.90
d 1878 12 30 12 00 00 GREE             0     0     0     0 2407349.00000   2.83  -3.02
d 1878 12 31 12 00 00 GREE             0     0     0     0 2407350.00000   2.34  -3.13
