d 1901 01 01 04 48 00 GREE             0     0     0     0 2415385.70000   2.18  -3.14
d 1901 01 02 04 48 00 GREE             0     0     0     0 2415386.70000   1.70  -3.26
d 1901 01 03 07 12 00 GREE             0     0     0     0 2415387.80000   1.16  -3.38
d 1901 01 04 09 36 00 GREE             0     0     0     0 2415388.90000   0.62  -3.51
d 1901 01 05 07 12 00 GREE             0     0     0     0 2415389.80000   0.18  -3.61
d 1901 01 06 04 48 00 GREE             0     0     0     0 2415390.70000  -0.26  -3.71
d 1901 01 07 04 48 00 GREE             0     0     0     0 2415391.70000  -0.74  -3.82
d 1901 01 08 04 48 00 GREE             0     0     0     0 2415392.70000  -1.23  -3.93
d 1901 01 09 04 48 00 GREE             0     0     0     0 2415393.70000  -1.71  -4.03
d 1901 01 10 12 00 00 GREE             0     0     0     0 2415395.00000  -2.34  -4.17
d 1901 01 11 04 48 00 GREE             0     0     0     0 2415395.70000  -2.68  -4.25
d 1901 01 12 04 48 00 GREE             0     0     0     0 2415396.70000  -3.16  -4.35
d 1901 01 14 10 58 00 GREE             0    12     0     7 2415398.95694  -4.23  -4.58
g 1901 01 14 10 58 00   4948           0    12     0     7 -10.20 105.60  19.70 252.90 0.3480 0 0
s 1901 01 14 10 58 00   4948     1     0    12     0     7 -10.20 105.60  19.70 252.90 0.3480 0 0
d 1901 01 15 12 00 00 GREE             0     0     0     0 2415400.00000  -4.73  -4.68
d 1901 01 16 09 36 00 GREE             0     0     0     0 2415400.90000  -5.15  -4.77
d 1901 01 17 07 12 00 GREE             0     0     0     0 2415401.80000  -5.57  -4.86
d 1901 01 18 04 48 00 GREE             0     0     0     0 2415402.70000  -5.99  -4.94
d 1901 01 19 04 48 00 GREE             0     0     0     0 2415403.70000  -6.45  -5.04
d 1901 01 20 12 00 00 GREE             0     0     0     0 2415405.00000  -7.05  -5.15
d 1901 01 21 04 48 00 GREE             0     0     0     0 2415405.70000  -7.37  -5.22
d 1901 01 22 04 48 00 GREE             0     0     0     0 2415406.70000  -7.82  -5.31
d 1901 01 23 12 00 00 GREE             0     0     0     0 2415408.00000  -8.41  -5.42
d 1901 01 25 12 00 00 GREE             0     0     0     0 2415410.00000  -9.30  -5.59
d 1901 01 26 12 00 00 GREE             0     0     0     0 2415411.00000  -9.73  -5.67
d 1901 01 27 07 12 00 GREE             0     0     0     0 2415411.80000 -10.08  -5.73
d 1901 01 28 07 12 00 GREE             0     0     0     0 2415412.80000 -10.51  -5.81
d 1901 01 29 12 00 00 GREE             0     0     0     0 2415414.00000 -11.02  -5.90
d 1901 01 30 12 00 00 GREE             0     0     0     0 2415415.00000 -11.44  -5.97
d 1901 01 31 07 12 00 GREE             0     0     0     0 2415415.80000 -11.78  -6.03
d 1901 02 01 09 36 00 GREE             0     0     0     0 2415416.90000 -12.23  -6.11
d 1901 02 02 02 24 00 GREE             0     0     0     0 2415417.60000 -12.52  -6.16
d 1901 02 03 04 48 00 GREE             0     0     0     0 2415418.70000 -12.97  -6.23
d 1901 02 04 06 36 00 GREE            12    38    19    58 2415419.77500 -13.40  -6.30
g 1901 02 04 06 36 00   4949          12    38    19    58  -8.40 100.50 -71.30  96.70 0.9440 0 0
s 1901 02 04 06 36 00   4949     1    12    38    19    58  -8.40 100.50 -71.30  96.70 0.9440 0 0
d 1901 02 05 06 34 01 GREE             9    43     9    40 2415420.77362 -13.79  -6.36
g 1901 02 05 06 34 01   4949           9    43     9    40  -8.50 100.60 -58.00  96.00 0.8430 0 0
s 1901 02 05 06 34 01   4949     1     9    43     9    40  -8.50 100.60 -58.00  96.00 0.8430 0 0
d 1901 02 06 04 46 01 GREE            11    35     8    25 2415421.69862 -14.15  -6.42
g 1901 02 06 04 46 01   4949          11    35     8    25  -8.40 101.20 -45.30  95.50 0.7060 0 0
s 1901 02 06 04 46 01   4949     1    11    35     8    25  -8.40 101.20 -45.30  95.50 0.7060 0 0
d 1901 02 07 03 53 00 GREE            15    37     9    22 2415422.66181 -14.52  -6.47
g 1901 02 07 03 53 00   4949          15    37     9    22  -8.40 101.40 -32.40  95.50 0.5320 0 0
s 1901 02 07 03 53 00   4949     1    15    37     9    22  -8.40 101.40 -32.40  95.50 0.5320 0 0
d 1901 02 08 04 20 01 GREE             9    34     5    18 2415423.68057 -14.91  -6.53
g 1901 02 08 04 20 01   4949           9    34     5    18  -8.20 101.80 -18.50  96.10 0.3160 0 0
s 1901 02 08 04 20 01   4949     1     9    34     5    18  -8.20 101.80 -18.50  96.10 0.3160 0 0
d 1901 02 09 07 22 00 GREE             3    19     2    10 2415424.80694 -15.33  -6.59
g 1901 02 09 07 22 00   4949           3    19     2    10  -8.10 102.40  -3.10 116.20 0.0600 0 0
s 1901 02 09 07 22 00   4949     1     3    19     2    10  -8.10 102.40  -3.10 116.20 0.0600 0 0
d 1901 02 10 04 48 00 GREE             0     0     0     0 2415425.70000 -15.66  -6.64
d 1901 02 11 07 12 00 GREE             0     0     0     0 2415426.80000 -16.06  -6.70
d 1901 02 12 11 18 00 GREE             0     7     0     5 2415427.97083 -16.48  -6.75
g 1901 02 12 11 18 00   4949           0     7     0     5  -9.40 101.60  37.70 263.40 0.6070 0 0
s 1901 02 12 11 18 00   4949     1     0     7     0     5  -9.40 101.60  37.70 263.40 0.6070 0 0
d 1901 02 13 04 48 00 GREE             0     0     0     0 2415428.70000 -16.74  -6.79
d 1901 02 14 12 00 00 GREE             0     0     0     0 2415430.00000 -17.19  -6.84
d 1901 02 15 09 36 00 GREE             0     0     0     0 2415430.90000 -17.49  -6.88
d 1901 02 16 07 12 00 GREE             0     0     0     0 2415431.80000 -17.80  -6.92
d 1901 02 17 02 24 00 GREE             0     0     0     0 2415432.60000 -18.06  -6.95
d 1901 02 18 04 48 00 GREE             0     0     0     0 2415433.70000 -18.42  -6.98
d 1901 02 19 04 48 00 GREE             0     0     0     0 2415434.70000 -18.74  -7.02
d 1901 02 20 07 12 00 GREE             0     0     0     0 2415435.80000 -19.08  -7.05
d 1901 02 21 07 12 00 GREE             0     0     0     0 2415436.80000 -19.39  -7.08
d 1901 02 22 04 48 00 GREE             0     0     0     0 2415437.70000 -19.66  -7.10
d 1901 02 23 04 48 00 GREE             0     0     0     0 2415438.70000 -19.96  -7.13
d 1901 02 24 04 48 00 GREE             0     0     0     0 2415439.70000 -20.25  -7.15
d 1901 02 25 04 48 00 GREE             0     0     0     0 2415440.70000 -20.53  -7.17
d 1901 02 26 07 12 00 GREE             0     0     0     0 2415441.80000 -20.83  -7.19
d 1901 02 28 07 12 00 GREE             0     0     0     0 2415443.80000 -21.37  -7.22
d 1901 03 01 12 00 00 GREE             0     0     0     0 2415445.00000 -21.68  -7.23
d 1901 03 02 12 00 00 GREE             0     0     0     0 2415446.00000 -21.93  -7.24
d 1901 03 03 13 03 00 GREE             0    13     1    16 2415447.04375 -22.18  -7.25
g 1901 03 03 13 03 00   4950           0    13     1    16  -5.20 107.70 -64.80  92.30 0.9020 0 0
s 1901 03 03 13 03 00   4950     1     0    13     1    16  -5.20 107.70 -64.80  92.30 0.9020 0 0
d 1901 03 04 04 42 00 GREE            21    87    14    53 2415447.69583 -22.34  -7.25
g 1901 03 04 04 42 00   4950           6    17     6    16  -5.00 107.70 -56.40  91.20 0.8300 0 0
s 1901 03 04 04 42 00   4950     1     6    17     6    16  -5.00 107.70 -56.40  91.20 0.8300 0 0
g 1901 03 04 04 42 00   4951          15    70     8    37   1.40 148.50 -15.60  61.70 0.3050 0 2
s 1901 03 04 04 42 00   4951     1    15    70     8    37   1.40 148.50 -15.60  61.70 0.3050 0 2
d 1901 03 05 13 22 00 GREE            15    53     8    27 2415449.05694 -22.65  -7.25
g 1901 03 05 13 22 00   4951          15    53     8    27   1.00 148.70   2.60 342.30 0.1500 0 2
s 1901 03 05 13 22 00   4951     1    15    53     8    27   1.00 148.70   2.60 342.30 0.1500 0 2
d 1901 03 06 04 32 00 GREE            44   119    23    62 2415449.68889 -22.80  -7.25
g 1901 03 06 04 32 00   4951          44   119    23    62   1.30 150.10  12.30 304.20 0.2580 0 2
s 1901 03 06 04 32 00   4951     1    44   119    23    62   1.30 150.10  12.30 304.20 0.2580 0 2
d 1901 03 07 12 25 01 GREE            10    30     6    18 2415451.01737 -23.09  -7.25
g 1901 03 07 12 25 01   4951          10    30     6    18   1.20 152.00  31.70 283.60 0.5410 0 0
s 1901 03 07 12 25 01   4951     1    10    30     6    18   1.20 152.00  31.70 283.60 0.5410 0 0
d 1901 03 08 06 00 00 GREE            19    79    13    53 2415451.75000 -23.24  -7.24
g 1901 03 08 06 00 00   4951          19    65    13    44   1.30 152.10  41.40 280.00 0.6710 0 0
s 1901 03 08 06 00 00   4951     1    19    65    13    44   1.30 152.10  41.40 280.00 0.6710 0 0
g 1901 03 08 06 00 00   4952           0    14     0     9   9.60 144.60  33.90 296.00 0.6120 0 7
s 1901 03 08 06 00 00   4952     1     0    14     0     9   9.60 144.60  33.90 296.00 0.6120 0 7
d 1901 03 09 04 12 00 GREE            54   138    44   113 2415452.67500 -23.43  -7.24
g 1901 03 09 04 12 00   4951          10    40     9    35   1.40 152.20  53.70 277.00 0.8120 0 0
s 1901 03 09 04 12 00   4951     1    10    40     9    35   1.40 152.20  53.70 277.00 0.8120 0 0
g 1901 03 09 04 12 00   4952          44    98    35    78   8.70 147.10  48.60 287.40 0.7770 0 7
s 1901 03 09 04 12 00   4952     1    44    98    35    78   8.70 147.10  48.60 287.40 0.7770 0 7
d 1901 03 10 11 49 01 GREE            13    48    20    71 2415453.99237 -23.70  -7.22
g 1901 03 10 11 49 01   4951           6    24    10    40   1.50 153.00  71.90 273.90 0.9520 0 0
s 1901 03 10 11 49 01   4951     1     6    24    10    40   1.50 153.00  71.90 273.90 0.9520 0 0
g 1901 03 10 11 49 01   4952           7    24    10    31   9.00 146.20  65.10 283.00 0.9200 0 0
s 1901 03 10 11 49 01   4952     1     7    24    10    31   9.00 146.20  65.10 283.00 0.9200 0 0
d 1901 03 11 12 00 00 GREE             0     0     0     0 2415455.00000 -23.89  -7.21
d 1901 03 12 04 48 00 GREE             0     0     0     0 2415455.70000 -24.02  -7.20
d 1901 03 13 04 48 00 GREE             0     0     0     0 2415456.70000 -24.20  -7.19
d 1901 03 14 04 48 00 GREE             0     0     0     0 2415457.70000 -24.37  -7.17
d 1901 03 15 04 48 00 GREE             0     0     0     0 2415458.70000 -24.54  -7.15
d 1901 03 16 04 48 00 GREE             0     0     0     0 2415459.70000 -24.70  -7.13
d 1901 03 17 04 48 00 GREE             0     0     0     0 2415460.70000 -24.85  -7.10
d 1901 03 18 04 48 00 GREE             0     0     0     0 2415461.70000 -25.00  -7.08
d 1901 03 19 04 48 00 GREE             0     0     0     0 2415462.70000 -25.14  -7.05
d 1901 03 20 04 48 00 GREE             0     0     0     0 2415463.70000 -25.27  -7.02
d 1901 03 21 04 48 00 GREE             0     0     0     0 2415464.70000 -25.40  -6.98
d 1901 03 22 07 12 00 GREE             0     0     0     0 2415465.80000 -25.53  -6.95
d 1901 03 23 09 36 00 GREE             0     0     0     0 2415466.90000 -25.65  -6.91
d 1901 03 24 04 48 00 GREE             0     0     0     0 2415467.70000 -25.73  -6.87
d 1901 03 25 04 48 00 GREE             0     0     0     0 2415468.70000 -25.83  -6.83
d 1901 03 26 04 48 00 GREE             0     0     0     0 2415469.70000 -25.92  -6.79
d 1901 03 27 04 48 00 GREE             0     0     0     0 2415470.70000 -26.01  -6.75
d 1901 03 28 04 48 00 GREE             0     0     0     0 2415471.70000 -26.08  -6.70
d 1901 03 29 12 00 00 GREE             0     0     0     0 2415473.00000 -26.17  -6.63
d 1901 03 30 04 48 00 GREE             0     0     0     0 2415473.70000 -26.21  -6.60
d 1901 03 31 04 48 00 GREE             0     0     0     0 2415474.70000 -26.27  -6.55
d 1901 04 01 09 36 00 GREE             0     0     0     0 2415475.90000 -26.33  -6.48
d 1901 04 02 09 36 00 GREE             0     0     0     0 2415476.90000 -26.37  -6.42
d 1901 04 04 12 00 00 GREE             0     0     0     0 2415479.00000 -26.42  -6.30
d 1901 04 05 09 36 00 GREE             0     0     0     0 2415479.90000 -26.44  -6.24
d 1901 04 06 04 48 00 GREE             0     0     0     0 2415480.70000 -26.45  -6.19
d 1901 04 07 04 48 00 GREE             0     0     0     0 2415481.70000 -26.45  -6.12
d 1901 04 08 04 48 00 GREE             0     0     0     0 2415482.70000 -26.45  -6.06
d 1901 04 09 12 00 00 GREE             0     0     0     0 2415484.00000 -26.44  -5.97
d 1901 04 10 07 12 00 GREE             0     0     0     0 2415484.80000 -26.42  -5.91
d 1901 04 11 04 48 00 GREE             0     0     0     0 2415485.70000 -26.40  -5.84
d 1901 04 12 04 48 00 GREE             0     0     0     0 2415486.70000 -26.37  -5.77
d 1901 04 13 04 48 00 GREE             0     0     0     0 2415487.70000 -26.33  -5.69
d 1901 04 14 07 12 00 GREE             0     0     0     0 2415488.80000 -26.27  -5.61
d 1901 04 15 12 00 00 GREE             0     0     0     0 2415490.00000 -26.21  -5.51
d 1901 04 16 09 36 00 GREE             0     0     0     0 2415490.90000 -26.15  -5.44
d 1901 04 17 12 00 00 GREE             0     0     0     0 2415492.00000 -26.07  -5.35
d 1901 04 18 14 24 00 GREE             0     0     0     0 2415493.10000 -25.99  -5.26
d 1901 04 19 12 00 00 GREE             0     0     0     0 2415494.00000 -25.91  -5.18
d 1901 04 20 12 00 00 GREE             0     0     0     0 2415495.00000 -25.81  -5.09
d 1901 04 21 12 00 00 GREE             0     0     0     0 2415496.00000 -25.71  -5.00
d 1901 04 22 04 48 00 GREE             0     0     0     0 2415496.70000 -25.64  -4.94
d 1901 04 23 14 24 00 GREE             0     0     0     0 2415498.10000 -25.48  -4.81
d 1901 04 24 12 00 00 GREE             0     0     0     0 2415499.00000 -25.37  -4.73
d 1901 04 25 12 00 00 GREE             0     0     0     0 2415500.00000 -25.24  -4.63
d 1901 04 26 12 00 00 GREE             0     0     0     0 2415501.00000 -25.10  -4.54
d 1901 04 27 12 00 00 GREE             0     0     0     0 2415502.00000 -24.95  -4.44
d 1901 04 28 12 00 00 GREE             0     0     0     0 2415503.00000 -24.80  -4.35
d 1901 04 29 04 48 00 GREE             0     0     0     0 2415503.70000 -24.69  -4.28
d 1901 04 30 12 00 00 GREE             0     0     0     0 2415505.00000 -24.48  -4.15
d 1901 05 01 09 36 00 GREE             0     0     0     0 2415505.90000 -24.32  -4.05
d 1901 05 02 04 48 00 GREE             0     0     0     0 2415506.70000 -24.18  -3.97
d 1901 05 03 12 00 00 GREE             0     0     0     0 2415508.00000 -23.93  -3.84
d 1901 05 04 12 00 00 GREE             0     0     0     0 2415509.00000 -23.74  -3.73
d 1901 05 05 12 00 00 GREE             0     0     0     0 2415510.00000 -23.53  -3.63
d 1901 05 06 04 48 00 GREE             0     0     0     0 2415510.70000 -23.39  -3.55
d 1901 05 07 12 00 00 GREE             0     0     0     0 2415512.00000 -23.11  -3.42
d 1901 05 08 12 00 00 GREE             0     0     0     0 2415513.00000 -22.88  -3.31
d 1901 05 09 02 24 00 GREE             0     0     0     0 2415513.60000 -22.74  -3.24
d 1901 05 10 12 00 00 GREE             0     0     0     0 2415515.00000 -22.41  -3.09
d 1901 05 11 09 36 00 GREE             0     0     0     0 2415515.90000 -22.19  -2.99
d 1901 05 12 12 00 00 GREE             0     0     0     0 2415517.00000 -21.92  -2.87
d 1901 05 13 12 00 00 GREE             0     0     0     0 2415518.00000 -21.66  -2.75
d 1901 05 14 09 36 00 GREE             0     0     0     0 2415518.90000 -21.42  -2.65
d 1901 05 15 09 36 00 GREE             0     0     0     0 2415519.90000 -21.15  -2.54
d 1901 05 16 12 00 00 GREE             0     0     0     0 2415521.00000 -20.84  -2.41
d 1901 05 17 12 00 00 GREE             0     0     0     0 2415522.00000 -20.56  -2.30
d 1901 05 18 04 48 00 GREE             0     0     0     0 2415522.70000 -20.36  -2.22
d 1901 05 19 03 30 00 GREE            17    52    45   133 2415523.64583 -20.08  -2.11
g 1901 05 19 03 30 00   4953          17    52    45   133   9.00 163.30 -78.10  80.40 0.9800 0 7
s 1901 05 19 03 30 00   4953     1    17    52    45   133   9.00 163.30 -78.10  80.40 0.9800 0 7
d 1901 05 20 11 02 00 GREE           272   335   286   352 2415524.95972 -19.68  -1.95
g 1901 05 20 11 02 00   4953         272   335   286   352   8.90 163.20 -60.80  78.80 0.8790 0 7
s 1901 05 20 11 02 00   4953     1   272   335   286   352   8.90 163.20 -60.80  78.80 0.8790 0 7
d 1901 05 21 11 41 00 GREE           260   731   201   564 2415525.98681 -19.36  -1.83
g 1901 05 21 11 41 00   4953         260   731   201   564   8.60 162.00 -48.60  77.10 0.7610 0 7
s 1901 05 21 11 41 00   4953     1   260   731   201   564   8.60 162.00 -48.60  77.10 0.7610 0 7
d 1901 05 22 10 16 00 GREE           551  1094   352   699 2415526.92778 -19.06  -1.72
g 1901 05 22 10 16 00   4953         551  1094   352   699   8.20 160.70 -37.30  74.50 0.6220 0 7
s 1901 05 22 10 16 00   4953     1   551  1094   352   699   8.20 160.70 -37.30  74.50 0.6220 0 7
d 1901 05 23 11 25 00 GREE           482  1239   268   688 2415527.97569 -18.72  -1.60
g 1901 05 23 11 25 00   4953         482  1239   268   688   8.80 160.50 -23.60  65.80 0.4340 0 7
s 1901 05 23 11 25 00   4953     1   482  1239   268   688   8.80 160.50 -23.60  65.80 0.4340 0 7
d 1901 05 24 10 40 01 GREE           523  1129   271   584 2415528.94446 -18.41  -1.48
g 1901 05 24 10 40 01   4953         523  1129   271   584   8.80 160.50 -10.80  46.30 0.2560 0 7
s 1901 05 24 10 40 01   4953     1   523  1129   271   584   8.80 160.50 -10.80  46.30 0.2560 0 7
d 1901 05 25 11 16 01 GREE           462  1162   235   591 2415529.96946 -18.06  -1.36
g 1901 05 25 11 16 01   4953         462  1162   235   591   8.80 160.80   3.00 343.60 0.1830 0 7
s 1901 05 25 11 16 01   4953     1   462  1162   235   591   8.80 160.80   3.00 343.60 0.1830 0 7
d 1901 05 26 05 16 01 GREE           260  1086   136   568 2415530.71946 -17.81  -1.27
g 1901 05 26 05 16 01   4953         260  1086   136   568   8.90 160.40  12.60 306.80 0.2920 0 7
s 1901 05 26 05 16 01   4953     1   260  1086   136   568   8.90 160.40  12.60 306.80 0.2920 0 7
d 1901 05 27 11 09 01 GREE           420   905   247   532 2415531.96459 -17.38  -1.12
g 1901 05 27 11 09 01   4953         420   905   247   532   9.00 161.40  30.10 289.20 0.5250 0 7
s 1901 05 27 11 09 01   4953     1   420   905   247   532   9.00 161.40  30.10 289.20 0.5250 0 7
d 1901 05 28 07 29 00 GREE           151   961   103   655 2415532.81181 -17.08  -1.02
g 1901 05 28 07 29 00   4953         151   961   103   655   8.60 162.90  42.80 283.80 0.6790 0 7
s 1901 05 28 07 29 00   4953     1   151   961   103   655   8.60 162.90  42.80 283.80 0.6790 0 7
d 1901 05 29 12 01 00 GREE           167   548   161   527 2415534.00069 -16.66  -0.88
g 1901 05 29 12 01 00   4953         167   548   161   527   8.90 162.50  58.10 280.90 0.8540 0 7
s 1901 05 29 12 01 00   4953     1   167   548   161   527   8.90 162.50  58.10 280.90 0.8540 0 7
d 1901 05 30 02 57 00 GREE            56   262    77   357 2415534.62292 -16.44  -0.81
g 1901 05 30 02 57 00   4953          56   262    77   357   8.50 164.30  68.10 279.40 0.9300 0 1
s 1901 05 30 02 57 00   4953     1    56   262    77   357   8.50 164.30  68.10 279.40 0.9300 0 1
d 1901 05 31 04 29 00 GREE            10    53    41   213 2415535.68681 -16.05  -0.68
g 1901 05 31 04 29 00   4953          10    53    41   213   8.50 164.70  82.60 278.60 0.9920 0 1
s 1901 05 31 04 29 00   4953     1    10    53    41   213   8.50 164.70  82.60 278.60 0.9920 0 1
d 1901 06 01 12 00 00 GREE             0     0     0     0 2415537.00000 -15.56  -0.52
d 1901 06 02 12 00 00 GREE             0     0     0     0 2415538.00000 -15.19  -0.40
d 1901 06 03 04 01 01 GREE             0     5     0     2 2415538.66737 -14.93  -0.32
g 1901 06 03 04 01 01   4954           0     5     0     2  28.40  45.80   3.20 354.10 0.4830 0 2
s 1901 06 03 04 01 01   4954     1     0     5     0     2  28.40  45.80   3.20 354.10 0.4830 0 2
d 1901 06 04 12 00 00 GREE             0     0     0     0 2415540.00000 -14.42  -0.16
d 1901 06 05 04 48 00 GREE             0     0     0     0 2415540.70000 -14.14  -0.07
d 1901 06 06 02 24 00 GREE             0     0     0     0 2415541.60000 -13.79   0.04
d 1901 06 07 04 48 00 GREE             0     0     0     0 2415542.70000 -13.35   0.17
d 1901 06 08 09 36 00 GREE             0     0     0     0 2415543.90000 -12.87   0.31
d 1901 06 09 12 00 00 GREE             0     0     0     0 2415545.00000 -12.42   0.45
d 1901 06 10 12 00 00 GREE             0     0     0     0 2415546.00000 -12.01   0.57
d 1901 06 11 12 00 00 GREE             0     0     0     0 2415547.00000 -11.59   0.69
d 1901 06 12 12 00 00 GREE             0     0     0     0 2415548.00000 -11.18   0.81
d 1901 06 13 04 48 00 GREE             0     0     0     0 2415548.70000 -10.88   0.89
d 1901 06 14 12 00 00 GREE             0     0     0     0 2415550.00000 -10.33   1.05
d 1901 06 15 09 36 00 GREE             0     0     0     0 2415550.90000  -9.94   1.15
d 1901 06 16 04 49 00 GREE            34   123    38   135 2415551.70069  -9.60   1.25
g 1901 06 16 04 49 00   4955          34   123    38   135   9.40 167.60 -62.60  80.10 0.8890 0 1
s 1901 06 16 04 49 00   4955     1    34   123    38   135   9.40 167.60 -62.60  80.10 0.8890 0 1
d 1901 06 17 12 53 00 GREE            29   172    21   122 2415553.03681  -9.02   1.41
g 1901 06 17 12 53 00   4955          29   172    21   122   9.60 167.80 -44.70  77.90 0.7090 0 1
s 1901 06 17 12 53 00   4955     1    29   172    21   122   9.60 167.80 -44.70  77.90 0.7090 0 1
d 1901 06 18 06 18 01 GREE            34   145    21    89 2415553.76251  -8.70   1.49
g 1901 06 18 06 18 01   4955          34   145    21    89   9.20 168.00 -34.80  76.30 0.5800 0 1
s 1901 06 18 06 18 01   4955     1    34   145    21    89   9.20 168.00 -34.80  76.30 0.5800 0 1
d 1901 06 19 04 30 01 GREE            57   279    31   152 2415554.68751  -8.29   1.60
g 1901 06 19 04 30 01   4955          57   279    31   152   9.70 168.80 -21.80  68.90 0.3920 0 1
s 1901 06 19 04 30 01   4955     1    57   279    31   152   9.70 168.80 -21.80  68.90 0.3920 0 1
d 1901 06 20 04 22 00 GREE            39   193    20    99 2415555.68194  -7.86   1.72
g 1901 06 20 04 22 00   4955          39   193    20    99  10.10 168.00  -9.40  48.00 0.2160 0 1
s 1901 06 20 04 22 00   4955     1    39   193    20    99  10.10 168.00  -9.40  48.00 0.2160 0 1
d 1901 06 21 04 36 00 GREE            39   207    20   105 2415556.69167  -7.41   1.84
g 1901 06 21 04 36 00   4955          39   207    20   105  10.10 168.50   4.40 332.10 0.1610 0 1
s 1901 06 21 04 36 00   4955     1    39   207    20   105  10.10 168.50   4.40 332.10 0.1610 0 1
d 1901 06 22 05 49 01 GREE            38   175    21    94 2415557.74237  -6.94   1.96
g 1901 06 22 05 49 01   4955          37   168    20    90  10.30 169.00  18.80 294.80 0.3490 0 0
s 1901 06 22 05 49 01   4955     1    37   168    20    90  10.30 169.00  18.80 294.80 0.3490 0 0
g 1901 06 22 05 49 01   4956           1     7     1     4 -20.00 164.50  14.30 211.90 0.4400 0 0
s 1901 06 22 05 49 01   4956     1     1     7     1     4 -20.00 164.50  14.30 211.90 0.4400 0 0
d 1901 06 23 04 53 01 GREE            38   223    23   133 2415558.70348  -6.51   2.07
g 1901 06 23 04 53 01   4955          30   167    18    99  10.40 169.00  31.60 286.20 0.5370 0 0
s 1901 06 23 04 53 01   4955     1    30   167    18    99  10.40 169.00  31.60 286.20 0.5370 0 0
g 1901 06 23 04 53 01   4956           8    56     5    34 -19.70 164.00  26.60 228.90 0.5590 0 1
s 1901 06 23 04 53 01   4956     1     8    56     5    34 -19.70 164.00  26.60 228.90 0.5590 0 1
d 1901 06 24 04 10 01 GREE            49   227    35   159 2415559.67362  -6.08   2.18
g 1901 06 24 04 10 01   4955          16    93    12    66  10.30 169.30  44.70 282.40 0.7090 0 0
s 1901 06 24 04 10 01   4955     1    16    93    12    66  10.30 169.30  44.70 282.40 0.7090 0 0
g 1901 06 24 04 10 01   4956          33   134    23    93 -19.80 163.30  38.70 238.10 0.6930 0 2
s 1901 06 24 04 10 01   4956     1    33   134    23    93 -19.80 163.30  38.70 238.10 0.6930 0 2
d 1901 06 25 11 22 01 GREE             7   134     8   135 2415560.97362  -5.49   2.33
g 1901 06 25 11 22 01   4955           7    31     8    34  10.30 170.20  62.80 280.30 0.8900 0 0
s 1901 06 25 11 22 01   4955     1     7    31     8    34  10.30 170.20  62.80 280.30 0.8900 0 0
g 1901 06 25 11 22 01   4956           0   103     0   101 -19.60 163.60  56.20 245.50 0.8600 0 2
s 1901 06 25 11 22 01   4956     1     0   103     0   101 -19.60 163.60  56.20 245.50 0.8600 0 2
d 1901 06 26 11 05 00 GREE             0    10     0    21 2415561.96181  -5.04   2.44
g 1901 06 26 11 05 00   4955           0    10     0    21  10.40 170.00  75.70 280.10 0.9680 0 0
s 1901 06 26 11 05 00   4955     1     0    10     0    21  10.40 170.00  75.70 280.10 0.9680 0 0
d 1901 06 27 12 00 00 GREE             0     0     0     0 2415563.00000  -4.57   2.56
d 1901 06 28 12 00 00 GREE             0     0     0     0 2415564.00000  -4.12   2.67
d 1901 06 29 09 36 00 GREE             0     0     0     0 2415564.90000  -3.71   2.77
d 1901 06 30 07 12 00 GREE             0     0     0     0 2415565.80000  -3.30   2.87
d 1901 07 01 04 48 00 GREE             0     0     0     0 2415566.70000  -2.89   2.97
d 1901 07 02 04 48 00 GREE             0     0     0     0 2415567.70000  -2.43   3.08
d 1901 07 03 04 48 00 GREE             0     0     0     0 2415568.70000  -1.98   3.19
d 1901 07 04 12 00 00 GREE             0     0     0     0 2415570.00000  -1.38   3.33
d 1901 07 05 14 24 00 GREE             0     0     0     0 2415571.10000  -0.88   3.45
d 1901 07 06 04 48 00 GREE             0     0     0     0 2415571.70000  -0.61   3.51
d 1901 07 07 14 24 00 GREE             0     0     0     0 2415573.10000   0.03   3.66
d 1901 07 08 12 24 00 GREE             0     6     0     4 2415574.01667   0.45   3.75
g 1901 07 08 12 24 00   4957           0     6     0     4   2.10 266.20 -28.60  92.50 0.4800 0 0
s 1901 07 08 12 24 00   4957     1     0     6     0     4   2.10 266.20 -28.60  92.50 0.4800 0 0
d 1901 07 09 12 00 00 GREE             0     0     0     0 2415575.00000   0.90   3.85
d 1901 07 10 12 00 00 GREE             0     0     0     0 2415576.00000   1.35   3.95
d 1901 07 11 12 00 00 GREE             0     0     0     0 2415577.00000   1.80   4.05
d 1901 07 12 04 48 00 GREE             0     0     0     0 2415577.70000   2.12   4.12
d 1901 07 13 09 36 00 GREE             0     0     0     0 2415578.90000   2.66   4.24
d 1901 07 14 04 48 00 GREE             0     0     0     0 2415579.70000   3.02   4.32
d 1901 07 15 12 00 00 GREE             0     0     0     0 2415581.00000   3.60   4.44
d 1901 07 16 14 24 00 GREE             0     0     0     0 2415582.10000   4.09   4.55
d 1901 07 17 09 36 00 GREE             0     0     0     0 2415582.90000   4.45   4.62
d 1901 07 18 12 00 00 GREE             0     0     0     0 2415584.00000   4.93   4.72
d 1901 07 19 12 00 00 GREE             0     0     0     0 2415585.00000   5.37   4.82
d 1901 07 20 12 00 00 GREE             0     0     0     0 2415586.00000   5.81   4.91
d 1901 07 21 12 00 00 GREE             0     0     0     0 2415587.00000   6.25   4.99
d 1901 07 22 04 32 00 GREE             0     3     0    11 2415587.68889   6.54   5.05
g 1901 07 22 04 32 00   4958           0     3     0    11  -1.60  31.90 -81.90  92.30 0.9900 0 0
s 1901 07 22 04 32 00   4958     1     0     3     0    11  -1.60  31.90 -81.90  92.30 0.9900 0 0
d 1901 07 23 10 50 01 GREE             0     8     0    10 2415588.95140   7.09   5.16
g 1901 07 23 10 50 01   4958           0     8     0    10  -1.80  32.30 -64.80  94.40 0.9070 0 0
s 1901 07 23 10 50 01   4958     1     0     8     0    10  -1.80  32.30 -64.80  94.40 0.9070 0 0
d 1901 07 24 09 08 01 GREE             0     5     0     5 2415589.88057   7.49   5.24
g 1901 07 24 09 08 01   4958           0     5     0     5  -1.60  32.10 -52.80  96.00 0.8010 0 0
s 1901 07 24 09 08 01   4958     1     0     5     0     5  -1.60  32.10 -52.80  96.00 0.8010 0 0
d 1901 07 25 07 12 00 GREE             0     0     0     0 2415590.80000   7.88   5.32
d 1901 07 26 07 12 00 GREE             0     0     0     0 2415591.80000   8.30   5.40
d 1901 07 27 04 48 00 GREE             0     0     0     0 2415592.70000   8.68   5.47
d 1901 07 28 04 48 00 GREE             0     0     0     0 2415593.70000   9.09   5.55
d 1901 07 29 09 36 00 GREE             0     0     0     0 2415594.90000   9.59   5.64
d 1901 07 30 09 36 00 GREE             0     0     0     0 2415595.90000  10.00   5.72
d 1901 07 31 12 00 00 GREE             0     0     0     0 2415597.00000  10.45   5.80
d 1901 08 01 04 48 00 GREE             0     0     0     0 2415597.70000  10.73   5.85
d 1901 08 02 12 00 00 GREE             0     0     0     0 2415599.00000  11.25   5.94
d 1901 08 04 04 48 00 GREE             0     0     0     0 2415600.70000  11.92   6.05
d 1901 08 06 14 24 00 GREE             0     0     0     0 2415603.10000  12.85   6.21
d 1901 08 07 12 00 00 GREE             0     0     0     0 2415604.00000  13.19   6.27
d 1901 08 08 12 00 00 GREE             0     0     0     0 2415605.00000  13.56   6.33
d 1901 08 09 12 00 00 GREE             0     0     0     0 2415606.00000  13.94   6.38
d 1901 08 10 12 00 00 GREE             0     0     0     0 2415607.00000  14.30   6.44
d 1901 08 11 09 36 00 GREE             0     0     0     0 2415607.90000  14.63   6.49
d 1901 08 12 12 00 00 GREE             0     0     0     0 2415609.00000  15.02   6.55
d 1901 08 13 12 00 00 GREE             0     0     0     0 2415610.00000  15.38   6.60
d 1901 08 14 04 48 00 GREE             0     0     0     0 2415610.70000  15.62   6.64
d 1901 08 15 12 00 00 GREE             0     0     0     0 2415612.00000  16.07   6.70
d 1901 08 16 12 00 00 GREE             0     0     0     0 2415613.00000  16.41   6.74
d 1901 08 17 12 00 00 GREE             0     0     0     0 2415614.00000  16.75   6.79
d 1901 08 18 09 36 00 GREE             0     0     0     0 2415614.90000  17.05   6.82
d 1901 08 19 12 00 00 GREE             0     0     0     0 2415616.00000  17.41   6.87
d 1901 08 20 12 00 00 GREE             0     0     0     0 2415617.00000  17.73   6.91
d 1901 08 21 12 00 00 GREE             0     0     0     0 2415618.00000  18.05   6.94
d 1901 08 22 12 00 00 GREE             0     0     0     0 2415619.00000  18.36   6.98
d 1901 08 23 12 00 00 GREE             0     0     0     0 2415620.00000  18.66   7.01
d 1901 08 24 12 00 00 GREE             0     0     0     0 2415621.00000  18.97   7.04
d 1901 08 25 09 36 00 GREE             0     0     0     0 2415621.90000  19.23   7.07
d 1901 08 26 12 00 00 GREE             0     0     0     0 2415623.00000  19.55   7.09
d 1901 08 27 12 00 00 GREE             0     0     0     0 2415624.00000  19.84   7.12
d 1901 08 28 12 00 00 GREE             0     0     0     0 2415625.00000  20.12   7.14
d 1901 08 29 04 48 00 GREE             0     0     0     0 2415625.70000  20.31   7.16
d 1901 08 30 12 00 00 GREE             0     0     0     0 2415627.00000  20.66   7.18
d 1901 08 31 07 12 00 GREE             0     0     0     0 2415627.80000  20.88   7.19
d 1901 09 01 04 48 00 GREE             0     0     0     0 2415628.70000  21.11   7.21
d 1901 09 02 09 36 00 GREE             0     0     0     0 2415629.90000  21.41   7.22
d 1901 09 03 12 00 00 GREE             0     0     0     0 2415631.00000  21.69   7.23
d 1901 09 04 12 00 00 GREE             0     0     0     0 2415632.00000  21.93   7.24
d 1901 09 05 04 48 00 GREE             0     0     0     0 2415632.70000  22.09   7.24
d 1901 09 06 12 00 00 GREE             0     0     0     0 2415634.00000  22.39   7.25
d 1901 09 07 09 36 00 GREE             0     0     0     0 2415634.90000  22.60   7.25
d 1901 09 08 14 24 00 GREE             0     0     0     0 2415636.10000  22.86   7.25
d 1901 09 09 09 36 00 GREE             0     0     0     0 2415636.90000  23.03   7.25
d 1901 09 10 04 48 00 GREE             0     0     0     0 2415637.70000  23.20   7.24
d 1901 09 11 04 48 00 GREE             0     0     0     0 2415638.70000  23.40   7.24
d 1901 09 12 04 37 01 GREE             0    11     0     7 2415639.69237  23.59   7.23
g 1901 09 12 04 37 01   4959           0    11     0     7  36.40 129.00 -17.50  26.00 0.5480 0 7
s 1901 09 12 04 37 01   4959     1     0    11     0     7  36.40 129.00 -17.50  26.00 0.5480 0 7
d 1901 09 13 04 48 00 GREE             0     0     0     0 2415640.70000  23.79   7.22
d 1901 09 14 12 00 00 GREE             0     0     0     0 2415642.00000  24.02   7.20
d 1901 09 15 04 48 00 GREE             0     0     0     0 2415642.70000  24.15   7.19
d 1901 09 16 12 00 00 GREE             0     0     0     0 2415644.00000  24.37   7.17
d 1901 09 17 04 48 00 GREE             0     0     0     0 2415644.70000  24.48   7.16
d 1901 09 18 12 00 00 GREE             0     0     0     0 2415646.00000  24.69   7.13
d 1901 09 19 07 12 00 GREE             0     0     0     0 2415646.80000  24.81   7.11
d 1901 09 20 04 48 00 GREE             0     0     0     0 2415647.70000  24.94   7.09
d 1901 09 21 04 48 00 GREE             0     0     0     0 2415648.70000  25.08   7.06
d 1901 09 22 14 24 00 GREE             0     0     0     0 2415650.10000  25.27   7.02
d 1901 09 23 09 36 00 GREE             0     0     0     0 2415650.90000  25.37   6.99
d 1901 09 24 07 12 00 GREE             0     0     0     0 2415651.80000  25.48   6.96
d 1901 09 25 09 36 00 GREE             0     0     0     0 2415652.90000  25.60   6.92
d 1901 09 26 12 00 00 GREE             0     0     0     0 2415654.00000  25.71   6.88
d 1901 09 27 07 12 00 GREE             0     0     0     0 2415654.80000  25.79   6.85
d 1901 09 28 04 48 00 GREE             0     0     0     0 2415655.70000  25.88   6.81
d 1901 09 29 12 00 00 GREE             0     0     0     0 2415657.00000  25.99   6.75
d 1901 09 30 12 00 00 GREE             0     0     0     0 2415658.00000  26.07   6.71
d 1901 10 01 12 00 00 GREE             0     0     0     0 2415659.00000  26.14   6.66
d 1901 10 02 04 48 00 GREE             0     0     0     0 2415659.70000  26.18   6.63
d 1901 10 03 12 00 00 GREE             0     0     0     0 2415661.00000  26.26   6.56
d 1901 10 04 04 48 00 GREE             0     0     0     0 2415661.70000  26.29   6.52
d 1901 10 05 12 00 00 GREE             0     0     0     0 2415663.00000  26.35   6.45
d 1901 10 06 02 24 00 GREE             0     0     0     0 2415663.60000  26.37   6.41
d 1901 10 07 06 00 00 GREE             4    18     3    13 2415664.75000  26.41   6.34
g 1901 10 07 06 00 00   4960           4    18     3    13  -8.80 133.40 -42.60 109.10 0.7080 0 0
s 1901 10 07 06 00 00   4960     1     4    18     3    13  -8.80 133.40 -42.60 109.10 0.7080 0 0
d 1901 10 08 06 18 01 GREE             0    10     0     6 2415665.76251  26.43   6.28
g 1901 10 08 06 18 01   4960           0    10     0     6  -9.30 135.50 -27.00 119.90 0.5170 0 0
s 1901 10 08 06 18 01   4960     1     0    10     0     6  -9.30 135.50 -27.00 119.90 0.5170 0 0
d 1901 10 09 04 42 00 GREE             0    14     0     8 2415666.69583  26.44   6.22
g 1901 10 09 04 42 00   4960           0    14     0     8  -9.80 136.40 -13.80 139.20 0.3600 0 7
s 1901 10 09 04 42 00   4960     1     0    14     0     8  -9.80 136.40 -13.80 139.20 0.3600 0 7
d 1901 10 10 10 43 01 GREE            34   129    18    67 2415667.94654  26.45   6.14
g 1901 10 10 10 43 01   4960          34   129    18    67  -8.50 136.40   2.70 190.50 0.2560 0 2
s 1901 10 10 10 43 01   4960     1    34   129    18    67  -8.50 136.40   2.70 190.50 0.2560 0 2
d 1901 10 11 05 25 00 GREE            22    71    12    38 2415668.72569  26.45   6.09
g 1901 10 11 05 25 00   4960          22    71    12    38  -9.00 136.80  13.40 221.80 0.3430 0 2
s 1901 10 11 05 25 00   4960     1    22    71    12    38  -9.00 136.80  13.40 221.80 0.3430 0 2
d 1901 10 12 05 45 01 GREE             6    25     4    15 2415669.73959  26.44   6.02
g 1901 10 12 05 45 01   4960           6    25     4    15  -8.90 137.30  27.30 241.50 0.5150 0 2
s 1901 10 12 05 45 01   4960     1     6    25     4    15  -8.90 137.30  27.30 241.50 0.5150 0 2
d 1901 10 13 04 48 00 GREE             0     0     0     0 2415670.70000  26.43   5.95
d 1901 10 14 07 12 00 GREE             0     0     0     0 2415671.80000  26.41   5.87
d 1901 10 15 12 00 00 GREE             0     0     0     0 2415673.00000  26.37   5.78
d 1901 10 16 04 48 00 GREE             0     0     0     0 2415673.70000  26.34   5.73
d 1901 10 17 09 36 00 GREE             0     0     0     0 2415674.90000  26.29   5.63
d 1901 10 18 04 48 00 GREE             0     0     0     0 2415675.70000  26.25   5.57
d 1901 10 19 09 36 00 GREE             0     0     0     0 2415676.90000  26.18   5.47
d 1901 10 20 09 36 00 GREE             0     0     0     0 2415677.90000  26.11   5.39
d 1901 10 21 04 48 00 GREE             0     0     0     0 2415678.70000  26.05   5.32
d 1901 10 22 04 48 00 GREE             0     0     0     0 2415679.70000  25.96   5.23
d 1901 10 23 12 00 00 GREE             0     0     0     0 2415681.00000  25.84   5.12
d 1901 10 24 04 48 00 GREE             0     0     0     0 2415681.70000  25.77   5.06
d 1901 10 25 04 48 00 GREE             0     0     0     0 2415682.70000  25.67   4.97
d 1901 10 26 04 48 00 GREE             0     0     0     0 2415683.70000  25.55   4.87
d 1901 10 27 12 00 00 GREE             0     0     0     0 2415685.00000  25.39   4.75
d 1901 10 28 11 35 01 GREE             0    79     0   125 2415685.98265  25.27   4.66
g 1901 10 28 11 35 01   4961           0    79     0   125  -5.00 185.00 -70.80  96.90 0.9480 0 2
s 1901 10 28 11 35 01   4961     1     0    79     0   125  -5.00 185.00 -70.80  96.90 0.9480 0 2
d 1901 10 29 04 37 01 GREE            19   103    21   112 2415686.69237  25.17   4.59
g 1901 10 29 04 37 01   4961          19   103    21   112  -5.00 184.50 -61.90  98.00 0.8870 0 1
s 1901 10 29 04 37 01   4961     1    19   103    21   112  -5.00 184.50 -61.90  98.00 0.8870 0 1
d 1901 10 30 06 04 00 GREE            13    70    10    53 2415687.75278  25.01   4.48
g 1901 10 30 06 04 00   4961          13    70    10    53  -5.10 184.90 -47.60 100.80 0.7490 0 1
s 1901 10 30 06 04 00   4961     1    13    70    10    53  -5.10 184.90 -47.60 100.80 0.7490 0 1
d 1901 10 31 12 38 01 GREE            10    36     6    21 2415689.02640  24.82   4.35
g 1901 10 31 12 38 01   4961          10    36     6    21  -5.90 188.10 -27.50 110.20 0.4890 0 0
s 1901 10 31 12 38 01   4961     1    10    36     6    21  -5.90 188.10 -27.50 110.20 0.4890 0 0
d 1901 11 01 06 12 01 GREE             7    11     4     6 2415689.75834  24.70   4.28
g 1901 11 01 06 12 01   4961           7    11     4     6  -6.40 188.00 -18.00 120.40 0.3560 0 0
s 1901 11 01 06 12 01   4961     1     7    11     4     6  -6.40 188.00 -18.00 120.40 0.3560 0 0
d 1901 11 02 12 00 00 GREE             0     0     0     0 2415691.00000  24.48   4.15
d 1901 11 03 04 48 00 GREE             0     0     0     0 2415691.70000  24.36   4.08
d 1901 11 04 07 12 00 GREE             0     0     0     0 2415692.80000  24.16   3.96
d 1901 11 05 04 48 00 GREE             0     0     0     0 2415693.70000  23.98   3.87
d 1901 11 06 07 12 00 GREE             0     0     0     0 2415694.80000  23.76   3.75
d 1901 11 07 04 48 00 GREE             0     0     0     0 2415695.70000  23.57   3.65
d 1901 11 08 07 12 00 GREE             0     0     0     0 2415696.80000  23.33   3.53
d 1901 11 09 04 48 00 GREE             0     0     0     0 2415697.70000  23.13   3.43
d 1901 11 10 04 48 00 GREE             0     0     0     0 2415698.70000  22.90   3.32
d 1901 11 11 07 12 00 GREE             0     0     0     0 2415699.80000  22.63   3.19
d 1901 11 12 04 48 00 GREE             0     0     0     0 2415700.70000  22.41   3.09
d 1901 11 13 07 09 00 GREE            12    40    34   107 2415701.79792  22.13   2.96
g 1901 11 13 07 09 00   4962          12    40    34   107 -21.10 330.00 -77.30 112.10 0.9820 0 0
s 1901 11 13 07 09 00   4962     1    12    40    34   107 -21.10 330.00 -77.30 112.10 0.9820 0 0
d 1901 11 14 04 48 00 GREE            21    86    29   118 2415702.70000  21.89   2.86
g 1901 11 14 04 48 00   4962          21    86    29   118 -20.90 329.80 -65.60 113.80 0.9300 0 0
s 1901 11 14 04 48 00   4962     1    21    86    29   118 -20.90 329.80 -65.60 113.80 0.9300 0 0
d 1901 11 15 07 09 00 GREE            20   158    19   145 2415703.79792  21.60   2.73
g 1901 11 15 07 09 00   4962          20   158    19   145 -21.00 329.30 -51.50 117.30 0.8380 0 1
s 1901 11 15 07 09 00   4962     1    20   158    19   145 -21.00 329.30 -51.50 117.30 0.8380 0 1
d 1901 11 16 08 00 01 GREE            36   201    25   140 2415704.83334  21.31   2.61
g 1901 11 16 08 00 01   4962          36   201    25   140 -21.10 329.40 -37.80 124.40 0.6930 0 1
s 1901 11 16 08 00 01   4962     1    36   201    25   140 -21.10 329.40 -37.80 124.40 0.6930 0 1
d 1901 11 17 07 30 01 GREE            49   199    30   120 2415705.81251  21.03   2.49
g 1901 11 17 07 30 01   4962          49   199    30   120 -20.60 329.10 -25.20 134.20 0.5560 0 0
s 1901 11 17 07 30 01   4962     1    49   199    30   120 -20.60 329.10 -25.20 134.20 0.5560 0 0
d 1901 11 18 04 27 01 GREE            50   224    28   125 2415706.68543  20.77   2.38
g 1901 11 18 04 27 01   4962          50   224    28   125 -20.60 329.70 -13.20 151.20 0.4430 0 0
s 1901 11 18 04 27 01   4962     1    50   224    28   125 -20.60 329.70 -13.20 151.20 0.4430 0 0
d 1901 11 19 06 53 00 GREE            48   243    26   132 2415707.78681  20.44   2.25
g 1901 11 19 06 53 00   4962          48   243    26   132 -20.30 329.30   1.00 182.40 0.3830 0 0
s 1901 11 19 06 53 00   4962     1    48   243    26   132 -20.30 329.30   1.00 182.40 0.3830 0 0
d 1901 11 20 04 36 00 GREE            43   218    24   121 2415708.69167  20.16   2.14
g 1901 11 20 04 36 00   4962          43   218    24   121 -20.30 329.10  12.70 208.50 0.4330 0 0
s 1901 11 20 04 36 00   4962     1    43   218    24   121 -20.30 329.10  12.70 208.50 0.4330 0 0
d 1901 11 21 05 00 01 GREE            29   176    18   106 2415709.70834  19.84   2.02
g 1901 11 21 05 00 01   4962          29   176    18   106 -20.30 328.70  25.80 227.40 0.5540 0 0
s 1901 11 21 05 00 01   4962     1    29   176    18   106 -20.30 328.70  25.80 227.40 0.5540 0 0
d 1901 11 22 06 12 01 GREE            24   156    17   110 2415710.75834  19.50   1.89
g 1901 11 22 06 12 01   4962          24   156    17   110 -20.10 329.00  39.80 238.70 0.7040 0 0
s 1901 11 22 06 12 01   4962     1    24   156    17   110 -20.10 329.00  39.80 238.70 0.7040 0 0
d 1901 11 23 12 14 00 GREE            12    78    12    76 2415712.00972  19.09   1.73
g 1901 11 23 12 14 00   4962          12    78    12    76 -19.90 328.50  55.90 245.40 0.8560 0 0
s 1901 11 23 12 14 00   4962     1    12    78    12    76 -19.90 328.50  55.90 245.40 0.8560 0 0
d 1901 11 24 12 17 00 GREE             3    45     5    71 2415713.01181  18.75   1.61
g 1901 11 24 12 17 00   4962           3    45     5    71 -19.80 328.80  69.40 248.40 0.9470 0 0
s 1901 11 24 12 17 00   4962     1     3    45     5    71 -19.80 328.80  69.40 248.40 0.9470 0 0
d 1901 11 25 04 56 01 GREE             4    23    13    72 2415713.70557  18.51   1.52
g 1901 11 25 04 56 01   4962           4    23    13    72 -19.80 329.80  79.50 249.70 0.9870 0 0
s 1901 11 25 04 56 01   4962     1     4    23    13    72 -19.80 329.80  79.50 249.70 0.9870 0 0
d 1901 11 26 07 12 00 GREE             0     0     0     0 2415714.80000  18.13   1.38
d 1901 11 27 07 12 00 GREE             0     0     0     0 2415715.80000  17.77   1.26
d 1901 11 28 12 00 00 GREE             0     0     0     0 2415717.00000  17.33   1.11
d 1901 11 29 04 48 00 GREE             0     0     0     0 2415717.70000  17.07   1.02
d 1901 11 30 04 48 00 GREE             0     0     0     0 2415718.70000  16.70   0.89
d 1901 12 01 04 48 00 GREE             0     0     0     0 2415719.70000  16.31   0.77
d 1901 12 02 12 00 00 GREE             0     0     0     0 2415721.00000  15.81   0.60
d 1901 12 03 07 12 00 GREE             0     0     0     0 2415721.80000  15.49   0.50
d 1901 12 04 04 48 00 GREE             0     0     0     0 2415722.70000  15.13   0.38
d 1901 12 05 04 48 00 GREE             0     0     0     0 2415723.70000  14.73   0.25
d 1901 12 06 12 00 00 GREE             0     0     0     0 2415725.00000  14.19   0.09
d 1901 12 07 04 48 00 GREE             0     0     0     0 2415725.70000  13.90  -0.00
d 1901 12 08 04 48 00 GREE             0     0     0     0 2415726.70000  13.48  -0.13
d 1901 12 09 07 12 00 GREE             0     0     0     0 2415727.80000  13.01  -0.27
d 1901 12 10 04 48 00 GREE             0     0     0     0 2415728.70000  12.62  -0.39
d 1901 12 11 04 48 00 GREE             0     0     0     0 2415729.70000  12.19  -0.51
d 1901 12 12 09 36 00 GREE             0     0     0     0 2415730.90000  11.66  -0.67
d 1901 12 13 04 48 00 GREE             0     0     0     0 2415731.70000  11.30  -0.77
d 1901 12 14 04 48 00 GREE             0     0     0     0 2415732.70000  10.85  -0.90
d 1901 12 15 12 00 00 GREE             0     0     0     0 2415734.00000  10.26  -1.06
d 1901 12 16 04 48 00 GREE             0     0     0     0 2415734.70000   9.94  -1.15
d 1901 12 17 04 48 00 GREE             0     0     0     0 2415735.70000   9.48  -1.28
d 1901 12 18 12 00 00 GREE             0     0     0     0 2415737.00000   8.88  -1.44
d 1901 12 19 04 48 00 GREE             0     0     0     0 2415737.70000   8.56  -1.53
d 1901 12 20 04 48 00 GREE             0     0     0     0 2415738.70000   8.09  -1.66
d 1901 12 21 04 48 00 GREE             0     0     0     0 2415739.70000   7.61  -1.78
d 1901 12 22 04 48 00 GREE             0     0     0     0 2415740.70000   7.14  -1.91
d 1901 12 23 04 48 00 GREE             0     0     0     0 2415741.70000   6.66  -2.03
d 1901 12 24 07 12 00 GREE             0     0     0     0 2415742.80000   6.14  -2.16
d 1901 12 25 04 48 00 GREE             0     0     0     0 2415743.70000   5.70  -2.27
d 1901 12 26 12 00 00 GREE             0     0     0     0 2415745.00000   5.08  -2.43
d 1901 12 27 04 48 00 GREE             0     0     0     0 2415745.70000   4.74  -2.52
d 1901 12 28 04 48 00 GREE             0     0     0     0 2415746.70000   4.25  -2.64
d 1901 12 29 12 00 00 GREE             0     0     0     0 2415748.00000   3.62  -2.79
d 1901 12 30 04 48 00 GREE             0     0     0     0 2415748.70000   3.28  -2.88
d 1901 12 31 04 48 00 GREE             0     0     0     0 2415749.70000   2.79  -2.99
