d 1913 01 01 08 58 01 GREE            15    80    13    68 2419768.87362   2.07  -3.15
g 1913 01 01 08 58 01   7008          15    80    13    68  26.20  54.40  46.50 306.10 0.8060 0 4
s 1913 01 01 08 58 01   7008     1    15    80    13    68  26.20  54.40  46.50 306.10 0.8060 0 4
d 1913 01 02 10 17 01 GREE            26   118    31   138 2419769.92848   1.55  -3.27
g 1913 01 02 10 17 01   7008          26   118    31   138  26.50  53.50  59.50 301.40 0.9050 0 4
s 1913 01 02 10 17 01   7008     1    26   118    31   138  26.50  53.50  59.50 301.40 0.9050 0 4
d 1913 01 03 11 44 00 GREE             0     0     0     0 2419770.98889   1.04  -3.39
d 1913 01 04 07 19 00 GREE             0     0     0     0 2419771.80486   0.64  -3.49
d 1913 01 05 09 27 00 GREE             0     0     0     0 2419772.89375   0.11  -3.61
d 1913 01 06 11 19 01 GREE             0     0     0     0 2419773.97154  -0.42  -3.73
d 1913 01 07 10 39 00 GREE             0     0     0     0 2419774.94375  -0.89  -3.84
d 1913 01 08 14 21 00 GREE             0     0     0     0 2419776.09792  -1.45  -3.96
d 1913 01 09 10 23 01 GREE             0     0     0     0 2419776.93265  -1.85  -4.05
d 1913 01 10 11 16 01 GREE             0     0     0     0 2419777.96946  -2.35  -4.16
d 1913 01 11 09 11 01 GREE             0     0     0     0 2419778.88265  -2.79  -4.26
d 1913 01 12 10 06 00 GREE             0     0     0     0 2419779.92083  -3.29  -4.36
d 1913 01 13 09 53 00 GREE             8    56     7    45 2419780.91181  -3.76  -4.47
g 1913 01 13 09 53 00   7009           8    56     7    45 -14.40 260.40  51.10 255.10 0.7820 0 7
s 1913 01 13 09 53 00   7009     1     8    56     7    45 -14.40 260.40  51.10 255.10 0.7820 0 7
d 1913 01 14 12 30 00 GREE             9    78    12    95 2419782.02083  -4.29  -4.58
g 1913 01 14 12 30 00   7009           9    78    12    95 -13.90 260.60  65.90 256.80 0.9130 0 7
s 1913 01 14 12 30 00   7009     1     9    78    12    95 -13.90 260.60  65.90 256.80 0.9130 0 7
d 1913 01 15 11 05 00 GREE             0    17     0    22 2419782.96181  -4.73  -4.67
g 1913 01 15 11 05 00   7009           0    17     0    22 -13.90 261.40  79.10 256.70 0.9830 0 7
s 1913 01 15 11 05 00   7009     1     0    17     0    22 -13.90 261.40  79.10 256.70 0.9830 0 7
d 1913 01 16 10 23 01 GREE             0    10     0    20 2419783.93265  -5.19  -4.77
g 1913 01 16 10 23 01   7010           0    10     0    20  16.20 110.00 -59.60  69.10 0.8900 0 7
s 1913 01 16 10 23 01   7010     1     0    10     0    20  16.20 110.00 -59.60  69.10 0.8900 0 7
d 1913 01 17 12 05 01 GREE             0    12     0    14 2419785.00348  -5.69  -4.87
g 1913 01 17 12 05 01   7010           0    12     0    14  17.20 109.10 -46.30  63.20 0.7770 0 7
s 1913 01 17 12 05 01   7010     1     0    12     0    14  17.20 109.10 -46.30  63.20 0.7770 0 7
d 1913 01 18 11 03 01 GREE             0    23     0    18 2419785.96043  -6.14  -4.96
g 1913 01 18 11 03 01   7010           0    23     0    18  18.00 111.30 -31.60  52.90 0.6270 0 7
s 1913 01 18 11 03 01   7010     1     0    23     0    18  18.00 111.30 -31.60  52.90 0.6270 0 7
d 1913 01 19 09 23 00 GREE             0     0     0     0 2419786.89097  -6.57  -5.05
d 1913 01 20 12 14 00 GREE             0     0     0     0 2419788.00972  -7.08  -5.15
d 1913 01 21 10 14 01 GREE             0     0     0     0 2419788.92640  -7.50  -5.23
d 1913 01 22 08 26 01 GREE             0     0     0     0 2419789.85140  -7.92  -5.31
d 1913 01 23 09 07 00 GREE             0     0     0     0 2419790.87986  -8.38  -5.40
d 1913 01 24 08 51 00 GREE             0     0     0     0 2419791.86875  -8.82  -5.49
d 1913 01 25 10 20 01 GREE             0    15     0     8 2419792.93057  -9.29  -5.57
g 1913 01 25 10 20 01   7011           0    15     0     8  -8.90   6.00 -45.10  97.00 0.7080 0 2
s 1913 01 25 10 20 01   7011     1     0    15     0     8  -8.90   6.00 -45.10  97.00 0.7080 0 2
d 1913 01 26 12 25 01 GREE             9    36     5    24 2419794.01737  -9.76  -5.66
g 1913 01 26 12 25 01   7011           9    36     5    24 -10.60  10.60 -26.20 102.40 0.4470 0 2
s 1913 01 26 12 25 01   7011     1     9    36     5    24 -10.60  10.60 -26.20 102.40 0.4470 0 2
d 1913 01 27 10 14 01 GREE             2    10     1     6 2419794.92640 -10.16  -5.73
g 1913 01 27 10 14 01   7011           2    10     1     6 -10.40  12.90 -11.90 112.30 0.2200 0 2
s 1913 01 27 10 14 01   7011     1     2    10     1     6 -10.40  12.90 -11.90 112.30 0.2200 0 2
d 1913 01 28 13 14 01 GREE             0     0     0     0 2419796.05140 -10.64  -5.82
d 1913 01 29 10 09 00 GREE             0     0     0     0 2419796.92292 -11.01  -5.89
d 1913 01 30 07 48 00 GREE             0     0     0     0 2419797.82500 -11.39  -5.96
d 1913 01 31 10 43 01 GREE             0     0     0     0 2419798.94654 -11.86  -6.04
d 1913 02 01 09 40 00 GREE             0     0     0     0 2419799.90278 -12.25  -6.10
d 1913 02 02 11 24 00 GREE             0     0     0     0 2419800.97500 -12.69  -6.18
d 1913 02 03 09 56 00 GREE             0     0     0     0 2419801.91389 -13.07  -6.24
d 1913 02 04 11 36 01 GREE             0     0     0     0 2419802.98334 -13.49  -6.31
d 1913 02 05 03 04 00 GREE             0     0     0     0 2419803.62778 -13.75  -6.35
d 1913 02 06 12 48 01 GREE             0     0     0     0 2419805.03334 -14.30  -6.43
d 1913 02 07 12 04 00 GREE             0     0     0     0 2419806.00278 -14.67  -6.49
d 1913 02 08 11 26 01 GREE             0     0     0     0 2419806.97640 -15.03  -6.54
d 1913 02 09 03 07 00 GREE             0     0     0     0 2419807.62986 -15.28  -6.58
d 1913 02 10 14 31 00 GREE             0     0     0     0 2419809.10486 -15.82  -6.66
d 1913 02 11 12 00 00 GREE             0     0     0     0 2419810.00000 -16.15  -6.70
d 1913 02 12 09 28 01 GREE             0     0     0     0 2419810.89446 -16.47  -6.74
d 1913 02 13 09 12 01 GREE             0     0     0     0 2419811.88334 -16.81  -6.79
d 1913 02 14 07 22 00 GREE             0     0     0     0 2419812.80694 -17.13  -6.83
d 1913 02 15 08 57 00 GREE             0     0     0     0 2419813.87292 -17.50  -6.88
d 1913 02 16 10 52 00 GREE             0     0     0     0 2419814.95278 -17.86  -6.92
d 1913 02 17 07 42 00 GREE             0     0     0     0 2419815.82083 -18.14  -6.95
d 1913 02 18 10 37 01 GREE             0     0     0     0 2419816.94237 -18.51  -6.99
d 1913 02 19 10 35 00 GREE             6    27     8    36 2419817.94097 -18.82  -7.02
g 1913 02 19 10 35 00   7012           6    27     8    36  31.20  24.20 -57.60  52.00 0.9240 0 1
s 1913 02 19 10 35 00   7012     1     6    27     8    36  31.20  24.20 -57.60  52.00 0.9240 0 1
d 1913 02 20 15 14 00 GREE            24   106    24   104 2419819.13472 -19.20  -7.06
g 1913 02 20 15 14 00   7012          20    93    18    82  31.40  24.30 -41.70  43.90 0.8250 0 1
s 1913 02 20 15 14 00   7012     1    20    93    18    82  31.40  24.30 -41.70  43.90 0.8250 0 1
g 1913 02 20 15 14 00   7013           4    13     6    22  32.60  18.60 -47.40  46.00 0.8690 0 9
s 1913 02 20 15 14 00   7013     1     4    13     6    22  32.60  18.60 -47.40  46.00 0.8690 0 9
d 1913 02 21 12 30 00 GREE            34   162    27   125 2419820.02083 -19.47  -7.08
g 1913 02 21 12 30 00   7012          25   114    19    84  31.20  25.90 -28.50  34.10 0.7330 0 1
s 1913 02 21 12 30 00   7012     1    25   114    19    84  31.20  25.90 -28.50  34.10 0.7330 0 1
g 1913 02 21 12 30 00   7013           9    48     8    41  32.40  16.70 -37.70  40.30 0.8050 0 9
s 1913 02 21 12 30 00   7013     1     9    48     8    41  32.40  16.70 -37.70  40.30 0.8050 0 9
d 1913 02 22 09 10 00 GREE            30   173    21   120 2419820.88194 -19.72  -7.11
g 1913 02 22 09 10 00   7012          26   154    18   103  31.10  25.60 -17.40  22.80 0.6660 0 1
s 1913 02 22 09 10 00   7012     1    26   154    18   103  31.10  25.60 -17.40  22.80 0.6660 0 1
g 1913 02 22 09 10 00   7013           4    19     3    17  32.50  14.70 -28.30  32.80 0.7440 0 9
s 1913 02 22 09 10 00   7013     1     4    19     3    17  32.50  14.70 -28.30  32.80 0.7440 0 9
d 1913 02 23 11 55 01 GREE            28   143    18    98 2419821.99654 -20.05  -7.13
g 1913 02 23 11 55 01   7012          22   112    14    75  31.40  26.70  -1.60   2.10 0.6620 0 1
s 1913 02 23 11 55 01   7012     1    22   112    14    75  31.40  26.70  -1.60   2.10 0.6620 0 1
g 1913 02 23 11 55 01   7013           6    31     4    23  32.20  15.50 -12.80  16.70 0.6590 0 9
s 1913 02 23 11 55 01   7013     1     6    31     4    23  32.20  15.50 -12.80  16.70 0.6590 0 9
d 1913 02 24 11 09 01 GREE            21    95    13    61 2419822.96459 -20.33  -7.15
g 1913 02 24 11 09 01   7012          21    83    13    53  31.40  26.30  10.70 345.10 0.6180 0 1
s 1913 02 24 11 09 01   7012     1    21    83    13    53  31.40  26.30  10.70 345.10 0.6180 0 1
g 1913 02 24 11 09 01   7013           0    12     0     8  31.10  15.20  -0.40   0.50 0.6450 0 9
s 1913 02 24 11 09 01   7013     1     0    12     0     8  31.10  15.20  -0.40   0.50 0.6450 0 9
d 1913 02 25 09 24 00 GREE            17    76    10    50 2419823.89167 -20.59  -7.17
g 1913 02 25 09 24 00   7012          17    72    10    47  31.30  26.10  22.70 331.60 0.6980 0 1
s 1913 02 25 09 24 00   7012     1    17    72    10    47  31.30  26.10  22.70 331.60 0.6980 0 1
g 1913 02 25 09 24 00   7013           0     4     0     3  30.90  19.50  16.10 338.60 0.6580 0 9
s 1913 02 25 09 24 00   7013     1     0     4     0     3  30.90  19.50  16.10 338.60 0.6580 0 9
d 1913 02 26 10 56 01 GREE            11    36     7    25 2419824.95557 -20.88  -7.19
g 1913 02 26 10 56 01   7012          11    36     7    25  31.00  25.50  36.10 319.60 0.7850 0 1
s 1913 02 26 10 56 01   7012     1    11    36     7    25  31.00  25.50  36.10 319.60 0.7850 0 1
d 1913 02 27 10 56 01 GREE             4    31     5    32 2419825.95557 -21.15  -7.21
g 1913 02 27 10 56 01   7012           4    31     5    32  30.80  24.70  48.50 311.80 0.8690 0 1
s 1913 02 27 10 56 01   7012     1     4    31     5    32  30.80  24.70  48.50 311.80 0.8690 0 1
d 1913 02 28 11 15 00 GREE             0     0     0     0 2419826.96875 -21.42  -7.22
d 1913 03 01 08 45 01 GREE             0     0     0     0 2419827.86459 -21.65  -7.23
d 1913 03 02 13 16 00 GREE             0     0     0     0 2419829.05278 -21.94  -7.24
d 1913 03 03 09 56 00 GREE             0     0     0     0 2419829.91389 -22.15  -7.24
d 1913 03 04 08 47 00 GREE             0     0     0     0 2419830.86597 -22.38  -7.25
d 1913 03 05 10 07 01 GREE             0     0     0     0 2419831.92154 -22.62  -7.25
d 1913 03 06 10 26 00 GREE             0     0     0     0 2419832.93472 -22.85  -7.25
d 1913 03 07 10 48 00 GREE             0     0     0     0 2419833.95000 -23.07  -7.25
d 1913 03 08 10 00 00 GREE             0     0     0     0 2419834.91667 -23.28  -7.24
d 1913 03 09 02 31 00 GREE             0     0     0     0 2419835.60486 -23.42  -7.24
d 1913 03 10 09 01 00 GREE             0     0     0     0 2419836.87569 -23.67  -7.23
d 1913 03 11 14 29 01 GREE             0     0     0     0 2419838.10348 -23.91  -7.21
d 1913 03 12 10 04 01 GREE             0     0     0     0 2419838.91946 -24.06  -7.20
d 1913 03 13 14 36 01 GREE             2     5     6    17 2419840.10834 -24.27  -7.18
g 1913 03 13 14 36 01   7014           2     5     6    17 -35.30  79.50 -70.20 125.00 0.9440 0 0
s 1913 03 13 14 36 01   7014     1     2     5     6    17 -35.30  79.50 -70.20 125.00 0.9440 0 0
d 1913 03 14 08 22 01 GREE             0     5     0     8 2419840.84862 -24.40  -7.17
g 1913 03 14 08 22 01   7014           0     5     0     8 -35.00  80.20 -59.80 126.00 0.8820 0 0
s 1913 03 14 08 22 01   7014     1     0     5     0     8 -35.00  80.20 -59.80 126.00 0.8820 0 0
d 1913 03 15 10 10 01 GREE             0     0     0     0 2419841.92362 -24.57  -7.15
d 1913 03 16 12 33 00 GREE             0     0     0     0 2419843.02292 -24.75  -7.12
d 1913 03 17 11 41 00 GREE             0     0     0     0 2419843.98681 -24.89  -7.10
d 1913 03 18 12 37 00 GREE             0     0     0     0 2419845.02569 -25.04  -7.07
d 1913 03 19 11 47 00 GREE             0     0     0     0 2419845.99097 -25.17  -7.04
d 1913 03 20 10 30 01 GREE             0     0     0     0 2419846.93751 -25.30  -7.01
d 1913 03 21 11 45 01 GREE             0     0     0     0 2419847.98959 -25.43  -6.98
d 1913 03 22 11 13 01 GREE             0     0     0     0 2419848.96737 -25.54  -6.94
d 1913 03 23 15 21 01 GREE             0     0     0     0 2419850.13959 -25.67  -6.90
d 1913 03 24 10 56 01 GREE             0     0     0     0 2419850.95557 -25.75  -6.87
d 1913 03 25 11 24 00 GREE             0     0     0     0 2419851.97500 -25.85  -6.83
d 1913 03 26 11 32 01 GREE             0     0     0     0 2419852.98057 -25.94  -6.78
d 1913 03 27 12 43 00 GREE             0     0     0     0 2419854.02986 -26.02  -6.73
d 1913 03 28 15 33 00 GREE             0     0     0     0 2419855.14792 -26.10  -6.68
d 1913 03 29 15 41 01 GREE             0     0     0     0 2419856.15348 -26.17  -6.63
d 1913 03 30 13 33 01 GREE             0     0     0     0 2419857.06459 -26.22  -6.58
d 1913 03 31 09 10 00 GREE             0     0     0     0 2419857.88194 -26.27  -6.54
d 1913 04 01 14 45 01 GREE             0     0     0     0 2419859.11459 -26.32  -6.47
d 1913 04 02 12 24 00 GREE             0     0     0     0 2419860.01667 -26.36  -6.42
d 1913 04 03 08 51 00 GREE             0     0     0     0 2419860.86875 -26.38  -6.37
d 1913 04 04 09 38 01 GREE             0     0     0     0 2419861.90140 -26.41  -6.31
d 1913 04 05 11 55 01 GREE            18    77    10    42 2419862.99654 -26.43  -6.24
g 1913 04 05 11 55 01   7015          18    77    10    42  -2.00 229.90  22.00 279.90 0.3820 0 4
s 1913 04 05 11 55 01   7015     1    18    77    10    42  -2.00 229.90  22.00 279.90 0.3820 0 4
d 1913 04 06 09 57 01 GREE            11    82     5    44 2419863.91459 -26.44  -6.18
g 1913 04 06 09 57 01   7015          11    82     5    44  -2.00 228.30  32.50 275.90 0.5430 0 4
s 1913 04 06 09 57 01   7015     1    11    82     5    44  -2.00 228.30  32.50 275.90 0.5430 0 4
d 1913 04 07 10 35 00 GREE             4    19     2    12 2419864.94097 -26.44  -6.11
g 1913 04 07 10 35 00   7015           4    19     2    12  -1.70 231.20  49.00 273.00 0.7600 0 4
s 1913 04 07 10 35 00   7015     1     4    19     2    12  -1.70 231.20  49.00 273.00 0.7600 0 4
d 1913 04 08 09 02 01 GREE             0     0     0     0 2419865.87640 -26.43  -6.05
d 1913 04 09 08 34 00 GREE             0     0     0     0 2419866.85694 -26.42  -5.98
d 1913 04 10 10 27 01 GREE             0     0     0     0 2419867.93543 -26.40  -5.90
d 1913 04 11 08 32 01 GREE             0     0     0     0 2419868.85557 -26.38  -5.84
d 1913 04 12 09 00 00 GREE             0     0     0     0 2419869.87500 -26.34  -5.76
d 1913 04 13 08 24 00 GREE             0     0     0     0 2419870.85000 -26.30  -5.69
d 1913 04 14 09 28 01 GREE             0     0     0     0 2419871.89446 -26.25  -5.61
d 1913 04 15 02 38 00 GREE             0     0     0     0 2419872.60972 -26.21  -5.55
d 1913 04 16 14 28 00 GREE             0     0     0     0 2419874.10278 -26.12  -5.43
d 1913 04 17 08 48 00 GREE             0     0     0     0 2419874.86667 -26.06  -5.37
d 1913 04 18 10 35 00 GREE             0     0     0     0 2419875.94097 -25.98  -5.28
d 1913 04 19 09 15 01 GREE             0     0     0     0 2419876.88543 -25.90  -5.19
d 1913 04 20 11 45 01 GREE             0     0     0     0 2419877.98959 -25.79  -5.10
d 1913 04 21 11 29 01 GREE             0     0     0     0 2419878.97848 -25.69  -5.01
d 1913 04 22 10 39 00 GREE             0     0     0     0 2419879.94375 -25.59  -4.92
d 1913 04 23 08 15 00 GREE             0     0     0     0 2419880.84375 -25.49  -4.84
d 1913 04 24 09 53 00 GREE             0     0     0     0 2419881.91181 -25.36  -4.74
d 1913 04 25 10 17 01 GREE             0     0     0     0 2419882.92848 -25.22  -4.65
d 1913 04 26 09 12 01 GREE             0     0     0     0 2419883.88334 -25.09  -4.56
d 1913 04 27 08 42 01 GREE             0     0     0     0 2419884.86251 -24.95  -4.46
d 1913 04 28 16 09 00 GREE             0     0     0     0 2419886.17292 -24.75  -4.34
d 1913 04 29 08 52 01 GREE             0     0     0     0 2419886.86946 -24.64  -4.27
d 1913 04 30 08 32 01 GREE             0     0     0     0 2419887.85557 -24.47  -4.17
d 1913 05 01 12 20 00 GREE             0     0     0     0 2419889.01389 -24.27  -4.05
d 1913 05 02 09 57 01 GREE             0     0     0     0 2419889.91459 -24.11  -3.96
d 1913 05 03 08 22 01 GREE             0     0     0     0 2419890.84862 -23.93  -3.86
d 1913 05 04 14 57 00 GREE             0     0     0     0 2419892.12292 -23.68  -3.73
d 1913 05 05 11 42 01 GREE             0     0     0     0 2419892.98751 -23.51  -3.64
d 1913 05 06 11 12 00 GREE             0     0     0     0 2419893.96667 -23.30  -3.53
d 1913 05 07 07 37 01 GREE             0     0     0     0 2419894.81737 -23.12  -3.44
d 1913 05 08 11 52 01 GREE             0     0     0     0 2419895.99446 -22.85  -3.32
d 1913 05 09 10 48 00 GREE             0     0     0     0 2419896.95000 -22.63  -3.21
d 1913 05 10 07 40 01 GREE             0     0     0     0 2419897.81946 -22.43  -3.12
d 1913 05 11 07 49 00 GREE             0     0     0     0 2419898.82569 -22.18  -3.01
d 1913 05 12 02 42 01 GREE             0     0     0     0 2419899.61251 -21.98  -2.92
d 1913 05 13 11 21 00 GREE             0     0     0     0 2419900.97292 -21.63  -2.77
d 1913 05 14 08 42 01 GREE             0     0     0     0 2419901.86251 -21.40  -2.66
d 1913 05 15 10 16 00 GREE             0     0     0     0 2419902.92778 -21.11  -2.54
d 1913 05 16 10 24 01 GREE             0     0     0     0 2419903.93334 -20.83  -2.43
d 1913 05 17 07 46 01 GREE             0     0     0     0 2419904.82362 -20.58  -2.33
d 1913 05 18 12 01 00 GREE             0     0     0     0 2419906.00069 -20.23  -2.19
d 1913 05 19 07 49 00 GREE             0     0     0     0 2419906.82569 -19.99  -2.09
d 1913 05 20 15 04 00 GREE             0     0     0     0 2419908.12778 -19.59  -1.94
d 1913 05 21 08 47 00 GREE             0     0     0     0 2419908.86597 -19.36  -1.86
d 1913 05 22 07 20 01 GREE             0     0     0     0 2419909.80557 -19.07  -1.75
d 1913 05 23 11 13 01 GREE             0     0     0     0 2419910.96737 -18.69  -1.61
d 1913 05 24 07 35 00 GREE             0     0     0     0 2419911.81597 -18.42  -1.51
d 1913 05 25 11 35 01 GREE             0     0     0     0 2419912.98265 -18.03  -1.37
d 1913 05 26 07 20 01 GREE             0     0     0     0 2419913.80557 -17.75  -1.27
d 1913 05 27 07 30 01 GREE             0     0     0     0 2419914.81251 -17.40  -1.15
d 1913 05 28 07 30 01 GREE             0     0     0     0 2419915.81251 -17.05  -1.03
d 1913 05 29 08 06 01 GREE             0     0     0     0 2419916.83751 -16.68  -0.91
d 1913 05 30 10 45 00 GREE             0     0     0     0 2419917.94792 -16.28  -0.78
d 1913 05 31 09 10 00 GREE             0     0     0     0 2419918.88194 -15.94  -0.66
d 1913 06 01 08 36 01 GREE             0     0     0     0 2419919.85834 -15.58  -0.55
d 1913 06 02 07 23 01 GREE             0     0     0     0 2419920.80765 -15.22  -0.43
d 1913 06 03 07 13 00 GREE             0     0     0     0 2419921.80069 -14.84  -0.31
d 1913 06 04 15 53 00 GREE             0     0     0     0 2419923.16181 -14.32  -0.15
d 1913 06 05 07 16 00 GREE             0     0     0     0 2419923.80278 -14.07  -0.07
d 1913 06 06 11 45 01 GREE             0     0     0     0 2419924.98959 -13.60   0.07
d 1913 06 07 11 34 00 GREE             0     0     0     0 2419925.98194 -13.20   0.19
d 1913 06 08 02 39 01 GREE             0     0     0     0 2419926.61043 -12.95   0.27
d 1913 06 09 08 18 00 GREE             0     0     0     0 2419927.84583 -12.45   0.42
d 1913 06 10 12 28 01 GREE             0     0     0     0 2419929.01946 -11.96   0.56
d 1913 06 11 07 09 00 GREE             0     0     0     0 2419929.79792 -11.64   0.65
d 1913 06 12 08 34 00 GREE             0     0     0     0 2419930.85694 -11.20   0.78
d 1913 06 13 08 35 01 GREE             0     0     0     0 2419931.85765 -10.78   0.90
d 1913 06 14 12 28 01 GREE             0     0     0     0 2419933.01946 -10.28   1.04
d 1913 06 15 12 08 01 GREE             0     0     0     0 2419934.00557  -9.86   1.16
d 1913 06 16 08 24 00 GREE             0     0     0     0 2419934.85000  -9.49   1.26
d 1913 06 17 08 34 00 GREE             0     0     0     0 2419935.85694  -9.06   1.38
d 1913 06 18 09 31 01 GREE             0     0     0     0 2419936.89654  -8.60   1.50
d 1913 06 19 07 24 01 GREE             0     0     0     0 2419937.80834  -8.20   1.61
d 1913 06 20 11 25 00 GREE             0     0     0     0 2419938.97569  -7.69   1.74
d 1913 06 21 07 39 00 GREE             0     0     0     0 2419939.81875  -7.31   1.84
d 1913 06 22 09 31 01 GREE             0     0     0     0 2419940.89654  -6.83   1.97
d 1913 06 23 09 56 00 GREE             0     0     0     0 2419941.91389  -6.38   2.08
d 1913 06 24 10 33 01 GREE             0     0     0     0 2419942.93959  -5.92   2.20
d 1913 06 25 12 10 00 GREE             0     0     0     0 2419944.00694  -5.44   2.32
d 1913 06 26 07 10 01 GREE             0     0     0     0 2419944.79862  -5.08   2.41
d 1913 06 27 11 34 00 GREE             0     0     0     0 2419945.98194  -4.55   2.55
d 1913 06 28 11 42 01 GREE             0     0     0     0 2419946.98751  -4.09   2.66
d 1913 06 29 10 40 01 GREE             0     0     0     0 2419947.94446  -3.65   2.77
d 1913 06 30 10 35 00 GREE             0     0     0     0 2419948.94097  -3.20   2.88
d 1913 07 01 12 27 00 GREE             0     0     0     0 2419950.01875  -2.71   3.00
d 1913 07 02 10 43 01 GREE             0     0     0     0 2419950.94654  -2.28   3.10
d 1913 07 03 14 25 00 GREE             0     0     0     0 2419952.10069  -1.76   3.22
d 1913 07 04 12 14 00 GREE             0     0     0     0 2419953.00972  -1.34   3.32
d 1913 07 05 10 53 01 GREE             0     0     0     0 2419953.95348  -0.91   3.42
d 1913 07 06 08 26 01 GREE             0     0     0     0 2419954.85140  -0.50   3.52
d 1913 07 07 09 14 00 GREE             0     0     0     0 2419955.88472  -0.03   3.63
d 1913 07 08 09 00 00 GREE             0     0     0     0 2419956.87500   0.42   3.73
d 1913 07 09 07 53 01 GREE             2    10     1     6 2419957.82848   0.85   3.83
g 1913 07 09 07 53 01   7016           2    10     1     6  28.20 356.60 -37.10  51.50 0.6810 0 0
s 1913 07 09 07 53 01   7016     1     2    10     1     6  28.20 356.60 -37.10  51.50 0.6810 0 0
d 1913 07 10 11 36 01 GREE            18    76    11    45 2419958.98334   1.38   3.94
g 1913 07 10 11 36 01   7016          18    76    11    45  28.60 357.00 -21.40  37.30 0.5300 0 4
s 1913 07 10 11 36 01   7016     1    18    76    11    45  28.60 357.00 -21.40  37.30 0.5300 0 4
d 1913 07 11 09 41 01 GREE            38   111    22    66 2419959.90348   1.79   4.04
g 1913 07 11 09 41 01   7016          38   111    22    66  28.60 356.40  -9.90  20.00 0.4430 0 4
s 1913 07 11 09 41 01   7016     1    38   111    22    66  28.60 356.40  -9.90  20.00 0.4430 0 4
d 1913 07 12 07 39 00 GREE            22    95    12    53 2419960.81875   2.21   4.13
g 1913 07 12 07 39 00   7016          22    95    12    53  28.60 355.30   1.20 357.60 0.4430 0 4
s 1913 07 12 07 39 00   7016     1    22    95    12    53  28.60 355.30   1.20 357.60 0.4430 0 4
d 1913 07 13 13 13 00 GREE             5    60     2    33 2419962.05069   2.76   4.25
g 1913 07 13 13 13 00   7016           5    60     2    33  28.70 351.80  13.90 333.10 0.4660 0 4
s 1913 07 13 13 13 00   7016     1     5    60     2    33  28.70 351.80  13.90 333.10 0.4660 0 4
d 1913 07 14 07 40 01 GREE             3    12     1     7 2419962.81946   3.11   4.32
g 1913 07 14 07 40 01   7016           3    12     1     7  28.70 352.50  24.80 318.60 0.5580 0 0
s 1913 07 14 07 40 01   7016     1     3    12     1     7  28.70 352.50  24.80 318.60 0.5580 0 0
d 1913 07 15 09 24 00 GREE             0     0     0     0 2419963.89167   3.59   4.43
d 1913 07 16 07 55 00 GREE             0     0     0     0 2419964.82986   4.00   4.52
d 1913 07 17 15 05 01 GREE             0     0     0     0 2419966.12848   4.58   4.64
d 1913 07 18 11 08 00 GREE             0     0     0     0 2419966.96389   4.95   4.71
d 1913 07 19 10 17 01 GREE             0     0     0     0 2419967.92848   5.37   4.80
d 1913 07 20 12 37 00 GREE             0     0     0     0 2419969.02569   5.85   4.90
d 1913 07 21 10 55 00 GREE             0     0     0     0 2419969.95486   6.26   4.98
d 1913 07 22 12 07 00 GREE             0     0     0     0 2419971.00486   6.71   5.07
d 1913 07 23 10 24 01 GREE             0     0     0     0 2419971.93334   7.11   5.15
d 1913 07 24 10 03 00 GREE             0     0     0     0 2419972.91875   7.53   5.24
d 1913 07 25 11 18 00 GREE             0     0     0     0 2419973.97083   7.98   5.32
d 1913 07 26 15 18 01 GREE             0     0     0     0 2419975.13751   8.47   5.42
d 1913 07 27 02 45 01 GREE             0     0     0     0 2419975.61459   8.67   5.46
d 1913 07 28 10 03 00 GREE             0     0     0     0 2419976.91875   9.21   5.56
d 1913 07 29 09 53 00 GREE             0     0     0     0 2419977.91181   9.62   5.64
d 1913 07 30 08 03 01 GREE             0     0     0     0 2419978.83543  10.00   5.71
d 1913 07 31 10 12 00 GREE             0     0     0     0 2419979.92500  10.44   5.79
d 1913 08 01 12 53 00 GREE             0     0     0     0 2419981.03681  10.89   5.87
d 1913 08 02 12 34 01 GREE             0     0     0     0 2419982.02362  11.28   5.94
d 1913 08 03 10 24 01 GREE             0     0     0     0 2419982.93334  11.64   6.00
d 1913 08 04 09 20 00 GREE             0     0     0     0 2419983.88889  12.02   6.06
d 1913 08 05 08 38 00 GREE             0     0     0     0 2419984.85972  12.39   6.13
d 1913 08 06 08 24 00 GREE             0     0     0     0 2419985.85000  12.77   6.19
d 1913 08 07 10 06 00 GREE             0     0     0     0 2419986.92083  13.18   6.26
d 1913 08 08 10 55 00 GREE             0     0     0     0 2419987.95486  13.57   6.32
d 1913 08 09 12 05 01 GREE             0     0     0     0 2419989.00348  13.96   6.38
d 1913 08 10 10 07 01 GREE             0     0     0     0 2419989.92154  14.29   6.43
d 1913 08 11 15 20 00 GREE             0     0     0     0 2419991.13889  14.73   6.50
d 1913 08 12 11 06 01 GREE             0     0     0     0 2419991.96251  15.03   6.54
d 1913 08 13 11 54 00 GREE             0     0     0     0 2419992.99583  15.39   6.60
d 1913 08 14 07 55 00 GREE             0     0     0     0 2419993.82986  15.69   6.64
d 1913 08 15 15 53 00 GREE             0     0     0     0 2419995.16181  16.15   6.70
d 1913 08 16 07 59 01 GREE             0     0     0     0 2419995.83265  16.37   6.73
d 1913 08 17 12 34 01 GREE             0     0     0     0 2419997.02362  16.77   6.78
d 1913 08 18 10 56 01 GREE             0     0     0     0 2419997.95557  17.08   6.82
d 1913 08 19 04 00 00 GREE             0     0     0     0 2419998.66667  17.31   6.85
d 1913 08 20 11 16 01 GREE             0     0     0     0 2419999.96946  17.73   6.90
d 1913 08 21 07 22 00 GREE             0     0     0     0 2420000.80694  18.00   6.93
d 1913 08 22 11 42 01 GREE             0     0     0     0 2420001.98751  18.37   6.97
d 1913 08 23 14 34 00 GREE             0     0     0     0 2420003.10694  18.71   7.01
d 1913 08 24 10 48 00 GREE             0     0     0     0 2420003.95000  18.96   7.04
d 1913 08 25 07 27 01 GREE             0     0     0     0 2420004.81043  19.22   7.06
d 1913 08 26 09 59 00 GREE             0     0     0     0 2420005.91597  19.54   7.09
d 1913 08 27 12 04 00 GREE             0     0     0     0 2420007.00278  19.85   7.12
d 1913 08 28 10 07 01 GREE             0     0     0     0 2420007.92154  20.11   7.14
d 1913 08 29 10 35 00 GREE             0     0     0     0 2420008.94097  20.39   7.16
d 1913 08 30 10 29 00 GREE             0     0     0     0 2420009.93681  20.65   7.18
d 1913 08 31 09 46 00 GREE             0     0     0     0 2420010.90694  20.91   7.19
d 1913 09 01 09 23 00 GREE             0     0     0     0 2420011.89097  21.16   7.21
d 1913 09 02 09 28 01 GREE             0     0     0     0 2420012.89446  21.42   7.22
d 1913 09 03 14 21 00 GREE             0     0     0     0 2420014.09792  21.72   7.23
d 1913 09 04 11 58 01 GREE             0     0     0     0 2420014.99862  21.93   7.24
d 1913 09 05 10 42 00 GREE             0     0     0     0 2420015.94583  22.16   7.24
d 1913 09 06 10 48 00 GREE             0     0     0     0 2420016.95000  22.39   7.25
d 1913 09 07 08 26 01 GREE            14    57     7    32 2420017.85140  22.59   7.25
g 1913 09 07 08 26 01   7017          14    57     7    32   4.60 358.60  38.40 268.30 0.6240 0 7
s 1913 09 07 08 26 01   7017     1    14    57     7    32   4.60 358.60  38.40 268.30 0.6240 0 7
d 1913 09 08 08 44 00 GREE            15    53    13    45 2420018.86389  22.81   7.25
g 1913 09 08 08 44 00   7017          15    53    13    45   4.80   0.30  53.50 270.70 0.8070 0 7
s 1913 09 08 08 44 00   7017     1    15    53    13    45   4.80   0.30  53.50 270.70 0.8070 0 7
d 1913 09 09 09 48 01 GREE             0    26     0    31 2420019.90834  23.03   7.25
g 1913 09 09 09 48 01   7017           0    26     0    31   4.40 357.50  64.50 271.50 0.9070 0 7
s 1913 09 09 09 48 01   7017     1     0    26     0    31   4.40 357.50  64.50 271.50 0.9070 0 7
d 1913 09 10 09 04 00 GREE             0     0     0     0 2420020.87778  23.23   7.24
d 1913 09 11 08 44 00 GREE             0     0     0     0 2420021.86389  23.43   7.24
d 1913 09 12 09 15 01 GREE             0     0     0     0 2420022.88543  23.63   7.23
d 1913 09 13 08 31 00 GREE             0     0     0     0 2420023.85486  23.81   7.22
d 1913 09 14 11 25 00 GREE             0     0     0     0 2420024.97569  24.02   7.20
d 1913 09 15 08 22 01 GREE             0     0     0     0 2420025.84862  24.17   7.19
d 1913 09 16 09 00 00 GREE             0     0     0     0 2420026.87500  24.35   7.17
d 1913 09 17 10 17 01 GREE             0     0     0     0 2420027.92848  24.52   7.15
d 1913 09 18 12 50 00 GREE             0     0     0     0 2420029.03472  24.69   7.13
d 1913 09 19 09 20 00 GREE             0     0     0     0 2420029.88889  24.82   7.11
d 1913 09 20 08 47 00 GREE             0     0     0     0 2420030.86597  24.96   7.08
d 1913 09 21 02 39 01 GREE             0     0     0     0 2420031.61043  25.07   7.06
d 1913 09 22 09 31 01 GREE             0     0     0     0 2420032.89654  25.24   7.03
d 1913 09 23 12 28 01 GREE             0     0     0     0 2420034.01946  25.38   6.99
d 1913 09 24 09 05 01 GREE             0     0     0     0 2420034.87848  25.48   6.96
d 1913 09 25 09 17 00 GREE             0     0     0     0 2420035.88681  25.59   6.93
d 1913 09 26 11 48 00 GREE             0     0     0     0 2420036.99167  25.71   6.88
d 1913 09 27 08 32 01 GREE             0     0     0     0 2420037.85557  25.79   6.85
d 1913 09 28 11 31 00 GREE             0     0     0     0 2420038.97986  25.89   6.80
d 1913 09 29 09 23 00 GREE             0     0     0     0 2420039.89097  25.97   6.76
d 1913 09 30 09 37 00 GREE             0     0     0     0 2420040.90069  26.05   6.72
d 1913 10 01 10 52 00 GREE             0     0     0     0 2420041.95278  26.12   6.67
d 1913 10 02 09 47 01 GREE             0     0     0     0 2420042.90765  26.18   6.62
d 1913 10 03 11 12 00 GREE             0     0     0     0 2420043.96667  26.24   6.56
d 1913 10 04 12 02 01 GREE             0     0     0     0 2420045.00140  26.29   6.51
d 1913 10 05 04 00 00 GREE             0     0     0     0 2420045.66667  26.32   6.47
d 1913 10 06 09 10 00 GREE            28    58    16    35 2420046.88194  26.37   6.40
g 1913 10 06 09 10 00   7018          28    58    16    35  20.20 281.10 -15.90  46.90 0.3550 0 8
s 1913 10 06 09 10 00   7018     1    28    58    16    35  20.20 281.10 -15.90  46.90 0.3550 0 8
d 1913 10 07 14 05 00 GREE            12    41     6    22 2420048.08681  26.40   6.33
g 1913 10 07 14 05 00   7018          12    41     6    22  20.80 283.20   2.20 351.90 0.2530 0 8
s 1913 10 07 14 05 00   7018     1    12    41     6    22  20.80 283.20   2.20 351.90 0.2530 0 8
d 1913 10 08 09 40 00 GREE             6    23     3    12 2420048.90278  26.42   6.28
g 1913 10 08 09 40 00   7018           6    23     3    12  19.70 283.10  12.80 318.20 0.3150 0 8
s 1913 10 08 09 40 00   7018     1     6    23     3    12  19.70 283.10  12.80 318.20 0.3150 0 8
d 1913 10 09 09 46 00 GREE             0     0     0     0 2420049.90694  26.43   6.21
d 1913 10 10 10 23 01 GREE             0     0     0     0 2420050.93265  26.44   6.15
d 1913 10 11 09 38 01 GREE             0     0     0     0 2420051.90140  26.44   6.08
d 1913 10 12 11 31 00 GREE             0     0     0     0 2420052.97986  26.43   6.01
d 1913 10 13 11 03 01 GREE             0     0     0     0 2420053.96043  26.41   5.94
d 1913 10 14 11 55 01 GREE             0     0     0     0 2420054.99654  26.38   5.86
d 1913 10 15 10 04 01 GREE             0     0     0     0 2420055.91946  26.36   5.79
d 1913 10 16 11 18 00 GREE             0     0     0     0 2420056.97083  26.31   5.71
d 1913 10 17 10 26 00 GREE             0     0     0     0 2420057.93472  26.27   5.64
d 1913 10 18 10 23 01 GREE             0     0     0     0 2420058.93265  26.22   5.56
d 1913 10 19 12 12 01 GREE             0     0     0     0 2420060.00834  26.15   5.47
d 1913 10 20 09 08 01 GREE             0     0     0     0 2420060.88057  26.09   5.40
d 1913 10 21 04 00 00 GREE             0     0     0     0 2420061.66667  26.03   5.33
d 1913 10 22 10 06 00 GREE             0     0     0     0 2420062.92083  25.92   5.22
d 1913 10 23 12 15 01 GREE             0     0     0     0 2420064.01043  25.82   5.13
d 1913 10 24 10 58 00 GREE             0     0     0     0 2420064.95694  25.73   5.04
d 1913 10 25 10 40 01 GREE             8    32    21    87 2420065.94446  25.62   4.95
g 1913 10 25 10 40 01   7019           8    32    21    87  19.30 325.20 -80.30  71.30 0.9820 0 9
s 1913 10 25 10 40 01   7019     1     8    32    21    87  19.30 325.20 -80.30  71.30 0.9820 0 9
d 1913 10 26 10 35 00 GREE            18    66    15    55 2420066.94097  25.50   4.86
g 1913 10 26 10 35 00   7019          18    66    15    55  18.40 340.00 -52.40  70.60 0.8000 0 9
s 1913 10 26 10 35 00   7019     1    18    66    15    55  18.40 340.00 -52.40  70.60 0.8000 0 9
d 1913 10 27 10 49 00 GREE            27   105    18    70 2420067.95069  25.38   4.76
g 1913 10 27 10 49 00   7019          27   105    18    70  19.80 339.40 -39.70  65.30 0.6630 0 9
s 1913 10 27 10 49 00   7019     1    27   105    18    70  19.80 339.40 -39.70  65.30 0.6630 0 9
d 1913 10 28 10 09 00 GREE            22    92    13    54 2420068.92292  25.25   4.67
g 1913 10 28 10 09 00   7019          22    92    13    54  19.90 338.20 -28.10  58.50 0.5210 0 9
s 1913 10 28 10 09 00   7019     1    22    92    13    54  19.90 338.20 -28.10  58.50 0.5210 0 9
d 1913 10 29 10 12 00 GREE            11   115     6    61 2420069.92500  25.11   4.57
g 1913 10 29 10 12 00   7019          11   115     6    61  18.60 339.30 -13.70  42.60 0.3330 0 9
s 1913 10 29 10 12 00   7019     1    11   115     6    61  18.60 339.30 -13.70  42.60 0.3330 0 9
d 1913 10 30 10 16 00 GREE             8    91     4    48 2420070.92778  24.96   4.47
g 1913 10 30 10 16 00   7019           8    91     4    48  17.70 339.60  -0.20   1.10 0.2290 0 9
s 1913 10 30 10 16 00   7019     1     8    91     4    48  17.70 339.60  -0.20   1.10 0.2290 0 9
d 1913 10 31 09 41 01 GREE             8    30     4    16 2420071.90348  24.81   4.37
g 1913 10 31 09 41 01   7019           8    30     4    16  19.30 337.70  10.80 325.60 0.3140 0 9
s 1913 10 31 09 41 01   7019     1     8    30     4    16  19.30 337.70  10.80 325.60 0.3140 0 9
d 1913 11 01 06 21 01 GREE             0     0     0     0 2420072.76459  24.67   4.29
d 1913 11 02 13 00 00 GREE             0     0     0     0 2420074.04167  24.45   4.16
d 1913 11 03 10 49 00 GREE             0     0     0     0 2420074.95069  24.29   4.06
d 1913 11 04 10 33 01 GREE             0     0     0     0 2420075.93959  24.10   3.96
d 1913 11 05 12 02 01 GREE             0     0     0     0 2420077.00140  23.90   3.84
d 1913 11 06 12 31 01 GREE             0     0     0     0 2420078.02154  23.69   3.73
d 1913 11 07 11 28 00 GREE             0     0     0     0 2420078.97778  23.49   3.63
d 1913 11 08 11 52 01 GREE             0     0     0     0 2420079.99446  23.26   3.52
d 1913 11 09 11 39 01 GREE             0     0     0     0 2420080.98543  23.04   3.41
d 1913 11 10 06 14 00 GREE             0     0     0     0 2420081.75972  22.86   3.32
d 1913 11 11 11 18 00 GREE             0     0     0     0 2420082.97083  22.56   3.18
d 1913 11 12 10 14 01 GREE             0     0     0     0 2420083.92640  22.33   3.07
d 1913 11 13 08 42 01 GREE             0     0     0     0 2420084.86251  22.08   2.96
d 1913 11 14 11 22 01 GREE             0     0     0     0 2420085.97362  21.79   2.83
d 1913 11 15 10 01 01 GREE             0     0     0     0 2420086.91737  21.53   2.72
d 1913 11 16 08 48 00 GREE             0     0     0     0 2420087.86667  21.27   2.61
d 1913 11 17 14 05 00 GREE             0     0     0     0 2420089.08681  20.92   2.46
d 1913 11 18 11 15 00 GREE             0     0     0     0 2420089.96875  20.65   2.36
d 1913 11 19 09 59 00 GREE             0     0     0     0 2420090.91597  20.37   2.24
d 1913 11 20 10 36 00 GREE             0     0     0     0 2420091.94167  20.05   2.12
d 1913 11 21 04 48 00 GREE             0     0     0     0 2420092.70000  19.81   2.03
d 1913 11 22 11 58 01 GREE             0     0     0     0 2420093.99862  19.39   1.87
d 1913 11 23 10 32 00 GREE             0     0     0     0 2420094.93889  19.08   1.75
d 1913 11 24 12 56 00 GREE             5    59     6    60 2420096.03889  18.71   1.61
g 1913 11 24 12 56 00   7020           5    59     6    60 -27.60  64.10  55.30 236.80 0.8710 0 2
s 1913 11 24 12 56 00   7020     1     5    59     6    60 -27.60  64.10  55.30 236.80 0.8710 0 2
d 1913 11 25 13 06 00 GREE             3    55     6    97 2420097.04583  18.36   1.49
g 1913 11 25 13 06 00   7020           3    55     6    97 -27.50  65.90  70.40 240.70 0.9590 0 2
s 1913 11 25 13 06 00   7020     1     3    55     6    97 -27.50  65.90  70.40 240.70 0.9590 0 2
d 1913 11 26 04 10 01 GREE             0     0     0     0 2420097.67362  18.14   1.41
d 1913 11 27 08 16 01 GREE             0     0     0     0 2420098.84446  17.72   1.26
d 1913 11 28 07 30 01 GREE             0     0     0     0 2420099.81251  17.37   1.14
d 1913 11 29 10 59 01 GREE             0     0     0     0 2420100.95765  16.94   1.00
d 1913 11 30 10 53 01 GREE             0     0     0     0 2420101.95348  16.57   0.87
d 1913 12 01 08 32 01 GREE             0     0     0     0 2420102.85557  16.22   0.76
d 1913 12 02 04 48 00 GREE             0     0     0     0 2420103.70000  15.89   0.65
d 1913 12 03 10 13 00 GREE             0     0     0     0 2420104.92569  15.41   0.49
d 1913 12 04 10 16 00 GREE             0     0     0     0 2420105.92778  15.01   0.36
d 1913 12 05 10 33 01 GREE             0     0     0     0 2420106.93959  14.59   0.23
d 1913 12 06 09 14 00 GREE             0     0     0     0 2420107.88472  14.21   0.11
d 1913 12 07 04 20 01 GREE             0     0     0     0 2420108.68057  13.87   0.01
d 1913 12 08 10 58 00 GREE             0     0     0     0 2420109.95694  13.34  -0.15
d 1913 12 09 08 25 00 GREE            17    81    10    49 2420110.85069  12.95  -0.27
g 1913 12 09 08 25 00   7021          17    81    10    49 -24.10 155.80 -17.80 145.40 0.4910 0 1
s 1913 12 09 08 25 00   7021     1    17    81    10    49 -24.10 155.80 -17.80 145.40 0.4910 0 1
d 1913 12 10 07 52 00 GREE            51   231    28   131 2420111.82778  12.53  -0.39
g 1913 12 10 07 52 00   7021          51   231    28   131 -23.70 157.20  -3.50 172.00 0.4000 0 1
s 1913 12 10 07 52 00   7021     1    51   231    28   131 -23.70 157.20  -3.50 172.00 0.4000 0 1
d 1913 12 11 10 06 00 GREE            57   239    31   131 2420112.92083  12.05  -0.53
g 1913 12 11 10 06 00   7021          57   239    31   131 -24.10 157.10  10.80 205.00 0.4050 0 1
s 1913 12 11 10 06 00   7021     1    57   239    31   131 -24.10 157.10  10.80 205.00 0.4050 0 1
d 1913 12 12 12 56 00 GREE            17   105     9    58 2420114.03889  11.56  -0.68
g 1913 12 12 12 56 00   7021          17   105     9    58 -23.50 157.60  26.00 225.90 0.5590 0 1
s 1913 12 12 12 56 00   7021     1    17   105     9    58 -23.50 157.60  26.00 225.90 0.5590 0 1
d 1913 12 13 02 58 01 GREE            13    84     7    51 2420114.62362  11.30  -0.75
g 1913 12 13 02 58 01   7021          13    84     7    51 -23.30 158.50  34.60 233.50 0.6490 0 1
s 1913 12 13 02 58 01   7021     1    13    84     7    51 -23.30 158.50  34.60 233.50 0.6490 0 1
d 1913 12 14 12 04 00 GREE             0    12     0     8 2420116.00278  10.68  -0.93
g 1913 12 14 12 04 00   7021           0    12     0     8 -22.50 160.20  54.50 243.60 0.8400 0 0
s 1913 12 14 12 04 00   7021     1     0    12     0     8 -22.50 160.20  54.50 243.60 0.8400 0 0
d 1913 12 15 09 57 01 GREE             0     0     0     0 2420116.91459  10.27  -1.04
d 1913 12 16 10 55 00 GREE             0     0     0     0 2420117.95486   9.79  -1.17
d 1913 12 17 12 15 01 GREE             0     0     0     0 2420119.01043   9.31  -1.31
d 1913 12 18 12 30 00 GREE             0     0     0     0 2420120.02083   8.84  -1.44
d 1913 12 19 08 18 00 GREE             0     0     0     0 2420120.84583   8.45  -1.54
d 1913 12 20 11 11 00 GREE             0     0     0     0 2420121.96597   7.93  -1.68
d 1913 12 21 09 53 00 GREE             0     0     0     0 2420122.91181   7.48  -1.80
d 1913 12 22 07 50 01 GREE             0     0     0     0 2420123.82640   7.05  -1.91
d 1913 12 23 12 38 01 GREE             0     0     0     0 2420125.02640   6.47  -2.06
d 1913 12 24 08 16 01 GREE             0     0     0     0 2420125.84446   6.08  -2.16
d 1913 12 25 08 51 00 GREE             0     0     0     0 2420126.86875   5.59  -2.29
d 1913 12 26 08 35 01 GREE             0     0     0     0 2420127.85765   5.11  -2.41
d 1913 12 27 11 02 00 GREE             0     0     0     0 2420128.95972   4.58  -2.54
d 1913 12 28 10 49 00 GREE             0     0     0     0 2420129.95069   4.10  -2.66
d 1913 12 29 08 32 01 GREE             0     0     0     0 2420130.85557   3.66  -2.77
d 1913 12 30 11 05 00 GREE            21   120    13    72 2420131.96181   3.12  -2.90
g 1913 12 30 11 05 00   7022          21   120    13    72  22.70 234.10 -21.40  38.20 0.5450 0 2
s 1913 12 30 11 05 00   7022     1    21   120    13    72  22.70 234.10 -21.40  38.20 0.5450 0 2
d 1913 12 31 11 06 01 GREE            18    86    10    51 2420132.96251   2.63  -3.02
g 1913 12 31 11 06 01   7022          18    86    10    51  22.20 235.20  -7.10  15.10 0.4410 0 2
s 1913 12 31 11 06 01   7022     1    18    86    10    51  22.20 235.20  -7.10  15.10 0.4410 0 2
