d 1879 01 01 12 00 00 GREE             0     0     0     0 2407351.00000   1.85  -3.25
d 1879 01 02 12 00 00 GREE             0     0     0     0 2407352.00000   1.36  -3.36
d 1879 01 03 12 00 00 GREE             0     0     0     0 2407353.00000   0.87  -3.48
d 1879 01 04 12 00 00 GREE             0     0     0     0 2407354.00000   0.39  -3.59
d 1879 01 05 12 00 00 GREE             0     0     0     0 2407355.00000  -0.10  -3.70
d 1879 01 06 12 00 00 GREE             0     0     0     0 2407356.00000  -0.59  -3.81
d 1879 01 07 12 00 00 GREE             0     0     0     0 2407357.00000  -1.08  -3.92
d 1879 01 08 12 00 00 GREE             0     0     0     0 2407358.00000  -1.56  -4.03
d 1879 01 09 12 00 00 GREE             0     0     0     0 2407359.00000  -2.05  -4.13
d 1879 01 10 12 00 00 GREE             0     0     0     0 2407360.00000  -2.53  -4.24
d 1879 01 11 12 00 00 GREE             0     0     0     0 2407361.00000  -3.01  -4.34
d 1879 01 13 12 00 00 GREE             0     0     0     0 2407363.00000  -3.97  -4.55
d 1879 01 14 12 00 00 GREE             0     0     0     0 2407364.00000  -4.44  -4.65
d 1879 01 15 12 00 00 GREE             0     0     0     0 2407365.00000  -4.91  -4.74
d 1879 01 16 12 00 00 GREE             0     0     0     0 2407366.00000  -5.38  -4.84
d 1879 01 17 12 00 00 GREE             0     0     0     0 2407367.00000  -5.85  -4.94
d 1879 01 18 12 00 00 GREE             0     0     0     0 2407368.00000  -6.32  -5.03
d 1879 01 19 07 12 00 GREE             0     0     0     0 2407368.80000  -6.69  -5.10
d 1879 01 20 04 48 00 GREE             0     0     0     0 2407369.70000  -7.10  -5.19
d 1879 01 21 04 48 00 GREE             0     0     0     0 2407370.70000  -7.56  -5.27
d 1879 01 22 04 48 00 GREE             0     0     0     0 2407371.70000  -8.01  -5.36
d 1879 01 23 12 00 00 GREE             0     0     0     0 2407373.00000  -8.59  -5.47
d 1879 01 24 12 00 00 GREE             0     0     0     0 2407374.00000  -9.04  -5.56
d 1879 01 25 12 00 00 GREE             0     0     0     0 2407375.00000  -9.48  -5.64
d 1879 01 26 12 00 00 GREE             0     0     0     0 2407376.00000  -9.92  -5.72
d 1879 01 27 12 00 00 GREE             0     0     0     0 2407377.00000 -10.35  -5.80
d 1879 01 28 12 00 00 GREE             0     0     0     0 2407378.00000 -10.78  -5.87
d 1879 01 29 12 00 00 GREE             0     0     0     0 2407379.00000 -11.20  -5.95
d 1879 01 30 07 17 01 GREE             6    43     4    29 2407379.80348 -11.54  -6.01
g 1879 01 30 07 17 01   278c           6    43     4    29 -23.70 129.90  40.30 241.50 0.6760 0 7
s 1879 01 30 07 17 01   278c     1     6    43     4    29 -23.70 129.90  40.30 241.50 0.6760 0 7
d 1879 01 31 06 57 01 GREE             0     8     0     7 2407380.78959 -11.95  -6.08
g 1879 01 31 06 57 01   278c           0     8     0     7 -23.90 130.50  53.90 244.50 0.8140 0 0
s 1879 01 31 06 57 01   278c     1     0     8     0     7 -23.90 130.50  53.90 244.50 0.8140 0 0
d 1879 02 01 07 12 00 GREE             0     0     0     0 2407381.80000 -12.37  -6.15
d 1879 02 02 04 48 00 GREE             0     0     0     0 2407382.70000 -12.74  -6.21
d 1879 02 03 04 48 00 GREE             0     0     0     0 2407383.70000 -13.14  -6.27
d 1879 02 04 12 00 00 GREE             0     0     0     0 2407385.00000 -13.66  -6.35
d 1879 02 05 12 00 00 GREE             0     0     0     0 2407386.00000 -14.05  -6.41
d 1879 02 06 04 48 00 GREE             0     0     0     0 2407386.70000 -14.32  -6.46
d 1879 02 07 12 00 00 GREE             0     0     0     0 2407388.00000 -14.82  -6.53
d 1879 02 08 12 00 00 GREE             0     0     0     0 2407389.00000 -15.20  -6.59
d 1879 02 09 12 00 00 GREE             0     0     0     0 2407390.00000 -15.57  -6.64
d 1879 02 10 12 00 00 GREE             0     0     0     0 2407391.00000 -15.93  -6.69
d 1879 02 11 12 00 00 GREE             0     0     0     0 2407392.00000 -16.30  -6.74
d 1879 02 12 12 00 00 GREE             0     0     0     0 2407393.00000 -16.65  -6.78
d 1879 02 13 12 00 00 GREE             0     0     0     0 2407394.00000 -17.00  -6.83
d 1879 02 14 12 00 00 GREE             0     0     0     0 2407395.00000 -17.35  -6.87
d 1879 02 17 12 00 00 GREE             0     0     0     0 2407398.00000 -18.35  -6.98
d 1879 02 18 12 00 00 GREE             0     0     0     0 2407399.00000 -18.67  -7.02
d 1879 02 19 12 00 00 GREE             0     0     0     0 2407400.00000 -18.98  -7.05
d 1879 02 20 12 00 00 GREE             0     0     0     0 2407401.00000 -19.29  -7.08
d 1879 02 21 12 00 00 GREE             0     0     0     0 2407402.00000 -19.60  -7.10
d 1879 02 22 12 00 00 GREE             0     0     0     0 2407403.00000 -19.89  -7.13
d 1879 02 23 12 00 00 GREE             0     0     0     0 2407404.00000 -20.19  -7.15
d 1879 02 24 12 00 00 GREE             0     0     0     0 2407405.00000 -20.47  -7.17
d 1879 02 25 12 00 00 GREE             0     0     0     0 2407406.00000 -20.75  -7.19
d 1879 02 26 12 00 00 GREE             0     0     0     0 2407407.00000 -21.02  -7.20
d 1879 02 27 12 00 00 GREE             0     0     0     0 2407408.00000 -21.29  -7.22
d 1879 02 28 12 00 00 GREE             0     0     0     0 2407409.00000 -21.55  -7.23
d 1879 03 01 12 00 00 GREE             0     0     0     0 2407410.00000 -21.81  -7.24
d 1879 03 02 12 00 00 GREE             0     0     0     0 2407411.00000 -22.06  -7.24
d 1879 03 03 12 00 00 GREE             0     0     0     0 2407412.00000 -22.30  -7.25
d 1879 03 04 12 00 00 GREE             0     0     0     0 2407413.00000 -22.53  -7.25
d 1879 03 05 12 00 00 GREE             0     0     0     0 2407414.00000 -22.76  -7.25
d 1879 03 06 12 00 00 GREE             0     0     0     0 2407415.00000 -22.98  -7.25
d 1879 03 07 12 00 00 GREE             0     0     0     0 2407416.00000 -23.20  -7.24
d 1879 03 08 12 00 00 GREE             0     0     0     0 2407417.00000 -23.41  -7.24
d 1879 03 09 12 00 00 GREE             0     0     0     0 2407418.00000 -23.61  -7.23
d 1879 03 10 12 00 00 GREE             0     0     0     0 2407419.00000 -23.81  -7.22
d 1879 03 11 12 00 00 GREE             0     0     0     0 2407420.00000 -24.00  -7.20
d 1879 03 12 07 12 00 GREE             0     0     0     0 2407420.80000 -24.14  -7.19
d 1879 03 13 12 00 00 GREE             0     0     0     0 2407422.00000 -24.36  -7.17
d 1879 03 14 04 48 00 GREE             0     0     0     0 2407422.70000 -24.47  -7.16
d 1879 03 15 12 00 00 GREE             0     0     0     0 2407424.00000 -24.69  -7.13
d 1879 03 16 04 48 00 GREE             0     0     0     0 2407424.70000 -24.80  -7.11
d 1879 03 17 04 48 00 GREE             0     0     0     0 2407425.70000 -24.95  -7.09
d 1879 03 18 12 00 00 GREE             0     0     0     0 2407427.00000 -25.13  -7.05
d 1879 03 19 02 24 00 GREE             0     0     0     0 2407427.60000 -25.21  -7.03
d 1879 03 20 12 00 00 GREE             0     0     0     0 2407429.00000 -25.40  -6.99
d 1879 03 21 12 00 00 GREE             0     0     0     0 2407430.00000 -25.52  -6.95
d 1879 03 22 12 00 00 GREE             0     0     0     0 2407431.00000 -25.63  -6.92
d 1879 03 23 12 00 00 GREE             0     0     0     0 2407432.00000 -25.74  -6.88
d 1879 03 24 12 00 00 GREE             0     0     0     0 2407433.00000 -25.84  -6.84
d 1879 03 25 07 12 00 GREE             0     0     0     0 2407433.80000 -25.91  -6.80
d 1879 03 26 07 12 00 GREE             0     0     0     0 2407434.80000 -26.00  -6.76
d 1879 03 27 04 48 00 GREE             0     0     0     0 2407435.70000 -26.07  -6.72
d 1879 03 28 12 00 00 GREE             0     0     0     0 2407437.00000 -26.17  -6.65
d 1879 03 29 12 00 00 GREE             0     0     0     0 2407438.00000 -26.23  -6.60
d 1879 03 30 12 00 00 GREE             0     0     0     0 2407439.00000 -26.29  -6.55
d 1879 03 31 12 00 00 GREE             0     0     0     0 2407440.00000 -26.34  -6.49
d 1879 04 01 13 12 00 GREE             0     0     0     0 2407441.05000 -26.39  -6.44
d 1879 04 02 12 00 00 GREE             0     0     0     0 2407442.00000 -26.42  -6.38
d 1879 04 03 12 00 00 GREE             0     0     0     0 2407443.00000 -26.45  -6.32
d 1879 04 04 12 00 00 GREE             0     0     0     0 2407444.00000 -26.47  -6.26
d 1879 04 05 12 00 00 GREE             0     0     0     0 2407445.00000 -26.48  -6.19
d 1879 04 06 12 00 00 GREE             0     0     0     0 2407446.00000 -26.49  -6.13
d 1879 04 07 12 00 00 GREE             0     0     0     0 2407447.00000 -26.49  -6.06
d 1879 04 08 12 00 00 GREE             0     0     0     0 2407448.00000 -26.48  -5.99
d 1879 04 09 12 00 00 GREE             0     0     0     0 2407449.00000 -26.47  -5.92
d 1879 04 10 12 00 00 GREE             0     0     0     0 2407450.00000 -26.44  -5.85
d 1879 04 11 12 00 00 GREE             0     0     0     0 2407451.00000 -26.41  -5.77
d 1879 04 15 14 15 00 GREE            64   320    36   182 2407455.09375 -26.22  -5.45
g 1879 04 15 14 15 00    279          64   320    36   182 -21.10 153.40 -23.80 126.50 0.4620 0 4
s 1879 04 15 14 15 00    279     1    64   320    36   182 -21.10 153.40 -23.80 126.50 0.4620 0 4
d 1879 04 16 02 05 00 GREE            58   413    32   227 2407455.58681 -26.18  -5.41
g 1879 04 16 02 05 00    279          58   413    32   227 -20.80 152.00 -18.60 130.60 0.4150 0 4
s 1879 04 16 02 05 00    279     1    58   413    32   227 -20.80 152.00 -18.60 130.60 0.4150 0 4
d 1879 04 17 14 16 01 GREE            64   276    33   144 2407457.09446 -26.07  -5.29
g 1879 04 17 14 16 01    279          64   276    33   144 -20.80 153.00   2.20 187.50 0.2670 0 2
s 1879 04 17 14 16 01    279     1    64   276    33   144 -20.80 153.00   2.20 187.50 0.2670 0 2
d 1879 04 18 10 52 00 GREE            62   323    33   178 2407457.95278 -26.00  -5.21
g 1879 04 18 10 52 00    279          62   315    33   169 -20.60 153.40  14.00 220.50 0.3500 0 2
s 1879 04 18 10 52 00    279     1    62   315    33   169 -20.60 153.40  14.00 220.50 0.3500 0 2
g 1879 04 18 10 52 00    280           0     8     0     9 -26.40  77.10 -62.40 117.50 0.8950 0 0
s 1879 04 18 10 52 00    280     1     0     8     0     9 -26.40  77.10 -62.40 117.50 0.8950 0 0
d 1879 04 19 12 57 01 GREE            46   215    27   128 2407459.03959 -25.91  -5.12
g 1879 04 19 12 57 01    279          46   215    27   128 -20.40 154.50  29.40 239.50 0.5370 0 0
s 1879 04 19 12 57 01    279     1    46   215    27   128 -20.40 154.50  29.40 239.50 0.5370 0 0
d 1879 04 20 01 29 00 GREE            36   204    23   130 2407459.56181 -25.86  -5.07
g 1879 04 20 01 29 00    279          36   204    23   130 -20.30 154.30  36.10 243.50 0.6230 0 0
s 1879 04 20 01 29 00    279     1    36   204    23   130 -20.30 154.30  36.10 243.50 0.6230 0 0
d 1879 04 21 03 04 00 GREE            29   176    23   140 2407460.62778 -25.75  -4.98
g 1879 04 21 03 04 00    279          29   176    23   140 -20.70 154.30  50.10 247.50 0.7830 0 0
s 1879 04 21 03 04 00    279     1    29   176    23   140 -20.70 154.30  50.10 247.50 0.7830 0 0
d 1879 04 22 01 23 01 GREE            29   166    31   178 2407461.55765 -25.65  -4.89
g 1879 04 22 01 23 01    279          29   166    31   178 -20.70 154.20  62.30 249.50 0.8870 0 0
s 1879 04 22 01 23 01    279     1    29   166    31   178 -20.70 154.20  62.30 249.50 0.8870 0 0
d 1879 04 23 02 21 00 GREE             0   104     0   207 2407462.59792 -25.53  -4.80
g 1879 04 23 02 21 00    279           0   104     0   207 -21.00 154.30  76.20 249.50 0.9680 0 0
s 1879 04 23 02 21 00    279     1     0   104     0   207 -21.00 154.30  76.20 249.50 0.9680 0 0
d 1879 04 25 12 00 00 GREE             0     0     0     0 2407465.00000 -25.22  -4.57
d 1879 04 26 12 00 00 GREE             0     0     0     0 2407466.00000 -25.08  -4.48
d 1879 04 27 12 00 00 GREE             0     0     0     0 2407467.00000 -24.93  -4.38
d 1879 04 28 12 00 00 GREE             0     0     0     0 2407468.00000 -24.78  -4.28
d 1879 04 29 12 00 00 GREE             0     0     0     0 2407469.00000 -24.62  -4.18
d 1879 04 30 12 00 00 GREE             0     0     0     0 2407470.00000 -24.45  -4.08
d 1879 05 01 12 00 00 GREE             0     0     0     0 2407471.00000 -24.27  -3.98
d 1879 05 02 12 00 00 GREE             0     0     0     0 2407472.00000 -24.09  -3.88
d 1879 05 03 12 00 00 GREE             0     0     0     0 2407473.00000 -23.89  -3.77
d 1879 05 04 12 00 00 GREE             0     0     0     0 2407474.00000 -23.70  -3.67
d 1879 05 05 12 00 00 GREE             0     0     0     0 2407475.00000 -23.49  -3.56
d 1879 05 06 12 00 00 GREE             0     0     0     0 2407476.00000 -23.28  -3.45
d 1879 05 07 12 00 00 GREE             0     0     0     0 2407477.00000 -23.06  -3.35
d 1879 05 09 01 59 01 GREE             0   111     0    84 2407478.58265 -22.69  -3.17
g 1879 05 09 01 59 01    281           0   111     0    84  14.40 181.20 -45.60  67.50 0.7490 0 1
s 1879 05 09 01 59 01    281     1     0   111     0    84  14.40 181.20 -45.60  67.50 0.7490 0 1
d 1879 05 10 10 12 00 GREE            25    80    15    48 2407479.92500 -22.37  -3.03
g 1879 05 10 10 12 00    281          25    80    15    48  14.20 180.60 -28.50  57.50 0.5370 0 1
s 1879 05 10 10 12 00    281     1    25    80    15    48  14.20 180.60 -28.50  57.50 0.5370 0 1
d 1879 05 11 00 00 00 GREE            18    59    10    32 2407480.50000 -22.23  -2.96
g 1879 05 11 00 00 00    281          18    59    10    32  13.90 181.20 -13.90  38.50 0.3670 0 1
s 1879 05 11 00 00 00    281     1    18    59    10    32  13.90 181.20 -13.90  38.50 0.3670 0 1
d 1879 05 12 12 05 01 GREE             7    30     4    16 2407482.00348 -21.85  -2.79
g 1879 05 12 12 05 01    281           7    30     4    16  13.60 181.90   0.30 358.50 0.2840 0 1
s 1879 05 12 12 05 01    281     1     7    30     4    16  13.60 181.90   0.30 358.50 0.2840 0 1
d 1879 05 13 12 00 00 GREE             0     0     0     0 2407483.00000 -21.59  -2.68
d 1879 05 14 12 00 00 GREE             0     0     0     0 2407484.00000 -21.32  -2.57
d 1879 05 15 12 00 00 GREE             0     0     0     0 2407485.00000 -21.05  -2.45
d 1879 05 16 12 00 00 GREE             0     0     0     0 2407486.00000 -20.77  -2.34
d 1879 05 17 09 36 00 GREE             0     0     0     0 2407486.90000 -20.51  -2.24
d 1879 05 18 12 00 00 GREE             0     0     0     0 2407488.00000 -20.19  -2.11
d 1879 05 19 12 00 00 GREE             0     0     0     0 2407489.00000 -19.89  -1.99
d 1879 05 21 12 00 00 GREE             0     0     0     0 2407491.00000 -19.27  -1.76
d 1879 05 22 12 00 00 GREE             0     0     0     0 2407492.00000 -18.95  -1.64
d 1879 05 23 12 00 00 GREE             0     0     0     0 2407493.00000 -18.62  -1.52
d 1879 05 24 12 00 00 GREE             0     0     0     0 2407494.00000 -18.29  -1.40
d 1879 05 25 12 00 00 GREE             0     0     0     0 2407495.00000 -17.96  -1.28
d 1879 05 26 12 00 00 GREE             0     0     0     0 2407496.00000 -17.61  -1.16
d 1879 05 27 12 00 00 GREE             0     0     0     0 2407497.00000 -17.27  -1.04
d 1879 05 28 12 00 00 GREE             0     0     0     0 2407498.00000 -16.91  -0.92
d 1879 05 29 12 00 00 GREE             0     0     0     0 2407499.00000 -16.55  -0.80
d 1879 05 30 12 00 00 GREE             0     0     0     0 2407500.00000 -16.19  -0.68
d 1879 06 01 12 00 00 GREE             0     0     0     0 2407502.00000 -15.45  -0.44
d 1879 06 02 12 00 00 GREE             0     0     0     0 2407503.00000 -15.07  -0.32
d 1879 06 03 12 00 00 GREE             0     0     0     0 2407504.00000 -14.68  -0.20
d 1879 06 04 12 00 00 GREE             0     0     0     0 2407505.00000 -14.30  -0.08
d 1879 06 06 12 00 00 GREE             0     0     0     0 2407507.00000 -13.51   0.16
d 1879 06 07 12 00 00 GREE             0     0     0     0 2407508.00000 -13.10   0.28
d 1879 06 09 12 00 00 GREE             0     0     0     0 2407510.00000 -12.29   0.52
d 1879 06 10 12 00 00 GREE             0     0     0     0 2407511.00000 -11.88   0.64
d 1879 06 11 12 00 00 GREE             0     0     0     0 2407512.00000 -11.46   0.76
d 1879 06 12 12 00 00 GREE             0     0     0     0 2407513.00000 -11.04   0.88
d 1879 06 13 12 00 00 GREE             0     0     0     0 2407514.00000 -10.61   1.00
d 1879 06 14 12 00 00 GREE             0     0     0     0 2407515.00000 -10.19   1.12
d 1879 06 16 12 00 00 GREE             0     0     0     0 2407517.00000  -9.32   1.36
d 1879 06 17 12 00 00 GREE             0     0     0     0 2407518.00000  -8.89   1.48
d 1879 06 18 12 00 00 GREE             0     0     0     0 2407519.00000  -8.45   1.60
d 1879 06 19 12 00 00 GREE             0     0     0     0 2407520.00000  -8.01   1.71
d 1879 06 20 12 00 00 GREE             0     0     0     0 2407521.00000  -7.57   1.83
d 1879 06 21 12 00 00 GREE             0     0     0     0 2407522.00000  -7.12   1.95
d 1879 06 22 12 00 00 GREE             0     0     0     0 2407523.00000  -6.67   2.06
d 1879 06 23 12 00 00 GREE             0     0     0     0 2407524.00000  -6.23   2.18
d 1879 06 24 12 00 00 GREE             0     0     0     0 2407525.00000  -5.77   2.29
d 1879 06 25 12 00 00 GREE             0     0     0     0 2407526.00000  -5.32   2.40
d 1879 06 27 09 41 01 GREE            55   142    40   105 2407527.90348  -4.46   2.62
g 1879 06 27 09 41 01    282          55   142    40   105 -26.30 255.10 -39.10 130.50 0.7370 0 1
s 1879 06 27 09 41 01    282     1    55   142    40   105 -26.30 255.10 -39.10 130.50 0.7370 0 1
d 1879 06 28 12 37 00 GREE            65   232    41   143 2407529.02569  -3.95   2.75
g 1879 06 28 12 37 00    282          65   232    41   143 -25.90 257.40 -21.90 144.50 0.5810 0 1
s 1879 06 28 12 37 00    282     1    65   232    41   143 -25.90 257.40 -21.90 144.50 0.5810 0 1
d 1879 06 29 00 00 00 GREE            63   277    37   161 2407529.50000  -3.73   2.80
g 1879 06 29 00 00 00    282          63   277    37   161 -26.30 257.60  -8.80 164.50 0.5080 0 1
s 1879 06 29 00 00 00    282     1    63   277    37   161 -26.30 257.60  -8.80 164.50 0.5080 0 1
d 1879 06 30 11 35 01 GREE            56   309    33   179 2407530.98265  -3.06   2.96
g 1879 06 30 11 35 01    282          56   309    33   179 -26.70 257.70   4.30 187.50 0.4920 0 1
s 1879 06 30 11 35 01    282     1    56   309    33   179 -26.70 257.70   4.30 187.50 0.4920 0 1
d 1879 07 01 02 55 01 GREE            61   464    36   288 2407531.62154  -2.76   3.03
g 1879 07 01 02 55 01    282          61   454    36   268 -26.70 256.40  11.50 199.80 0.5320 0 1
s 1879 07 01 02 55 01    282     1    61   454    36   268 -26.70 256.40  11.50 199.80 0.5320 0 1
g 1879 07 01 02 55 01    283           0    10     0    20  28.10 170.00 -74.90  61.50 0.9680 0 0
s 1879 07 01 02 55 01    283     1     0    10     0    20  28.10 170.00 -74.90  61.50 0.9680 0 0
d 1879 07 02 10 30 01 GREE            44   204    31   143 2407532.93751  -2.16   3.18
g 1879 07 02 10 30 01    282          41   194    28   133 -26.50 260.40  32.90 225.50 0.6880 0 1
s 1879 07 02 10 30 01    282     1    41   194    28   133 -26.50 260.40  32.90 225.50 0.6880 0 1
g 1879 07 02 10 30 01    283           3    10     3    10  27.70 169.70 -57.80  59.50 0.8700 0 0
s 1879 07 02 10 30 01    283     1     3    10     3    10  27.70 169.70 -57.80  59.50 0.8700 0 0
d 1879 07 03 02 05 00 GREE            49   246    39   190 2407533.58681  -1.87   3.25
g 1879 07 03 02 05 00    282          39   216    31   165 -26.80 259.30  40.30 229.50 0.7600 0 1
s 1879 07 03 02 05 00    282     1    39   216    31   165 -26.80 259.30  40.30 229.50 0.7600 0 1
g 1879 07 03 02 05 00    283          10    30     8    25  27.90 169.90 -49.10  56.50 0.7930 0 0
s 1879 07 03 02 05 00    283     1    10    30     8    25  27.90 169.90 -49.10  56.50 0.7930 0 0
d 1879 07 04 11 54 00 GREE            17    94    20   102 2407534.99583  -1.22   3.40
g 1879 07 04 11 54 00    282          17    75    20    90 -26.30 261.00  60.70 239.50 0.9100 0 0
s 1879 07 04 11 54 00    282     1    17    75    20    90 -26.30 261.00  60.70 239.50 0.9100 0 0
g 1879 07 04 11 54 00    283           0    19     0    12  27.40 169.50 -30.80  47.50 0.6090 0 0
s 1879 07 04 11 54 00    283     1     0    19     0    12  27.40 169.50 -30.80  47.50 0.6090 0 0
d 1879 07 05 10 32 00 GREE             6    51     9    84 2407535.93889  -0.79   3.50
g 1879 07 05 10 32 00    282           4    34     8    74 -26.50 261.00  73.20 241.50 0.9720 0 0
s 1879 07 05 10 32 00    282     1     4    34     8    74 -26.50 261.00  73.20 241.50 0.9720 0 0
g 1879 07 05 10 32 00    283           2    17     1    10  27.20 169.50 -18.30  34.50 0.4920 0 0
s 1879 07 05 10 32 00    283     1     2    17     1    10  27.20 169.50 -18.30  34.50 0.4920 0 0
d 1879 07 07 12 00 00 GREE             0     0     0     0 2407538.00000   0.15   3.71
d 1879 07 08 12 00 00 GREE             0     0     0     0 2407539.00000   0.61   3.81
d 1879 07 09 12 00 00 GREE             0     0     0     0 2407540.00000   1.06   3.92
d 1879 07 10 12 00 00 GREE             0     0     0     0 2407541.00000   1.52   4.02
d 1879 07 11 11 44 00 GREE            31   178    16    95 2407541.98889   1.96   4.12
g 1879 07 11 11 44 00   283a          31   178    16    95   5.50  90.50 -17.20  84.50 0.3010 0 0
s 1879 07 11 11 44 00   283a     1    31   178    16    95   5.50  90.50 -17.20  84.50 0.3010 0 0
d 1879 07 12 10 04 01 GREE            45   410    22   206 2407542.91946   2.39   4.21
g 1879 07 12 10 04 01   283a          45   410    22   206   5.50  90.50  -5.00  74.50 0.0780 0 0
s 1879 07 12 10 04 01   283a     1    45   410    22   206   5.50  90.50  -5.00  74.50 0.0780 0 0
d 1879 07 13 00 00 00 GREE            33   321    17   163 2407543.50000   2.65   4.26
g 1879 07 13 00 00 00   283a          33   321    17   163   5.50  90.50   8.30 277.50 0.1650 0 0
s 1879 07 13 00 00 00   283a     1    33   321    17   163   5.50  90.50   8.30 277.50 0.1650 0 0
d 1879 07 14 10 00 00 GREE            24   227    13   121 2407544.91667   3.28   4.40
g 1879 07 14 10 00 00   283a          24   227    13   121   5.50  90.50  21.50 273.50 0.3520 0 0
s 1879 07 14 10 00 00   283a     1    24   227    13   121   5.50  90.50  21.50 273.50 0.3520 0 0
d 1879 07 15 02 55 01 GREE            40   222    23   129 2407545.62154   3.60   4.47
g 1879 07 15 02 55 01   283a          40   222    23   129   5.50  90.50  30.80 273.50 0.5080 0 0
s 1879 07 15 02 55 01   283a     1    40   222    23   129   5.50  90.50  30.80 273.50 0.5080 0 0
d 1879 07 16 10 09 00 GREE             8    97     6    72 2407546.92292   4.18   4.59
g 1879 07 16 10 09 00   283a           8    97     6    72   5.50  90.50  48.00 273.50 0.7370 0 0
s 1879 07 16 10 09 00   283a     1     8    97     6    72   5.50  90.50  48.00 273.50 0.7370 0 0
d 1879 07 18 09 36 00 GREE             0     0     0     0 2407548.90000   5.06   4.77
d 1879 07 21 12 00 00 GREE             0     0     0     0 2407552.00000   6.41   5.05
d 1879 07 22 12 00 00 GREE             0     0     0     0 2407553.00000   6.85   5.13
d 1879 07 23 12 00 00 GREE             0     0     0     0 2407554.00000   7.28   5.22
d 1879 07 24 12 00 00 GREE             0     0     0     0 2407555.00000   7.70   5.30
d 1879 07 25 12 00 00 GREE             0     0     0     0 2407556.00000   8.13   5.38
d 1879 07 26 12 00 00 GREE             0     0     0     0 2407557.00000   8.55   5.46
d 1879 07 28 12 00 00 GREE             0     0     0     0 2407559.00000   9.38   5.62
d 1879 07 29 12 00 00 GREE             0     0     0     0 2407560.00000   9.80   5.70
d 1879 07 30 09 36 00 GREE             0     0     0     0 2407560.90000  10.16   5.76
d 1879 07 31 12 00 00 GREE             0     0     0     0 2407562.00000  10.61   5.84
d 1879 08 01 12 00 00 GREE             0     0     0     0 2407563.00000  11.01   5.91
d 1879 08 02 09 36 00 GREE             0     0     0     0 2407563.90000  11.37   5.98
d 1879 08 04 12 00 00 GREE             0     0     0     0 2407566.00000  12.20   6.12
d 1879 08 05 12 00 00 GREE             0     0     0     0 2407567.00000  12.58   6.18
d 1879 08 06 12 00 00 GREE             0     0     0     0 2407568.00000  12.97   6.24
d 1879 08 07 12 00 00 GREE             0     0     0     0 2407569.00000  13.35   6.30
d 1879 08 08 12 00 00 GREE             0     0     0     0 2407570.00000  13.72   6.36
d 1879 08 09 12 00 00 GREE             0     0     0     0 2407571.00000  14.09   6.42
d 1879 08 11 10 04 01 GREE             8   107     6    69 2407572.91946  14.79   6.53
g 1879 08 11 10 04 01    284           0    18     0    14 -17.40  98.80  40.10 238.50 0.7250 0 0
s 1879 08 11 10 04 01    284     1     0    18     0    14 -17.40  98.80  40.10 238.50 0.7250 0 0
g 1879 08 11 10 04 01    285           8    89     6    55   9.80  94.10  35.40 277.50 0.5810 0 0
s 1879 08 11 10 04 01    285     1     8    89     6    55   9.80  94.10  35.40 277.50 0.5810 0 0
d 1879 08 12 12 10 00 GREE            81   222    67   184 2407574.00694  15.18   6.58
g 1879 08 12 12 10 00    284          19    59    19    57 -17.40  98.80  54.50 245.50 0.8590 0 0
s 1879 08 12 12 10 00    284     1    19    59    19    57 -17.40  98.80  54.50 245.50 0.8590 0 0
g 1879 08 12 12 10 00    285          62   163    48   127   9.80  94.10  49.80 277.50 0.7600 0 7
s 1879 08 12 12 10 00    285     1    62   163    48   127   9.80  94.10  49.80 277.50 0.7600 0 7
d 1879 08 13 10 19 00 GREE            59   152    65   167 2407574.92986  15.51   6.63
g 1879 08 13 10 19 00    284           9    20    13    29 -17.40  98.90  66.90 248.50 0.9430 0 0
s 1879 08 13 10 19 00    284     1     9    20    13    29 -17.40  98.90  66.90 248.50 0.9430 0 0
g 1879 08 13 10 19 00    285          50   132    52   138  10.20  94.20  62.20 278.50 0.8790 0 7
s 1879 08 13 10 19 00    285     1    50   132    52   138  10.20  94.20  62.20 278.50 0.8790 0 7
d 1879 08 14 12 00 00 GREE             0     0     0     0 2407576.00000  15.88   6.68
d 1879 08 15 12 00 00 GREE             0     0     0     0 2407577.00000  16.22   6.73
d 1879 08 16 12 00 00 GREE             0     0     0     0 2407578.00000  16.56   6.77
d 1879 08 18 12 00 00 GREE             0     0     0     0 2407580.00000  17.23   6.85
d 1879 08 20 12 00 00 GREE             0     0     0     0 2407582.00000  17.87   6.93
d 1879 08 21 12 00 00 GREE             0     0     0     0 2407583.00000  18.19   6.97
d 1879 08 22 12 00 00 GREE             0     0     0     0 2407584.00000  18.50   7.00
d 1879 08 25 12 00 00 GREE             0     0     0     0 2407587.00000  19.40   7.09
d 1879 08 26 12 00 00 GREE             0     0     0     0 2407588.00000  19.69   7.11
d 1879 08 28 02 12 00 GREE            53   273    47   250 2407589.59167  20.14   7.15
g 1879 08 28 02 12 00   285a           0    49     0    52  14.10 260.90  62.60 282.50 0.8870 0 0
s 1879 08 28 02 12 00   285a     1     0    49     0    52  14.10 260.90  62.60 282.50 0.8870 0 0
g 1879 08 28 02 12 00    286          53   224    47   198  29.40 144.00 -54.30  59.50 0.8240 0 1
s 1879 08 28 02 12 00    286     1    53   224    47   198  29.40 144.00 -54.30  59.50 0.8240 0 1
d 1879 08 29 00 00 00 GREE            62   287    41   189 2407590.50000  20.39   7.16
g 1879 08 29 00 00 00    286          62   287    41   189  28.60 143.60 -38.80  53.50 0.6490 0 1
s 1879 08 29 00 00 00    286     1    62   287    41   189  28.60 143.60 -38.80  53.50 0.6490 0 1
d 1879 08 30 12 01 00 GREE            61   308    35   173 2407592.00069  20.79   7.19
g 1879 08 30 12 01 00    286          61   308    35   173  27.80 143.20 -23.30  44.30 0.5050 0 1
s 1879 08 30 12 01 00    286     1    61   308    35   173  27.80 143.20 -23.30  44.30 0.5050 0 1
d 1879 08 31 04 59 01 GREE            24   224    13   124 2407592.70765  20.98   7.20
g 1879 08 31 04 59 01    286          24   224    13   124  28.10 143.00 -14.20  30.50 0.4150 0 1
s 1879 08 31 04 59 01    286     1    24   224    13   124  28.10 143.00 -14.20  30.50 0.4150 0 1
d 1879 09 01 12 17 00 GREE            74   313    40   169 2407594.01181  21.32   7.22
g 1879 09 01 12 17 00    286          74   313    40   169  28.40 142.80   2.90 352.50 0.3670 0 1
s 1879 09 01 12 17 00    286     1    74   313    40   169  28.40 142.80   2.90 352.50 0.3670 0 1
d 1879 09 02 12 17 00 GREE            54   277    30   155 2407595.01181  21.57   7.23
g 1879 09 02 12 17 00    286          54   277    30   155  28.40 142.40  15.70 326.50 0.4310 0 1
s 1879 09 02 12 17 00    286     1    54   277    30   155  28.40 142.40  15.70 326.50 0.4310 0 1
d 1879 09 03 11 08 00 GREE            51   289    31   174 2407595.96389  21.80   7.24
g 1879 09 03 11 08 00    286          51   289    31   174  28.40 141.60  27.50 312.50 0.5520 0 1
s 1879 09 03 11 08 00    286     1    51   289    31   174  28.40 141.60  27.50 312.50 0.5520 0 1
d 1879 09 04 09 46 00 GREE            50   245    34   168 2407596.90694  22.03   7.24
g 1879 09 04 09 46 00    286          50   245    34   168  28.60 141.50  39.80 304.50 0.6880 0 1
s 1879 09 04 09 46 00    286     1    50   245    34   168  28.60 141.50  39.80 304.50 0.6880 0 1
d 1879 09 05 05 13 01 GREE            24   115    19    90 2407597.71737  22.22   7.25
g 1879 09 05 05 13 01    286          24   115    19    90  28.60 141.50  50.50 300.50 0.7720 0 1
s 1879 09 05 05 13 01    286     1    24   115    19    90  28.60 141.50  50.50 300.50 0.7720 0 1
d 1879 09 06 00 00 00 GREE            18    91    24   119 2407598.50000  22.40   7.25
g 1879 09 06 00 00 00    286          18    91    24   119  28.60 141.50  63.50 298.50 0.9240 0 1
s 1879 09 06 00 00 00    286     1    18    91    24   119  28.60 141.50  63.50 298.50 0.9240 0 1
d 1879 09 07 04 33 01 GREE            18    96    28   148 2407599.68959  22.67   7.25
g 1879 09 07 04 33 01    286          18    96    28   148  28.60 141.50  76.50 297.50 0.9500 0 1
s 1879 09 07 04 33 01    286     1    18    96    28   148  28.60 141.50  76.50 297.50 0.9500 0 1
d 1879 09 08 09 36 00 GREE             0     0     0     0 2407600.90000  22.93   7.25
d 1879 09 09 12 00 00 GREE             0     0     0     0 2407602.00000  23.16   7.24
d 1879 09 10 12 00 00 GREE             0     0     0     0 2407603.00000  23.37   7.24
d 1879 09 11 12 00 00 GREE             0     0     0     0 2407604.00000  23.57   7.23
d 1879 09 13 12 00 00 GREE             0     0     0     0 2407606.00000  23.95   7.21
d 1879 09 14 12 00 00 GREE             0     0     0     0 2407607.00000  24.13   7.19
d 1879 09 15 12 00 00 GREE             0     0     0     0 2407608.00000  24.30   7.18
d 1879 09 16 12 00 00 GREE             0     0     0     0 2407609.00000  24.47   7.16
d 1879 09 17 12 00 00 GREE             0     0     0     0 2407610.00000  24.63   7.14
d 1879 09 18 12 00 00 GREE             0     0     0     0 2407611.00000  24.78   7.11
d 1879 09 19 12 00 00 GREE             0     0     0     0 2407612.00000  24.93   7.09
d 1879 09 20 12 00 00 GREE             0     0     0     0 2407613.00000  25.07   7.06
d 1879 09 21 12 00 00 GREE             0     0     0     0 2407614.00000  25.21   7.03
d 1879 09 22 12 00 00 GREE             0     0     0     0 2407615.00000  25.34   7.00
d 1879 09 23 12 00 00 GREE             0     0     0     0 2407616.00000  25.46   6.97
d 1879 09 24 10 30 01 GREE            17    73    23    96 2407616.93751  25.57   6.94
g 1879 09 24 10 30 01    287          17    73    23    96  29.30 128.90 -68.30  61.50 0.9240 0 0
s 1879 09 24 10 30 01    287     1    17    73    23    96  29.30 128.90 -68.30  61.50 0.9240 0 0
d 1879 09 25 13 49 00 GREE            17    54    15    48 2407618.07569  25.70   6.89
g 1879 09 25 13 49 00    287          17    54    15    48  29.50 128.60 -53.60  58.50 0.8240 0 0
s 1879 09 25 13 49 00    287     1    17    54    15    48  29.50 128.60 -53.60  58.50 0.8240 0 0
d 1879 09 26 13 19 00 GREE            29    66    20    47 2407619.05486  25.80   6.85
g 1879 09 26 13 19 00    287          29    66    20    47  29.70 128.40 -40.90  53.50 0.7010 0 0
s 1879 09 26 13 19 00    287     1    29    66    20    47  29.70 128.40 -40.90  53.50 0.7010 0 0
d 1879 09 27 12 05 01 GREE            13    38     8    24 2407620.00348  25.89   6.81
g 1879 09 27 12 05 01    287          13    38     8    24  29.70 127.60 -29.20  46.50 0.5810 0 0
s 1879 09 27 12 05 01    287     1    13    38     8    24  29.70 127.60 -29.20  46.50 0.5810 0 0
d 1879 09 30 12 00 00 GREE             0     0     0     0 2407623.00000  26.13   6.68
d 1879 10 02 13 56 01 GREE            28    85    18    56 2407625.08057  26.26   6.57
g 1879 10 02 13 56 01    288          28    85    18    56 -23.40 116.60  26.80 220.50 0.6360 0 4
s 1879 10 02 13 56 01    288     1    28    85    18    56 -23.40 116.60  26.80 220.50 0.6360 0 4
d 1879 10 03 09 44 01 GREE            28   103    21    77 2407625.90557  26.31   6.53
g 1879 10 03 09 44 01    288          28   103    21    77 -22.90 117.30  38.40 230.50 0.7370 0 4
s 1879 10 03 09 44 01    288     1    28   103    21    77 -22.90 117.30  38.40 230.50 0.7370 0 4
d 1879 10 04 14 24 00 GREE             0     0     0     0 2407627.10000  26.37   6.46
d 1879 10 05 12 00 00 GREE             0     0     0     0 2407628.00000  26.40   6.41
d 1879 10 06 12 00 00 GREE             0     0     0     0 2407629.00000  26.43   6.35
d 1879 10 07 11 32 01 GREE             6    34    14    72 2407629.98057  26.46   6.29
g 1879 10 07 11 32 01    289           6    34    14    72  17.00 307.50 -77.60  73.50 0.9760 0 4
s 1879 10 07 11 32 01    289     1     6    34    14    72  17.00 307.50 -77.60  73.50 0.9760 0 4
d 1879 10 08 02 47 00 GREE             0    51     0    64 2407630.61597  26.47   6.25
g 1879 10 08 02 47 00    289           0    51     0    64  17.30 309.20 -67.60  73.50 0.9170 0 4
s 1879 10 08 02 47 00    289     1     0    51     0    64  17.30 309.20 -67.60  73.50 0.9170 0 4
d 1879 10 09 00 00 00 GREE            27   117    22    94 2407631.50000  26.48   6.19
g 1879 10 09 00 00 00    289          27   117    22    94  17.80 306.60 -53.80  72.50 0.7830 0 4
s 1879 10 09 00 00 00    289     1    27   117    22    94  17.80 306.60 -53.80  72.50 0.7830 0 4
d 1879 10 10 14 19 01 GREE            63   188    43   124 2407633.09654  26.49   6.09
g 1879 10 10 14 19 01    289          63   188    43   124  18.30 304.00 -40.00  68.50 0.6490 0 4
s 1879 10 10 14 19 01    289     1    63   188    43   124  18.30 304.00 -40.00  68.50 0.6490 0 4
d 1879 10 11 13 10 01 GREE             0   161     0    92 2407634.04862  26.49   6.02
g 1879 10 11 13 10 01    289           0   161     0    92  18.30 304.00 -27.50  62.50 0.4880 0 4
s 1879 10 11 13 10 01    289     1     0   161     0    92  18.30 304.00 -27.50  62.50 0.4880 0 4
d 1879 10 12 00 00 00 GREE             0   123     0    65 2407634.50000  26.48   5.99
g 1879 10 12 00 00 00    289           0   123     0    65  18.30 304.00 -14.80  48.50 0.3170 0 4
s 1879 10 12 00 00 00    289     1     0   123     0    65  18.30 304.00 -14.80  48.50 0.3170 0 4
d 1879 10 13 00 00 00 GREE             1    76     1    39 2407635.50000  26.47   5.92
g 1879 10 13 00 00 00    289           1    76     1    39  18.30 304.00  -2.10   7.50 0.2160 0 4
s 1879 10 13 00 00 00    289     1     1    76     1    39  18.30 304.00  -2.10   7.50 0.2160 0 4
d 1879 10 14 10 37 01 GREE             8   101     7    91 2407636.94237  26.43   5.81
g 1879 10 14 10 37 01    289           2    24     1    12  18.30 304.00  10.60 321.20 0.2800 0 4
s 1879 10 14 10 37 01    289     1     2    24     1    12  18.30 304.00  10.60 321.20 0.2800 0 4
g 1879 10 14 10 37 01    290           6    77     6    79  25.30 232.80 -60.60  64.50 0.8700 0 3
s 1879 10 14 10 37 01    290     1     6    77     6    79  25.30 232.80 -60.60  64.50 0.8700 0 3
d 1879 10 15 13 14 01 GREE            14    66    11    50 2407638.05140  26.39   5.73
g 1879 10 15 13 14 01    290          14    66    11    50  25.30 232.80 -45.70  60.50 0.7370 0 3
s 1879 10 15 13 14 01    290     1    14    66    11    50  25.30 232.80 -45.70  60.50 0.7370 0 3
d 1879 10 16 12 31 01 GREE             0    34     0    19 2407639.02154  26.35   5.65
g 1879 10 16 12 31 01    291           0    34     0    19 -22.00 261.10  -4.80 170.50 0.4500 0 2
s 1879 10 16 12 31 01    291     1     0    34     0    19 -22.00 261.10  -4.80 170.50 0.4500 0 2
d 1879 10 17 04 32 00 GREE             0    34     0    20 2407639.68889  26.32   5.60
g 1879 10 17 04 32 00    291           0    34     0    20 -22.40 261.80   4.60 189.50 0.4770 0 2
s 1879 10 17 04 32 00    291     1     0    34     0    20 -22.40 261.80   4.60 189.50 0.4770 0 2
d 1879 10 18 12 17 00 GREE           163   666   102   412 2407641.01181  26.24   5.49
g 1879 10 18 12 17 00    291         163   666   102   412 -22.80 262.50  22.90 217.70 0.5890 0 1
s 1879 10 18 12 17 00    291     1   163   666   102   412 -22.80 262.50  22.90 217.70 0.5890 0 1
d 1879 10 19 04 56 01 GREE            70   609    47   410 2407641.70557  26.20   5.44
g 1879 10 19 04 56 01    291          70   609    47   410 -22.80 262.80  32.30 223.40 0.6700 0 1
s 1879 10 19 04 56 01    291     1    70   609    47   410 -22.80 262.80  32.30 223.40 0.6700 0 1
d 1879 10 20 10 23 01 GREE           126   519   114   464 2407642.93265  26.11   5.33
g 1879 10 20 10 23 01    291         126   519   114   464 -22.80 263.00  48.70 237.60 0.8290 0 1
s 1879 10 20 10 23 01    291     1   126   519   114   464 -22.80 263.00  48.70 237.60 0.8290 0 1
d 1879 10 21 11 35 01 GREE            48   266    71   377 2407643.98265  26.03   5.24
g 1879 10 21 11 35 01    291          48   266    71   377 -23.20 265.30  64.80 242.90 0.9360 0 1
s 1879 10 21 11 35 01    291     1    48   266    71   377 -23.20 265.30  64.80 242.90 0.9360 0 1
d 1879 10 23 12 00 00 GREE             0     0     0     0 2407646.00000  25.84   5.06
d 1879 10 24 12 00 00 GREE             0     0     0     0 2407647.00000  25.74   4.97
d 1879 10 25 12 00 00 GREE             0     0     0     0 2407648.00000  25.63   4.88
d 1879 10 26 12 00 00 GREE             0     0     0     0 2407649.00000  25.51   4.78
d 1879 10 27 12 00 00 GREE             0     0     0     0 2407650.00000  25.38   4.69
d 1879 10 28 12 00 00 GREE             0     0     0     0 2407651.00000  25.25   4.59
d 1879 10 29 12 00 00 GREE             0     0     0     0 2407652.00000  25.10   4.49
d 1879 10 30 12 00 00 GREE             0     0     0     0 2407653.00000  24.95   4.39
d 1879 10 31 12 00 00 GREE             0     0     0     0 2407654.00000  24.79   4.29
d 1879 11 01 12 00 00 GREE             0     0     0     0 2407655.00000  24.63   4.19
d 1879 11 02 12 00 00 GREE             0     0     0     0 2407656.00000  24.45   4.09
d 1879 11 03 12 00 00 GREE             0     0     0     0 2407657.00000  24.27   3.98
d 1879 11 06 09 36 00 GREE             0     0     0     0 2407659.90000  23.69   3.67
d 1879 11 07 12 47 01 GREE            99   439   106   532 2407661.03265  23.45   3.54
g 1879 11 07 12 47 01    292          32    92    18    53  31.70 345.20   9.60 343.50 0.4920 0 7
s 1879 11 07 12 47 01    292     1    32    92    18    53  31.70 345.20   9.60 343.50 0.4920 0 7
g 1879 11 07 12 47 01    293           0    12     0     7  17.70 307.40 -28.20  60.50 0.5080 0 0
s 1879 11 07 12 47 01    293     1     0    12     0     7  17.70 307.40 -28.20  60.50 0.5080 0 0
g 1879 11 07 12 47 01    294          11    42     7    37  26.40 282.70 -52.90  60.50 0.8240 0 8
s 1879 11 07 12 47 01    294     1    11    42     7    37  26.40 282.70 -52.90  60.50 0.8240 0 8
g 1879 11 07 12 47 01    295          56   293    81   435 -22.70 268.60 -67.00 115.60 0.9420 0 4
s 1879 11 07 12 47 01    295     1    56   293    81   435 -22.70 268.60 -67.00 115.60 0.9420 0 4
d 1879 11 08 04 22 00 GREE            74   497    77   501 2407661.68194  23.31   3.47
g 1879 11 08 04 22 00    292          11    69     6    42  31.70 345.20  18.20 330.50 0.5520 0 7
s 1879 11 08 04 22 00    292     1    11    69     6    42  31.70 345.20  18.20 330.50 0.5520 0 7
g 1879 11 08 04 22 00    294           0    26     0    19  26.40 282.70 -44.30  57.50 0.7340 0 8
s 1879 11 08 04 22 00    294     1     0    26     0    19  26.40 282.70 -44.30  57.50 0.7340 0 8
g 1879 11 08 04 22 00    295          63   402    71   440 -22.60 268.10 -58.90 117.60 0.8900 0 4
s 1879 11 08 04 22 00    295     1    63   402    71   440 -22.60 268.10 -58.90 117.60 0.8900 0 4
d 1879 11 09 04 56 01 GREE            58   470    47   371 2407662.70557  23.08   3.36
g 1879 11 09 04 56 01    292           0    54     0    36  31.70 345.20  31.70 317.50 0.6630 0 7
s 1879 11 09 04 56 01    292     1     0    54     0    36  31.70 345.20  31.70 317.50 0.6630 0 7
g 1879 11 09 04 56 01    295          58   416    47   335 -22.40 267.60 -45.90 122.20 0.7840 0 4
s 1879 11 09 04 56 01    295     1    58   416    47   335 -22.40 267.60 -45.90 122.20 0.7840 0 4
d 1879 11 10 04 55 00 GREE            62   486    42   319 2407663.70486  22.84   3.24
g 1879 11 10 04 55 00    292           0    19     0    15  31.70 345.20  44.80 309.50 0.7720 0 7
s 1879 11 10 04 55 00    292     1     0    19     0    15  31.70 345.20  44.80 309.50 0.7720 0 7
g 1879 11 10 04 55 00    295          62   467    42   304 -22.30 267.10 -33.30 131.40 0.6400 0 4
s 1879 11 10 04 55 00    295     1    62   467    42   304 -22.30 267.10 -33.30 131.40 0.6400 0 4
d 1879 11 11 04 55 00 GREE            49   568    28   365 2407664.70486  22.60   3.13
g 1879 11 11 04 55 00    292           0    78     0    86  31.70 345.20  58.00 304.50 0.8790 0 7
s 1879 11 11 04 55 00    292     1     0    78     0    86  31.70 345.20  58.00 304.50 0.8790 0 7
g 1879 11 11 04 55 00    295          49   490    28   279 -22.10 266.70 -20.50 142.50 0.5330 0 4
s 1879 11 11 04 55 00    295     1    49   490    28   279 -22.10 266.70 -20.50 142.50 0.5330 0 4
d 1879 11 12 13 42 00 GREE           152   487    85   270 2407666.07083  22.25   2.97
g 1879 11 12 13 42 00    295         152   487    85   270 -22.00 266.20  -3.00 173.40 0.4320 0 4
s 1879 11 12 13 42 00    295     1   152   487    85   270 -22.00 266.20  -3.00 173.40 0.4320 0 4
d 1879 11 13 11 42 01 GREE            90   389    51   218 2407666.98751  22.01   2.87
g 1879 11 13 11 42 01    295          90   389    51   218 -21.50 267.60  10.50 202.40 0.4520 0 4
s 1879 11 13 11 42 01    295     1    90   389    51   218 -21.50 267.60  10.50 202.40 0.4520 0 4
d 1879 11 14 11 24 00 GREE            44   261    26   157 2407667.97500  21.75   2.75
g 1879 11 14 11 24 00    295          44   261    26   157 -22.00 267.30  23.20 221.50 0.5520 0 4
s 1879 11 14 11 24 00    295     1    44   261    26   157 -22.00 267.30  23.20 221.50 0.5520 0 4
d 1879 11 15 12 04 00 GREE            27   163    19   111 2407669.00278  21.46   2.63
g 1879 11 15 12 04 00    295          27   163    19   111 -21.90 266.60  36.10 233.50 0.6840 0 4
s 1879 11 15 12 04 00    295     1    27   163    19   111 -21.90 266.60  36.10 233.50 0.6840 0 4
d 1879 11 16 04 59 01 GREE            17    78    14    62 2407669.70765  21.26   2.54
g 1879 11 16 04 59 01    295          17    78    14    62 -22.00 266.60  45.30 238.50 0.7720 0 4
s 1879 11 16 04 59 01    295     1    17    78    14    62 -22.00 266.60  45.30 238.50 0.7720 0 4
d 1879 11 17 03 54 01 GREE            16    66    17    72 2407670.66251  20.99   2.43
g 1879 11 17 03 54 01    295          16    66    17    72 -22.10 266.50  57.90 243.50 0.8790 0 4
s 1879 11 17 03 54 01    295     1    16    66    17    72 -22.10 266.50  57.90 243.50 0.8790 0 4
d 1879 11 18 10 53 01 GREE             0    12     0    25 2407671.95348  20.60   2.27
g 1879 11 18 10 53 01    295           0    12     0    25 -22.30 266.50  74.80 246.50 0.9740 0 4
s 1879 11 18 10 53 01    295     1     0    12     0    25 -22.30 266.50  74.80 246.50 0.9740 0 4
d 1879 11 19 12 00 00 GREE             0     0     0     0 2407673.00000  20.28   2.15
d 1879 11 21 12 00 00 GREE             0     0     0     0 2407675.00000  19.65   1.90
d 1879 11 22 12 00 00 GREE             0     0     0     0 2407676.00000  19.32   1.78
d 1879 11 23 12 00 00 GREE             0     0     0     0 2407677.00000  18.99   1.65
d 1879 11 24 12 00 00 GREE             0     0     0     0 2407678.00000  18.65   1.53
d 1879 11 25 13 17 01 GREE             3    15     5    23 2407679.05348  18.28   1.40
g 1879 11 25 13 17 01    296           3    15     5    23 -12.20  27.10 -70.90 103.50 0.9480 0 0
s 1879 11 25 13 17 01    296     1     3    15     5    23 -12.20  27.10 -70.90 103.50 0.9480 0 0
d 1879 11 27 00 00 00 GREE            11    31     9    24 2407680.50000  17.76   1.22
g 1879 11 27 00 00 00    296          11    31     9    24 -12.90  24.00 -47.60 107.50 0.7600 0 0
s 1879 11 27 00 00 00    296     1    11    31     9    24 -12.90  24.00 -47.60 107.50 0.7600 0 0
d 1879 11 28 13 07 01 GREE            21    74    16    65 2407682.04654  17.20   1.02
g 1879 11 28 13 07 01    296          17    39    11    25 -13.30  22.50 -36.10 113.50 0.6230 0 0
s 1879 11 28 13 07 01    296     1    17    39    11    25 -13.30  22.50 -36.10 113.50 0.6230 0 0
g 1879 11 28 13 07 01    297           0    10     0    10  30.30 111.50  52.90 305.50 0.8530 0 0
s 1879 11 28 13 07 01    297     1     0    10     0    10  30.30 111.50  52.90 305.50 0.8530 0 0
g 1879 11 28 13 07 01    298           4    25     5    30 -20.80 355.70 -62.90 113.50 0.9100 0 2
s 1879 11 28 13 07 01    298     1     4    25     5    30 -20.80 355.70 -62.90 113.50 0.9100 0 2
d 1879 11 29 04 10 01 GREE             0   104     0    85 2407682.67362  16.96   0.94
g 1879 11 29 04 10 01    296           0    26     0    15 -13.30  22.50 -27.80 118.50 0.5030 0 0
s 1879 11 29 04 10 01    296     1     0    26     0    15 -13.30  22.50 -27.80 118.50 0.5030 0 0
g 1879 11 29 04 10 01    298           0    78     0    70 -20.70 356.70 -53.60 115.50 0.8340 0 2
s 1879 11 29 04 10 01    298     1     0    78     0    70 -20.70 356.70 -53.60 115.50 0.8340 0 2
d 1879 11 30 00 00 00 GREE             7    91     5    60 2407683.50000  16.65   0.84
g 1879 11 30 00 00 00    298           7    91     5    60 -20.60 357.70 -39.20 123.50 0.6490 0 2
s 1879 11 30 00 00 00    298     1     7    91     5    60 -20.60 357.70 -39.20 123.50 0.6490 0 2
d 1879 12 01 05 19 01 GREE            16   100     9    64 2407684.72154  16.18   0.68
g 1879 12 01 05 19 01    298          16    81     9    49 -20.50 358.60 -24.80 132.50 0.5370 0 2
s 1879 12 01 05 19 01    298     1    16    81     9    49 -20.50 358.60 -24.80 132.50 0.5370 0 2
g 1879 12 01 05 19 01    299           0    19     0    15 -22.30 350.00 -33.40 127.50 0.6360 0 0
s 1879 12 01 05 19 01    299     1     0    19     0    15 -22.30 350.00 -33.40 127.50 0.6360 0 0
d 1879 12 02 13 19 00 GREE            42   195    23   106 2407686.05486  15.66   0.51
g 1879 12 02 13 19 00    298          37   163    20    88 -20.40 359.60  -6.20 164.50 0.3670 0 0
s 1879 12 02 13 19 00    298     1    37   163    20    88 -20.40 359.60  -6.20 164.50 0.3670 0 0
g 1879 12 02 13 19 00    299           5    32     3    18 -22.30 350.00 -15.80 147.50 0.4620 0 0
s 1879 12 02 13 19 00    299     1     5    32     3    18 -22.30 350.00 -15.80 147.50 0.4620 0 0
d 1879 12 03 12 53 00 GREE            19   120    10    65 2407687.03681  15.27   0.39
g 1879 12 03 12 53 00    298          19   102    10    55 -20.40   0.30   7.50 199.50 0.3790 0 0
s 1879 12 03 12 53 00    298     1    19   102    10    55 -20.40   0.30   7.50 199.50 0.3790 0 0
g 1879 12 03 12 53 00    299           0    18     0    10 -22.30 349.80  -3.00 172.50 0.3830 0 0
s 1879 12 03 12 53 00    299     1     0    18     0    10 -22.30 349.80  -3.00 172.50 0.3830 0 0
d 1879 12 04 11 12 00 GREE             4    20     2    12 2407687.96667  14.89   0.27
g 1879 12 04 11 12 00    298           4    20     2    12 -20.80   0.50  19.90 221.50 0.4770 0 0
s 1879 12 04 11 12 00    298     1     4    20     2    12 -20.80   0.50  19.90 221.50 0.4770 0 0
d 1879 12 05 12 00 00 GREE             0     0     0     0 2407689.00000  14.47   0.13
d 1879 12 06 12 00 00 GREE             0     0     0     0 2407690.00000  14.05   0.01
d 1879 12 07 12 00 00 GREE             0     0     0     0 2407691.00000  13.63  -0.12
d 1879 12 08 12 00 00 GREE             0     0     0     0 2407692.00000  13.21  -0.25
d 1879 12 09 12 00 00 GREE             0     0     0     0 2407693.00000  12.78  -0.38
d 1879 12 10 12 00 00 GREE             0     0     0     0 2407694.00000  12.34  -0.51
d 1879 12 11 12 00 00 GREE             0     0     0     0 2407695.00000  11.90  -0.63
d 1879 12 12 12 00 00 GREE             0     0     0     0 2407696.00000  11.46  -0.76
d 1879 12 13 12 00 00 GREE             0     0     0     0 2407697.00000  11.01  -0.89
d 1879 12 14 12 00 00 GREE             0     0     0     0 2407698.00000  10.56  -1.02
d 1879 12 15 12 00 00 GREE             0     0     0     0 2407699.00000  10.10  -1.14
d 1879 12 16 12 23 00 GREE            11    33     9    27 2407700.01597   9.64  -1.27
g 1879 12 16 12 23 00    300          11    33     9    27 -18.90 131.80 -50.00 113.50 0.7830 0 4
s 1879 12 16 12 23 00    300     1    11    33     9    27 -18.90 131.80 -50.00 113.50 0.7830 0 4
d 1879 12 17 09 20 00 GREE            47   242    31   161 2407700.88889   9.23  -1.38
g 1879 12 17 09 20 00    300          47   242    31   161 -19.50 133.10 -37.20 119.50 0.6490 0 4
s 1879 12 17 09 20 00    300     1    47   242    31   161 -19.50 133.10 -37.20 119.50 0.6490 0 4
d 1879 12 18 06 12 01 GREE            50   258    29   152 2407701.75834   8.83  -1.49
g 1879 12 18 06 12 01    300          50   258    29   152 -19.90 132.80 -26.10 127.50 0.5220 0 4
s 1879 12 18 06 12 01    300     1    50   258    29   152 -19.90 132.80 -26.10 127.50 0.5220 0 4
d 1879 12 19 09 46 00 GREE            60   270    32   145 2407702.90694   8.29  -1.64
g 1879 12 19 09 46 00    300          60   270    32   145 -19.50 132.30 -11.50 148.50 0.3670 0 4
s 1879 12 19 09 46 00    300     1    60   270    32   145 -19.50 132.30 -11.50 148.50 0.3670 0 4
d 1879 12 20 04 06 00 GREE            36   294    19   155 2407703.67083   7.93  -1.73
g 1879 12 20 04 06 00    300          36   294    19   155 -19.50 132.60  -1.10 176.50 0.3010 0 4
s 1879 12 20 04 06 00    300     1    36   294    19   155 -19.50 132.60  -1.10 176.50 0.3010 0 4
d 1879 12 21 04 35 00 GREE            48   297    26   160 2407704.69097   7.45  -1.86
g 1879 12 21 04 35 00    300          48   297    26   160 -19.40 133.30  13.00 215.50 0.3670 0 4
s 1879 12 21 04 35 00    300     1    48   297    26   160 -19.40 133.30  13.00 215.50 0.3670 0 4
d 1879 12 24 12 00 00 GREE             0     0     0     0 2407708.00000   5.86  -2.27
d 1879 12 26 12 00 00 GREE             0     0     0     0 2407710.00000   4.90  -2.51
d 1879 12 27 12 00 00 GREE             0     0     0     0 2407711.00000   4.41  -2.63
d 1879 12 28 12 00 00 GREE             0     0     0     0 2407712.00000   3.93  -2.75
d 1879 12 29 12 00 00 GREE             0     0     0     0 2407713.00000   3.44  -2.87
d 1879 12 30 12 00 00 GREE             0     0     0     0 2407714.00000   2.95  -2.99
d 1879 12 31 12 00 00 GREE             0     0     0     0 2407715.00000   2.46  -3.10
