d 1888 01 01 11 36 01 GREE            34   199    32   183 2410637.98334   1.96  -3.21
g 1888 01 01 11 36 01   2026          34   199    32   183  -7.40 227.60 -57.10  96.70 0.8380 0 0
s 1888 01 01 11 36 01   2026     1    34   199    32   183  -7.40 227.60 -57.10  96.70 0.8380 0 0
d 1888 01 02 10 48 00 GREE            35   254    25   178 2410638.95000   1.49  -3.32
g 1888 01 02 10 48 00   2026          35   254    25   178  -7.30 227.70 -44.40  97.10 0.6990 0 0
s 1888 01 02 10 48 00   2026     1    35   254    25   178  -7.30 227.70 -44.40  97.10 0.6990 0 0
d 1888 01 03 10 49 00 GREE            47   301    28   176 2410639.95069   1.00  -3.44
g 1888 01 03 10 49 00   2026          47   301    28   176  -7.50 227.80 -31.00  98.70 0.5170 0 0
s 1888 01 03 10 49 00   2026     1    47   301    28   176  -7.50 227.80 -31.00  98.70 0.5170 0 0
d 1888 01 04 05 47 00 GREE            61   377    34   215 2410640.74097   0.61  -3.53
g 1888 01 04 05 47 00   2026          56   311    30   167  -7.50 227.60 -20.80 101.60 0.3590 0 0
s 1888 01 04 05 47 00   2026     1    56   311    30   167  -7.50 227.60 -20.80 101.60 0.3590 0 0
g 1888 01 04 05 47 00   2027           5    66     4    48   9.90 204.00 -44.40  72.60 0.7220 0 3
s 1888 01 04 05 47 00   2027     1     5    66     4    48   9.90 204.00 -44.40  72.60 0.7220 0 3
d 1888 01 05 11 13 01 GREE            31   258    16   131 2410641.96737   0.02  -3.66
g 1888 01 05 11 13 01   2026          31   244    16   123  -7.70 228.30  -4.00 135.30 0.0980 0 0
s 1888 01 05 11 13 01   2026     1    31   244    16   123  -7.70 228.30  -4.00 135.30 0.0980 0 0
g 1888 01 05 11 13 01   2027           0    14     0     8   9.20 206.30 -26.00  63.40 0.4840 0 0
s 1888 01 05 11 13 01   2027     1     0    14     0     8   9.20 206.30 -26.00  63.40 0.4840 0 0
d 1888 01 06 06 30 00 GREE            39   263    20   133 2410642.77083  -0.38  -3.75
g 1888 01 06 06 30 00   2026          39   263    20   133  -8.30 228.00   6.30 234.00 0.1340 0 0
s 1888 01 06 06 30 00   2026     1    39   263    20   133  -8.30 228.00   6.30 234.00 0.1340 0 0
d 1888 01 07 04 23 01 GREE            28   208    15   110 2410643.68265  -0.82  -3.85
g 1888 01 07 04 23 01   2026          28   208    15   110  -8.50 227.90  18.20 254.90 0.3200 0 1
s 1888 01 07 04 23 01   2026     1    28   208    15   110  -8.50 227.90  18.20 254.90 0.3200 0 1
d 1888 01 08 05 13 01 GREE            27   148    16    88 2410644.71737  -1.32  -3.96
g 1888 01 08 05 13 01   2026          27   148    16    88  -8.40 228.20  32.20 260.60 0.5340 0 0
s 1888 01 08 05 13 01   2026     1    27   148    16    88  -8.40 228.20  32.20 260.60 0.5340 0 0
d 1888 01 09 04 42 00 GREE            14    99    10    70 2410645.69583  -1.80  -4.07
g 1888 01 09 04 42 00   2026          14    99    10    70  -8.80 228.20  45.00 261.60 0.7060 0 0
s 1888 01 09 04 42 00   2026     1    14    99    10    70  -8.80 228.20  45.00 261.60 0.7060 0 0
d 1888 01 10 07 42 00 GREE            19   149    46   350 2410646.82083  -2.34  -4.19
g 1888 01 10 07 42 00   2026           8    49     8    49  -8.70 228.10  59.70 262.40 0.8610 0 0
s 1888 01 10 07 42 00   2026     1     8    49     8    49  -8.70 228.10  59.70 262.40 0.8610 0 0
g 1888 01 10 07 42 00   2028           5    60    10   115   0.90  93.80 -74.60  87.90 0.9650 0 3
s 1888 01 10 07 42 00   2028     1     5    60    10   115   0.90  93.80 -74.60  87.90 0.9650 0 3
g 1888 01 10 07 42 00   2029           6    40    28   186  -7.90  84.40 -84.00  97.50 0.9940 0 0
s 1888 01 10 07 42 00   2029     1     6    40    28   186  -7.90  84.40 -84.00  97.50 0.9940 0 0
d 1888 01 11 06 47 01 GREE            31   176    42   222 2410647.78265  -2.80  -4.29
g 1888 01 11 06 47 01   2028          13    87    14    88   0.90  95.50 -60.20  86.50 0.8690 0 2
s 1888 01 11 06 47 01   2028     1    13    87    14    88   0.90  95.50 -60.20  86.50 0.8690 0 2
g 1888 01 11 06 47 01   2029          18    89    28   134  -8.10  84.80 -70.90  97.10 0.9430 0 0
s 1888 01 11 06 47 01   2029     1    18    89    28   134  -8.10  84.80 -70.90  97.10 0.9430 0 0
d 1888 01 12 04 26 00 GREE            42   225    36   199 2410648.68472  -3.24  -4.38
g 1888 01 12 04 26 00   2028          12    52     9    39   0.90  96.20 -47.70  84.80 0.7430 0 4
s 1888 01 12 04 26 00   2028     1    12    52     9    39   0.90  96.20 -47.70  84.80 0.7430 0 4
g 1888 01 12 04 26 00   2029          23   156    23   151  -8.20  84.90 -59.00  96.90 0.8550 0 0
s 1888 01 12 04 26 00   2029     1    23   156    23   151  -8.20  84.90 -59.00  96.90 0.8550 0 0
g 1888 01 12 04 26 00   2030           7    17     4     9 -14.00 146.40   2.50 194.20 0.1720 0 0
s 1888 01 12 04 26 00   2030     1     7    17     4     9 -14.00 146.40   2.50 194.20 0.1720 0 0
d 1888 01 13 07 22 00 GREE            50   230    33   156 2410649.80694  -3.77  -4.50
g 1888 01 13 07 22 00   2029          37   197    26   138  -8.50  84.50 -44.50  97.60 0.6990 0 0
s 1888 01 13 07 22 00   2029     1    37   197    26   138  -8.50  84.50 -44.50  97.60 0.6990 0 0
g 1888 01 13 07 22 00   2030          13    33     7    18 -13.50 148.20  19.20 243.30 0.3580 0 1
s 1888 01 13 07 22 00   2030     1    13    33     7    18 -13.50 148.20  19.20 243.30 0.3580 0 1
d 1888 01 14 06 47 01 GREE            42   259    25   153 2410650.78265  -4.24  -4.59
g 1888 01 14 06 47 01   2029          39   227    23   134  -8.40  84.40 -31.80  98.50 0.5270 0 1
s 1888 01 14 06 47 01   2029     1    39   227    23   134  -8.40  84.40 -31.80  98.50 0.5270 0 1
g 1888 01 14 06 47 01   2030           3    32     2    19 -13.30 148.10  31.90 252.40 0.5390 0 1
s 1888 01 14 06 47 01   2030     1     3    32     2    19 -13.30 148.10  31.90 252.40 0.5390 0 1
d 1888 01 15 11 25 00 GREE            60   311    33   174 2410651.97569  -4.80  -4.71
g 1888 01 15 11 25 00   2029          55   268    29   140  -9.00  84.30 -16.20 105.80 0.2860 0 1
s 1888 01 15 11 25 00   2029     1    55   268    29   140  -9.00  84.30 -16.20 105.80 0.2860 0 1
g 1888 01 15 11 25 00   2030           5    43     4    34 -12.90 150.30  49.80 257.10 0.7640 0 1
s 1888 01 15 11 25 00   2030     1     5    43     4    34 -12.90 150.30  49.80 257.10 0.7640 0 1
d 1888 01 16 05 11 00 GREE            39   324    23   183 2410652.71597  -5.15  -4.78
g 1888 01 16 05 11 00   2029          33   283    17   143  -9.30  84.50  -6.20 126.50 0.1330 0 1
s 1888 01 16 05 11 00   2029     1    33   283    17   143  -9.30  84.50  -6.20 126.50 0.1330 0 1
g 1888 01 16 05 11 00   2030           6    41     6    40 -12.90 149.90  59.20 257.80 0.8570 0 1
s 1888 01 16 05 11 00   2030     1     6    41     6    40 -12.90 149.90  59.20 257.80 0.8570 0 1
d 1888 01 17 04 07 01 GREE            53   293    27   148 2410653.67154  -5.60  -4.88
g 1888 01 17 04 07 01   2029          53   293    27   148  -9.40  84.50   6.40 234.30 0.1350 0 1
s 1888 01 17 04 07 01   2029     1    53   293    27   148  -9.40  84.50   6.40 234.30 0.1350 0 1
d 1888 01 18 06 30 00 GREE            34   260    20   150 2410654.77083  -6.11  -4.98
g 1888 01 18 06 30 00   2029          33   243    18   131  -9.30  85.00  21.30 257.30 0.3670 0 1
s 1888 01 18 06 30 00   2029     1    33   243    18   131  -9.30  85.00  21.30 257.30 0.3670 0 1
g 1888 01 18 06 30 00   2031           1    17     2    19  -8.60   0.40 -63.30  97.10 0.8900 0 3
s 1888 01 18 06 30 00   2031     1     1    17     2    19  -8.60   0.40 -63.30  97.10 0.8900 0 3
d 1888 01 19 04 37 01 GREE            57   298    40   203 2410655.69237  -6.53  -5.07
g 1888 01 19 04 37 01   2029          26   161    16    97  -8.90  85.10  33.50 261.60 0.5510 0 0
s 1888 01 19 04 37 01   2029     1    26   161    16    97  -8.90  85.10  33.50 261.60 0.5510 0 0
g 1888 01 19 04 37 01   2031          31   137    24   106  -9.00   1.90 -49.70  97.50 0.7600 0 0
s 1888 01 19 04 37 01   2031     1    31   137    24   106  -9.00   1.90 -49.70  97.50 0.7600 0 0
d 1888 01 20 11 25 00 GREE            40   291    27   193 2410656.97569  -7.12  -5.18
g 1888 01 20 11 25 00   2029          12   103    10    81  -8.40  85.20  50.50 263.40 0.7680 0 0
s 1888 01 20 11 25 00   2029     1    12   103    10    81  -8.40  85.20  50.50 263.40 0.7680 0 0
g 1888 01 20 11 25 00   2031          28   188    17   112  -9.60   1.90 -32.80  99.70 0.5420 0 1
s 1888 01 20 11 25 00   2031     1    28   188    17   112  -9.60   1.90 -32.80  99.70 0.5420 0 1
d 1888 01 21 05 28 00 GREE            32   183    23   129 2410657.72778  -7.47  -5.25
g 1888 01 21 05 28 00   2029          10    62    11    63  -8.50  85.30  60.50 263.20 0.8670 0 0
s 1888 01 21 05 28 00   2029     1    10    62    11    63  -8.50  85.30  60.50 263.20 0.8670 0 0
g 1888 01 21 05 28 00   2031          22   121    12    66  -9.50   2.00 -22.80 101.90 0.3910 0 1
s 1888 01 21 05 28 00   2031     1    22   121    12    66  -9.50   2.00 -22.80 101.90 0.3910 0 1
d 1888 01 23 12 04 00 GREE             3    19     2    10 2410660.00278  -8.49  -5.45
g 1888 01 23 12 04 00   2031           3    19     2    10 -10.30   3.20   8.30 239.20 0.1650 0 1
s 1888 01 23 12 04 00   2031     1     3    19     2    10 -10.30   3.20   8.30 239.20 0.1650 0 1
d 1888 01 24 09 20 00 GREE             4    25     3    16 2410660.88889  -8.89  -5.52
g 1888 01 24 09 20 00   2031           3    11     2     6 -10.10   2.50  19.30 255.30 0.3360 0 1
s 1888 01 24 09 20 00   2031     1     3    11     2     6 -10.10   2.50  19.30 255.30 0.3360 0 1
g 1888 01 24 09 20 00   2032           1    14     1    10  -3.10 300.50 -42.70  91.40 0.6770 0 0
s 1888 01 24 09 20 00   2032     1     1    14     1    10  -3.10 300.50 -42.70  91.40 0.6770 0 0
d 1888 01 25 10 48 00 GREE             0    15     0     9 2410661.95000  -9.36  -5.61
g 1888 01 25 10 48 00   2032           0    15     0     9  -3.10 301.10 -27.50  86.00 0.4620 0 0
s 1888 01 25 10 48 00   2032     1     0    15     0     9  -3.10 301.10 -27.50  86.00 0.4620 0 0
d 1888 01 26 04 48 00 GREE             0     0     0     0 2410662.70000  -9.69  -5.67
d 1888 01 27 12 00 00 GREE             0     0     0     0 2410664.00000 -10.25  -5.77
d 1888 01 28 12 00 00 GREE             0     0     0     0 2410665.00000 -10.68  -5.85
d 1888 01 29 12 00 00 GREE             0     0     0     0 2410666.00000 -11.11  -5.92
d 1888 01 30 11 51 00 GREE             0     7     0     4 2410666.99375 -11.53  -6.00
g 1888 01 30 11 51 00   2033           0     7     0     4  -6.10 291.70  28.90 268.20 0.4810 0 0
s 1888 01 30 11 51 00   2033     1     0     7     0     4  -6.10 291.70  28.90 268.20 0.4810 0 0
d 1888 01 31 09 23 00 GREE            35    85    23    56 2410667.89097 -11.90  -6.06
g 1888 01 31 09 23 00   2033          35    85    23    56  -6.00 291.20  40.30 267.90 0.6440 0 2
s 1888 01 31 09 23 00   2033     1    35    85    23    56  -6.00 291.20  40.30 267.90 0.6440 0 2
d 1888 02 01 10 40 01 GREE             5    92     5    80 2410668.94446 -12.33  -6.13
g 1888 02 01 10 40 01   2033           5    92     5    80  -5.40 292.30  55.20 267.70 0.8180 0 3
s 1888 02 01 10 40 01   2033     1     5    92     5    80  -5.40 292.30  55.20 267.70 0.8180 0 3
d 1888 02 02 05 11 00 GREE             5    43     7    51 2410669.71597 -12.65  -6.19
g 1888 02 02 05 11 00   2033           5    43     7    51  -6.10 292.20  65.30 266.20 0.9050 0 3
s 1888 02 02 05 11 00   2033     1     5    43     7    51  -6.10 292.20  65.30 266.20 0.9050 0 3
d 1888 02 03 04 24 01 GREE             0    27     0    14 2410670.68334 -13.04  -6.25
g 1888 02 03 04 24 01   2034           0    27     0    14  -8.00 203.60 -10.60 100.10 0.1870 0 2
s 1888 02 03 04 24 01   2034     1     0    27     0    14  -8.00 203.60 -10.60 100.10 0.1870 0 2
d 1888 02 04 04 48 00 GREE             0     0     0     0 2410671.70000 -13.45  -6.32
d 1888 02 05 14 24 00 GREE             0     0     0     0 2410673.10000 -14.00  -6.40
d 1888 02 06 07 12 00 GREE             0     0     0     0 2410673.80000 -14.27  -6.44
d 1888 02 07 04 48 00 GREE             0     0     0     0 2410674.70000 -14.61  -6.50
d 1888 02 08 07 12 00 GREE             0     0     0     0 2410675.80000 -15.03  -6.56
d 1888 02 09 07 12 00 GREE             0     0     0     0 2410676.80000 -15.41  -6.61
d 1888 02 10 04 48 00 GREE             0     0     0     0 2410677.70000 -15.74  -6.66
d 1888 02 11 07 12 00 GREE             0     0     0     0 2410678.80000 -16.14  -6.71
d 1888 02 12 04 48 00 GREE             0     0     0     0 2410679.70000 -16.46  -6.76
d 1888 02 13 07 12 00 GREE             0     0     0     0 2410680.80000 -16.85  -6.80
d 1888 02 14 07 12 00 GREE             0     0     0     0 2410681.80000 -17.19  -6.85
d 1888 02 15 02 24 00 GREE             0     0     0     0 2410682.60000 -17.47  -6.88
d 1888 02 16 07 12 00 GREE             0     0     0     0 2410683.80000 -17.87  -6.93
d 1888 02 17 07 12 00 GREE             0     0     0     0 2410684.80000 -18.20  -6.96
d 1888 02 18 04 01 01 GREE            11    68    29   177 2410685.66737 -18.48  -6.99
g 1888 02 18 04 01 01   2035          11    68    29   177  -3.90 297.60 -79.30  92.60 0.9810 0 0
s 1888 02 18 04 01 01   2035     1    11    68    29   177  -3.90 297.60 -79.30  92.60 0.9810 0 0
d 1888 02 20 11 38 00 GREE            46   420    39   352 2410687.98472 -19.21  -7.07
g 1888 02 20 11 38 00   2035          46   420    39   352  -4.70 292.80 -53.60  90.60 0.8020 0 4
s 1888 02 20 11 38 00   2035     1    46   420    39   352  -4.70 292.80 -53.60  90.60 0.8020 0 4
d 1888 02 21 07 45 00 GREE            87   502    59   340 2410688.82292 -19.47  -7.09
g 1888 02 21 07 45 00   2035          87   502    59   340  -4.80 292.80 -42.50  90.70 0.6730 0 4
s 1888 02 21 07 45 00   2035     1    87   502    59   340  -4.80 292.80 -42.50  90.70 0.6730 0 4
d 1888 02 22 04 14 01 GREE            72   576    42   332 2410689.67640 -19.72  -7.11
g 1888 02 22 04 14 01   2035          72   576    42   332  -4.80 294.20 -29.90  87.30 0.4970 0 4
s 1888 02 22 04 14 01   2035     1    72   576    42   332  -4.80 294.20 -29.90  87.30 0.4970 0 4
d 1888 02 23 03 59 00 GREE            80   495    42   257 2410690.66597 -20.02  -7.14
g 1888 02 23 03 59 00   2035          80   495    42   257  -4.90 295.60 -15.50  82.70 0.2680 0 4
s 1888 02 23 03 59 00   2035     1    80   495    42   257  -4.90 295.60 -15.50  82.70 0.2680 0 4
d 1888 02 24 12 27 00 GREE            33   382    17   192 2410692.01875 -20.40  -7.16
g 1888 02 24 12 27 00   2035          33   382    17   192  -4.40 296.40   3.20 310.50 0.0740 0 4
s 1888 02 24 12 27 00   2035     1    33   382    17   192  -4.40 296.40   3.20 310.50 0.0740 0 4
d 1888 02 25 04 59 01 GREE            54   281    28   145 2410692.70765 -20.60  -7.18
g 1888 02 25 04 59 01   2035          54   281    28   145  -4.40 298.10  13.90 280.50 0.2440 0 4
s 1888 02 25 04 59 01   2035     1    54   281    28   145  -4.40 298.10  13.90 280.50 0.2440 0 4
d 1888 02 26 05 13 01 GREE            19   213    11   123 2410693.71737 -20.88  -7.19
g 1888 02 26 05 13 01   2035          19   213    11   123  -4.30 300.70  29.90 273.80 0.4980 0 4
s 1888 02 26 05 13 01   2035     1    19   213    11   123  -4.30 300.70  29.90 273.80 0.4980 0 4
d 1888 02 27 04 37 01 GREE            53   314    38   225 2410694.69237 -21.14  -7.21
g 1888 02 27 04 37 01   2035          53   314    38   225  -4.20 303.90  45.90 268.90 0.7160 0 4
s 1888 02 27 04 37 01   2035     1    53   314    38   225  -4.20 303.90  45.90 268.90 0.7160 0 4
d 1888 02 28 04 17 01 GREE            37   235    31   194 2410695.67848 -21.40  -7.22
g 1888 02 28 04 17 01   2035          37   235    31   194  -5.50 298.00  53.00 268.60 0.7950 0 4
s 1888 02 28 04 17 01   2035     1    37   235    31   194  -5.50 298.00  53.00 268.60 0.7950 0 4
d 1888 02 29 05 05 00 GREE             3    58     5    78 2410696.71181 -21.67  -7.23
g 1888 02 29 05 05 00   2035           3    58     5    78  -5.40 299.60  68.20 267.10 0.9260 0 5
s 1888 02 29 05 05 00   2035     1     3    58     5    78  -5.40 299.60  68.20 267.10 0.9260 0 5
d 1888 03 01 09 43 00 GREE             0    15     0     9 2410697.90486 -21.97  -7.24
g 1888 03 01 09 43 00   2036           0    15     0     9  -9.70 250.20  34.50 263.70 0.5640 0 2
s 1888 03 01 09 43 00   2036     1     0    15     0     9  -9.70 250.20  34.50 263.70 0.5640 0 2
d 1888 03 02 12 00 00 GREE             0     0     0     0 2410699.00000 -22.23  -7.25
d 1888 03 03 09 36 00 GREE             0     0     0     0 2410699.90000 -22.45  -7.25
d 1888 03 04 04 48 00 GREE             0     0     0     0 2410700.70000 -22.63  -7.25
d 1888 03 05 07 12 00 GREE             0     0     0     0 2410701.80000 -22.88  -7.25
d 1888 03 06 12 00 00 GREE             0     0     0     0 2410703.00000 -23.14  -7.24
d 1888 03 07 09 36 00 GREE             0     0     0     0 2410703.90000 -23.33  -7.24
d 1888 03 08 07 12 00 GREE             0     0     0     0 2410704.80000 -23.51  -7.23
d 1888 03 09 06 37 00 GREE            12    24    25    50 2410705.77569 -23.71  -7.22
g 1888 03 09 06 37 00   2037          12    24    25    50   2.10  36.70 -75.30  86.00 0.9690 0 0
s 1888 03 09 06 37 00   2037     1    12    24    25    50   2.10  36.70 -75.30  86.00 0.9690 0 0
d 1888 03 10 13 33 01 GREE            27   260    27   246 2410707.06459 -23.95  -7.21
g 1888 03 10 13 33 01   2037          26   234    26   230   1.90  36.30 -58.70  83.50 0.8600 0 4
s 1888 03 10 13 33 01   2037     1    26   234    26   230   1.90  36.30 -58.70  83.50 0.8600 0 4
g 1888 03 10 13 33 01   2038           1    26     1    16  11.70  64.90 -30.10  58.00 0.5790 0 1
s 1888 03 10 13 33 01   2038     1     1    26     1    16  11.70  64.90 -30.10  58.00 0.5790 0 1
d 1888 03 11 05 18 00 GREE           107   469    75   341 2410707.72083 -24.08  -7.20
g 1888 03 11 05 18 00   2037          65   345    51   270   2.10  36.90 -49.50  81.20 0.7690 0 4
s 1888 03 11 05 18 00   2037     1    65   345    51   270   2.10  36.90 -49.50  81.20 0.7690 0 4
g 1888 03 11 05 18 00   2038          42   124    24    71  12.10  64.80 -21.60  48.20 0.4830 0 1
s 1888 03 11 05 18 00   2038     1    42   124    24    71  12.10  64.80 -21.60  48.20 0.4830 0 1
d 1888 03 13 03 44 01 GREE            60   437    33   240 2410709.65557 -24.42  -7.16
g 1888 03 13 03 44 01   2037          60   419    33   230   2.50  38.50 -22.30  67.20 0.4110 0 4
s 1888 03 13 03 44 01   2037     1    60   419    33   230   2.50  38.50 -22.30  67.20 0.4110 0 4
g 1888 03 13 03 44 01   2038           0    18     0    10   9.80  68.90   8.10 334.50 0.3230 0 2
s 1888 03 13 03 44 01   2038     1     0    18     0    10   9.80  68.90   8.10 334.50 0.3230 0 2
d 1888 03 14 09 36 00 GREE            70   443    36   226 2410710.90000 -24.62  -7.14
g 1888 03 14 09 36 00   2037          70   443    36   226   2.40  38.70  -5.70  31.10 0.1920 0 4
s 1888 03 14 09 36 00   2037     1    70   443    36   226   2.40  38.70  -5.70  31.10 0.1920 0 4
d 1888 03 15 11 11 00 GREE            67   423    35   218 2410711.96597 -24.79  -7.11
g 1888 03 15 11 11 00   2037          67   423    35   218   2.80  40.20   9.80 315.00 0.2410 0 4
s 1888 03 15 11 11 00   2037     1    67   423    35   218   2.80  40.20   9.80 315.00 0.2410 0 4
d 1888 03 16 04 12 00 GREE            64   370    39   251 2410712.67500 -24.90  -7.10
g 1888 03 16 04 12 00   2037          62   331    34   179   2.70  41.00  19.90 295.60 0.3770 0 4
s 1888 03 16 04 12 00   2037     1    62   331    34   179   2.70  41.00  19.90 295.60 0.3770 0 4
g 1888 03 16 04 12 00   2039           2    39     5    72  -4.50 306.60 -74.50  92.70 0.9620 0 3
s 1888 03 16 04 12 00   2039     1     2    39     5    72  -4.50 306.60 -74.50  92.70 0.9620 0 3
d 1888 03 17 03 36 00 GREE            65   400    42   265 2410713.65000 -25.04  -7.07
g 1888 03 17 03 36 00   2037          62   344    38   208   2.60  40.90  32.70 285.40 0.5600 0 4
s 1888 03 17 03 36 00   2037     1    62   344    38   208   2.60  40.90  32.70 285.40 0.5600 0 4
g 1888 03 17 03 36 00   2039           3    56     4    57  -4.10 307.60 -60.60  90.70 0.8690 0 3
s 1888 03 17 03 36 00   2039     1     3    56     4    57  -4.10 307.60 -60.60  90.70 0.8690 0 3
d 1888 03 18 04 30 01 GREE            53   292    40   218 2410714.68751 -25.18  -7.04
g 1888 03 18 04 30 01   2037          49   248    37   185   2.70  41.50  47.00 280.10 0.7420 0 4
s 1888 03 18 04 30 01   2037     1    49   248    37   185   2.70  41.50  47.00 280.10 0.7420 0 4
g 1888 03 18 04 30 01   2039           4    44     3    33  -4.30 307.20 -47.30  90.60 0.7330 0 3
s 1888 03 18 04 30 01   2039     1     4    44     3    33  -4.30 307.20 -47.30  90.60 0.7330 0 3
d 1888 03 19 06 08 01 GREE            37   194    38   193 2410715.75557 -25.32  -7.01
g 1888 03 19 06 08 01   2037          32   154    35   168   3.10  42.30  61.90 277.20 0.8880 0 4
s 1888 03 19 06 08 01   2037     1    32   154    35   168   3.10  42.30  61.90 277.20 0.8880 0 4
g 1888 03 19 06 08 01   2039           5    36     3    22  -4.50 307.20 -33.20  87.50 0.5460 0 2
s 1888 03 19 06 08 01   2039     1     5    36     3    22  -4.50 307.20 -33.20  87.50 0.5460 0 2
g 1888 03 19 06 08 01   2040           0     4     0     3  -2.50 296.90 -43.50  86.20 0.6920 0 0
s 1888 03 19 06 08 01   2040     1     0     4     0     3  -2.50 296.90 -43.50  86.20 0.6920 0 0
d 1888 03 20 04 09 00 GREE            15    80    29   154 2410716.67292 -25.44  -6.97
g 1888 03 20 04 09 00   2037          15    80    29   154   3.10  42.60  74.30 275.10 0.9650 0 4
s 1888 03 20 04 09 00   2037     1    15    80    29   154   3.10  42.60  74.30 275.10 0.9650 0 4
d 1888 03 21 11 09 01 GREE             0    39     0    65 2410717.96459 -25.59  -6.93
g 1888 03 21 11 09 01   2041           0    39     0    65 -10.10 238.20 -73.20  98.40 0.9530 0 8
s 1888 03 21 11 09 01   2041     1     0    39     0    65 -10.10 238.20 -73.20  98.40 0.9530 0 8
d 1888 03 22 03 36 00 GREE             8    71    10    82 2410718.65000 -25.66  -6.90
g 1888 03 22 03 36 00   2041           8    71    10    82 -10.00 237.50 -64.80  97.80 0.8990 0 8
s 1888 03 22 03 36 00   2041     1     8    71    10    82 -10.00 237.50 -64.80  97.80 0.8990 0 8
d 1888 03 23 04 12 00 GREE             8    99     7    79 2410719.67500 -25.77  -6.86
g 1888 03 23 04 12 00   2041           8    99     7    79  -9.90 237.40 -51.40  97.30 0.7760 0 8
s 1888 03 23 04 12 00   2041     1     8    99     7    79  -9.90 237.40 -51.40  97.30 0.7760 0 8
d 1888 03 24 12 00 00 GREE             0     0     0     0 2410721.00000 -25.90  -6.81
d 1888 03 25 05 29 01 GREE             0     5     0     3 2410721.72848 -25.96  -6.77
g 1888 03 25 05 29 01   2042           0     5     0     3  -4.60 299.00  37.30 271.30 0.6070 0 0
s 1888 03 25 05 29 01   2042     1     0     5     0     3  -4.60 299.00  37.30 271.30 0.6070 0 0
d 1888 03 26 09 36 00 GREE             0     0     0     0 2410722.90000 -26.06  -6.72
d 1888 03 27 04 48 00 GREE             0     0     0     0 2410723.70000 -26.12  -6.68
d 1888 03 28 14 24 00 GREE             0     0     0     0 2410725.10000 -26.21  -6.61
d 1888 03 29 09 36 00 GREE             0     0     0     0 2410725.90000 -26.26  -6.57
d 1888 03 30 04 48 00 GREE             0     0     0     0 2410726.70000 -26.30  -6.53
d 1888 03 31 03 51 01 GREE             0    11     0     7 2410727.66043 -26.34  -6.47
g 1888 03 31 03 51 01   2043           0    11     0     7  -1.00 142.20 -41.30  84.10 0.6660 0 0
s 1888 03 31 03 51 01   2043     1     0    11     0     7  -1.00 142.20 -41.30  84.10 0.6660 0 0
d 1888 04 01 09 56 00 GREE             0    41     0    23 2410728.91389 -26.39  -6.40
g 1888 04 01 09 56 00   2044           0    41     0    23   7.30 145.50 -21.40  57.70 0.4280 0 2
s 1888 04 01 09 56 00   2044     1     0    41     0    23   7.30 145.50 -21.40  57.70 0.4280 0 2
d 1888 04 02 03 44 01 GREE             0    32     0    17 2410729.65557 -26.42  -6.36
g 1888 04 02 03 44 01   2044           0    32     0    17   7.30 145.70 -11.40  40.10 0.3050 0 2
s 1888 04 02 03 44 01   2044     1     0    32     0    17   7.30 145.70 -11.40  40.10 0.3050 0 2
d 1888 04 03 10 30 01 GREE            15    91     8    48 2410730.93751 -26.45  -6.28
g 1888 04 03 10 30 01   2045          15    91     8    48   2.80 124.70 -15.50  60.00 0.3080 0 2
s 1888 04 03 10 30 01   2045     1    15    91     8    48   2.80 124.70 -15.50  60.00 0.3080 0 2
d 1888 04 04 14 48 00 GREE             0    35     0    18 2410732.11667 -26.47  -6.21
g 1888 04 04 14 48 00   2045           0    35     0    18   2.80 124.90   0.20 358.70 0.1560 0 2
s 1888 04 04 14 48 00   2045     1     0    35     0    18   2.80 124.90   0.20 358.70 0.1560 0 2
d 1888 04 05 10 52 00 GREE             1    15     1     8 2410732.95278 -26.47  -6.15
g 1888 04 05 10 52 00   2045           1    15     1     8   3.20 125.00  11.40 308.90 0.2540 0 0
s 1888 04 05 10 52 00   2045     1     1    15     1     8   3.20 125.00  11.40 308.90 0.2540 0 0
d 1888 04 06 09 36 00 GREE             0     0     0     0 2410733.90000 -26.47  -6.09
d 1888 04 07 14 24 00 GREE             0     0     0     0 2410735.10000 -26.47  -6.01
d 1888 04 08 16 48 00 GREE             0     0     0     0 2410736.20000 -26.45  -5.93
d 1888 04 09 07 12 00 GREE             0     0     0     0 2410736.80000 -26.44  -5.88
d 1888 04 10 09 36 00 GREE             0     0     0     0 2410737.90000 -26.41  -5.80
d 1888 04 11 07 12 00 GREE             0     0     0     0 2410738.80000 -26.38  -5.74
d 1888 04 12 07 12 00 GREE             0     0     0     0 2410739.80000 -26.34  -5.66
d 1888 04 13 12 00 00 GREE             0     0     0     0 2410741.00000 -26.28  -5.57
d 1888 04 14 12 00 00 GREE             0     0     0     0 2410742.00000 -26.22  -5.49
d 1888 04 15 12 00 00 GREE             0     0     0     0 2410743.00000 -26.15  -5.40
d 1888 04 16 09 44 01 GREE             0    10     0    20 2410743.90557 -26.09  -5.33
g 1888 04 16 09 44 01   2046           0    10     0    20  -5.50 254.10 -74.90  94.30 0.9640 0 0
s 1888 04 16 09 44 01   2046     1     0    10     0    20  -5.50 254.10 -74.90  94.30 0.9640 0 0
d 1888 04 17 11 26 01 GREE             2    12     2    12 2410744.97640 -26.00  -5.24
g 1888 04 17 11 26 01   2046           2    12     2    12  -5.70 255.60 -59.30  93.50 0.8570 0 0
s 1888 04 17 11 26 01   2046     1     2    12     2    12  -5.70 255.60 -59.30  93.50 0.8570 0 0
d 1888 04 18 10 39 00 GREE             0    16     0    15 2410745.94375 -25.92  -5.15
g 1888 04 18 10 39 00   2047           0    16     0    15  -6.70 243.50 -58.60  94.70 0.8530 0 0
s 1888 04 18 10 39 00   2047     1     0    16     0    15  -6.70 243.50 -58.60  94.70 0.8530 0 0
d 1888 04 19 12 00 00 GREE             0     0     0     0 2410747.00000 -25.82  -5.06
d 1888 04 20 14 24 00 GREE             0     0     0     0 2410748.10000 -25.71  -4.96
d 1888 04 21 11 28 00 GREE             4    28     9    62 2410748.97778 -25.61  -4.88
g 1888 04 21 11 28 00   2048           4    28     9    62  -3.00 185.10 -76.90  91.90 0.9730 0 0
s 1888 04 21 11 28 00   2048     1     4    28     9    62  -3.00 185.10 -76.90  91.90 0.9730 0 0
d 1888 04 22 03 47 01 GREE             9    52    13    72 2410749.65765 -25.53  -4.82
g 1888 04 22 03 47 01   2048           9    52    13    72  -2.80 184.20 -68.80  91.10 0.9310 0 0
s 1888 04 22 03 47 01   2048     1     9    52    13    72  -2.80 184.20 -68.80  91.10 0.9310 0 0
d 1888 04 23 07 01 01 GREE            11    57    10    49 2410750.79237 -25.39  -4.72
g 1888 04 23 07 01 01   2048          11    57    10    49  -2.50 184.10 -53.90  90.30 0.8070 0 0
s 1888 04 23 07 01 01   2048     1    11    57    10    49  -2.50 184.10 -53.90  90.30 0.8070 0 0
d 1888 04 24 07 19 00 GREE            24   131    25   161 2410751.80486 -25.26  -4.62
g 1888 04 24 07 19 00   2048          15    56    10    37  -2.50 184.10 -40.60  91.50 0.6500 0 0
s 1888 04 24 07 19 00   2048     1    15    56    10    37  -2.50 184.10 -40.60  91.50 0.6500 0 0
g 1888 04 24 07 19 00   2049           9    75    15   124 -13.30 151.90 -72.80 102.50 0.9520 0 3
s 1888 04 24 07 19 00   2049     1     9    75    15   124 -13.30 151.90 -72.80 102.50 0.9520 0 3
d 1888 04 25 15 01 00 GREE            25   117    20    98 2410753.12569 -25.08  -4.50
g 1888 04 25 15 01 00   2048           9    27     5    15  -3.10 184.10 -23.10  92.70 0.3920 0 0
s 1888 04 25 15 01 00   2048     1     9    27     5    15  -3.10 184.10 -23.10  92.70 0.3920 0 0
g 1888 04 25 15 01 00   2049          13    66    11    56 -13.50 153.70 -53.50 103.50 0.8040 0 2
s 1888 04 25 15 01 00   2049     1    13    66    11    56 -13.50 153.70 -53.50 103.50 0.8040 0 2
g 1888 04 25 15 01 00   2050           3    24     4    27  -2.40 143.80 -63.40  90.40 0.8930 0 0
s 1888 04 25 15 01 00   2050     1     3    24     4    27  -2.40 143.80 -63.40  90.40 0.8930 0 0
d 1888 04 26 12 46 00 GREE            17   102    11    69 2410754.03194 -24.94  -4.41
g 1888 04 26 12 46 00   2048           7    17     4     9  -3.10 184.10 -11.20  83.70 0.1950 0 0
s 1888 04 26 12 46 00   2048     1     7    17     4     9  -3.10 184.10 -11.20  83.70 0.1950 0 0
g 1888 04 26 12 46 00   2049          10    71     7    48 -13.60 154.00 -41.30 105.50 0.6660 0 3
s 1888 04 26 12 46 00   2049     1    10    71     7    48 -13.60 154.00 -41.30 105.50 0.6660 0 3
g 1888 04 26 12 46 00   2050           0    14     0    12  -2.20 143.90 -51.40  90.70 0.7810 0 2
s 1888 04 26 12 46 00   2050     1     0    14     0    12  -2.20 143.90 -51.40  90.70 0.7810 0 2
d 1888 04 27 17 00 01 GREE            17   114    11    65 2410755.20834 -24.76  -4.29
g 1888 04 27 17 00 01   2048           3    19     2    10  -2.90 184.20   4.60 286.60 0.0840 0 0
s 1888 04 27 17 00 01   2048     1     3    19     2    10  -2.90 184.20   4.60 286.60 0.0840 0 0
g 1888 04 27 17 00 01   2049           8    74     5    42 -13.30 153.40 -26.20 110.90 0.4600 0 1
s 1888 04 27 17 00 01   2049     1     8    74     5    42 -13.30 153.40 -26.20 110.90 0.4600 0 1
g 1888 04 27 17 00 01   2050           6    21     4    13  -1.00 145.00 -34.60  85.60 0.5690 0 0
s 1888 04 27 17 00 01   2050     1     6    21     4    13  -1.00 145.00 -34.60  85.60 0.5690 0 0
d 1888 04 28 02 45 01 GREE             0    40     0    26 2410755.61459 -24.70  -4.25
g 1888 04 28 02 45 01   2049           0    16     0     9 -13.30 154.00 -20.30 115.70 0.3750 0 1
s 1888 04 28 02 45 01   2049     1     0    16     0     9 -13.30 154.00 -20.30 115.70 0.3750 0 1
g 1888 04 28 02 45 01   2050           0    21     0    12  -1.00 145.50 -28.80  84.40 0.4840 0 0
s 1888 04 28 02 45 01   2050     1     0    21     0    12  -1.00 145.50 -28.80  84.40 0.4840 0 0
g 1888 04 28 02 45 01   2051           0     3     0     5  -7.50 247.40  73.10 263.40 0.9560 0 0
s 1888 04 28 02 45 01   2051     1     0     3     0     5  -7.50 247.40  73.10 263.40 0.9560 0 0
d 1888 04 29 04 01 01 GREE             1    32     1    17 2410756.66737 -24.52  -4.15
g 1888 04 29 04 01 01   2049           1     9     1     5 -12.70 153.40  -6.90 142.00 0.1900 0 1
s 1888 04 29 04 01 01   2049     1     1     9     1     5 -12.70 153.40  -6.90 142.00 0.1900 0 1
g 1888 04 29 04 01 01   2050           0    23     0    12  -1.00 145.70 -14.60  78.20 0.2570 0 0
s 1888 04 29 04 01 01   2050     1     0    23     0    12  -1.00 145.70 -14.60  78.20 0.2570 0 0
d 1888 04 30 12 00 00 GREE             0     0     0     0 2410758.00000 -24.29  -4.01
d 1888 05 01 09 36 00 GREE             0     0     0     0 2410758.90000 -24.13  -3.92
d 1888 05 02 04 48 00 GREE             0     0     0     0 2410759.70000 -23.98  -3.84
d 1888 05 03 07 12 00 GREE             0     0     0     0 2410760.80000 -23.76  -3.72
d 1888 05 04 12 00 00 GREE             0     0     0     0 2410762.00000 -23.52  -3.59
d 1888 05 05 09 36 00 GREE             0     0     0     0 2410762.90000 -23.33  -3.50
d 1888 05 07 14 24 00 GREE             0     0     0     0 2410765.10000 -22.84  -3.26
d 1888 05 08 12 00 00 GREE             0     0     0     0 2410766.00000 -22.63  -3.16
d 1888 05 09 09 36 00 GREE             0     0     0     0 2410766.90000 -22.42  -3.06
d 1888 05 10 14 24 00 GREE             0     0     0     0 2410768.10000 -22.12  -2.93
d 1888 05 11 13 48 00 GREE            26   112    89   380 2410769.07500 -21.87  -2.82
g 1888 05 11 13 48 00   2052          26   112    89   380  -7.50 274.40 -81.90  97.20 0.9890 0 5
s 1888 05 11 13 48 00   2052     1    26   112    89   380  -7.50 274.40 -81.90  97.20 0.9890 0 5
d 1888 05 12 10 42 00 GREE            64   292   103   464 2410769.94583 -21.65  -2.72
g 1888 05 12 10 42 00   2052          64   292   103   464  -7.80 272.90 -71.90  97.30 0.9490 0 5
s 1888 05 12 10 42 00   2052     1    64   292   103   464  -7.80 272.90 -71.90  97.30 0.9490 0 5
d 1888 05 13 11 45 01 GREE           131   764   129   752 2410770.98959 -21.37  -2.60
g 1888 05 13 11 45 01   2052         131   764   129   752  -8.30 271.50 -59.50  98.10 0.8610 0 5
s 1888 05 13 11 45 01   2052     1   131   764   129   752  -8.30 271.50 -59.50  98.10 0.8610 0 5
d 1888 05 14 10 30 01 GREE           156  1062   116   786 2410771.93751 -21.11  -2.50
g 1888 05 14 10 30 01   2052         156  1062   116   786  -8.30 271.10 -47.40  99.00 0.7370 0 5
s 1888 05 14 10 30 01   2052     1   156  1062   116   786  -8.30 271.10 -47.40  99.00 0.7370 0 5
d 1888 05 15 14 26 01 GREE           164  1076    97   635 2410773.10140 -20.79  -2.36
g 1888 05 15 14 26 01   2052         164  1076    97   635  -8.30 271.40 -31.70 101.80 0.5310 0 5
s 1888 05 15 14 26 01   2052     1   164  1076    97   635  -8.30 271.40 -31.70 101.80 0.5310 0 5
d 1888 05 16 07 06 00 GREE           218  1114   119   606 2410773.79583 -20.59  -2.28
g 1888 05 16 07 06 00   2052         218  1114   119   606  -8.10 271.40 -22.50 105.40 0.3930 0 5
s 1888 05 16 07 06 00   2052     1   218  1114   119   606  -8.10 271.40 -22.50 105.40 0.3930 0 5
d 1888 05 17 07 12 00 GREE           177   866    90   440 2410774.80000 -20.29  -2.17
g 1888 05 17 07 12 00   2052         177   866    90   440  -8.20 272.30  -8.30 126.30 0.1770 0 5
s 1888 05 17 07 12 00   2052     1   177   866    90   440  -8.20 272.30  -8.30 126.30 0.1770 0 5
d 1888 05 18 12 12 01 GREE           137   688    70   350 2410776.00834 -19.93  -2.03
g 1888 05 18 12 12 01   2052         137   688    70   350  -7.90 273.40   8.70 235.90 0.1810 0 4
s 1888 05 18 12 12 01   2052     1   137   688    70   350  -7.90 273.40   8.70 235.90 0.1810 0 4
d 1888 05 19 05 18 00 GREE           132   687    70   364 2410776.72083 -19.72  -1.94
g 1888 05 19 05 18 00   2052         132   687    70   364  -7.70 273.50  18.30 251.70 0.3280 0 4
s 1888 05 19 05 18 00   2052     1   132   687    70   364  -7.70 273.50  18.30 251.70 0.3280 0 4
d 1888 05 20 13 20 01 GREE            95   525    61   334 2410778.05557 -19.30  -1.79
g 1888 05 20 13 20 01   2052          95   525    61   334  -7.10 275.50  37.90 260.80 0.6180 0 4
s 1888 05 20 13 20 01   2052     1    95   525    61   334  -7.10 275.50  37.90 260.80 0.6180 0 4
d 1888 05 21 13 20 01 GREE            50   337    40   270 2410779.05557 -18.98  -1.67
g 1888 05 21 13 20 01   2052          50   337    40   270  -7.30 275.50  51.10 262.00 0.7800 0 4
s 1888 05 21 13 20 01   2052     1    50   337    40   270  -7.30 275.50  51.10 262.00 0.7800 0 4
d 1888 05 22 03 36 00 GREE            41   222    41   222 2410779.65000 -18.79  -1.60
g 1888 05 22 03 36 00   2052          41   222    41   222  -7.80 276.30  59.80 261.90 0.8650 0 4
s 1888 05 22 03 36 00   2052     1    41   222    41   222  -7.80 276.30  59.80 261.90 0.8650 0 4
d 1888 05 23 09 38 01 GREE             6    69    15   151 2410780.90140 -18.38  -1.45
g 1888 05 23 09 38 01   2052           6    69    15   151  -7.40 276.70  76.80 262.70 0.9730 0 4
s 1888 05 23 09 38 01   2052     1     6    69    15   151  -7.40 276.70  76.80 262.70 0.9730 0 4
d 1888 05 24 12 00 00 GREE             0     0     0     0 2410782.00000 -18.01  -1.32
d 1888 05 25 12 00 00 GREE             0     0     0     0 2410783.00000 -17.67  -1.20
d 1888 05 26 04 48 00 GREE             0     0     0     0 2410783.70000 -17.43  -1.12
d 1888 05 27 12 00 00 GREE             0     0     0     0 2410785.00000 -16.97  -0.96
d 1888 05 28 02 24 00 GREE             0     0     0     0 2410785.60000 -16.76  -0.89
d 1888 05 29 14 24 00 GREE             0     0     0     0 2410787.10000 -16.22  -0.71
d 1888 05 30 14 24 00 GREE             0     0     0     0 2410788.10000 -15.85  -0.59
d 1888 05 31 09 36 00 GREE             0     0     0     0 2410788.90000 -15.55  -0.49
d 1888 06 01 12 00 00 GREE             0     0     0     0 2410790.00000 -15.14  -0.36
d 1888 06 02 12 00 00 GREE             0     0     0     0 2410791.00000 -14.75  -0.24
d 1888 06 03 12 00 00 GREE             0     0     0     0 2410792.00000 -14.37  -0.12
d 1888 06 04 14 24 00 GREE             0     0     0     0 2410793.10000 -13.94   0.02
d 1888 06 05 07 12 00 GREE             0     0     0     0 2410793.80000 -13.66   0.10
d 1888 06 06 07 12 00 GREE             0     0     0     0 2410794.80000 -13.26   0.22
d 1888 06 07 09 36 00 GREE             0     0     0     0 2410795.90000 -12.81   0.35
d 1888 06 08 04 48 00 GREE             0     0     0     0 2410796.70000 -12.49   0.45
d 1888 06 09 04 03 00 GREE            22   125    15    83 2410797.66875 -12.09   0.57
g 1888 06 09 04 03 00   2053          22   125    15    83  -4.60 297.30 -40.60  97.70 0.6550 0 5
s 1888 06 09 04 03 00   2053     1    22   125    15    83  -4.60 297.30 -40.60  97.70 0.6550 0 5
d 1888 06 10 13 33 01 GREE             7   145     4    78 2410799.06459 -11.51   0.73
g 1888 06 10 13 33 01   2053           7   145     4    78  -4.40 298.80 -20.80 104.00 0.3650 0 5
s 1888 06 10 13 33 01   2053     1     7   145     4    78  -4.40 298.80 -20.80 104.00 0.3650 0 5
d 1888 06 11 10 43 01 GREE             9   116     5    59 2410799.94654 -11.14   0.84
g 1888 06 11 10 43 01   2053           9   116     5    59  -4.60 300.20  -7.60 126.00 0.1630 0 5
s 1888 06 11 10 43 01   2053     1     9   116     5    59  -4.60 300.20  -7.60 126.00 0.1630 0 5
d 1888 06 12 10 24 01 GREE            11   156     6    79 2410800.93334 -10.72   0.96
g 1888 06 12 10 24 01   2053          11   156     6    79  -4.50 301.10   6.30 228.80 0.1450 0 5
s 1888 06 12 10 24 01   2053     1    11   156     6    79  -4.50 301.10   6.30 228.80 0.1450 0 5
d 1888 06 13 10 48 00 GREE             0    50     0    27 2410801.95000 -10.29   1.08
g 1888 06 13 10 48 00   2053           0    50     0    27  -4.50 300.70  19.30 253.70 0.3430 0 5
s 1888 06 13 10 48 00   2053     1     0    50     0    27  -4.50 300.70  19.30 253.70 0.3430 0 5
d 1888 06 14 15 46 00 GREE            12    78     8    51 2410803.15694  -9.77   1.22
g 1888 06 14 15 46 00   2053          12    78     8    51  -4.80 304.40  39.10 261.00 0.6360 0 5
s 1888 06 14 15 46 00   2053     1    12    78     8    51  -4.80 304.40  39.10 261.00 0.6360 0 5
d 1888 06 15 03 27 00 GREE            29   130    18    78 2410803.64375  -9.56   1.28
g 1888 06 15 03 27 00   2053          12    50     9    37  -4.30 305.30  46.40 262.90 0.7280 0 5
s 1888 06 15 03 27 00   2053     1    12    50     9    37  -4.30 305.30  46.40 262.90 0.7280 0 5
g 1888 06 15 03 27 00   2054          17    80     9    41 -10.50 256.80  -2.10 170.00 0.2080 0 3
s 1888 06 15 03 27 00   2054     1    17    80     9    41 -10.50 256.80  -2.10 170.00 0.2080 0 3
d 1888 06 16 11 47 00 GREE            13    95     7    54 2410804.99097  -8.97   1.44
g 1888 06 16 11 47 00   2053           0     3     0     5  -4.70 307.70  66.60 264.20 0.9190 0 5
s 1888 06 16 11 47 00   2053     1     0     3     0     5  -4.70 307.70  66.60 264.20 0.9190 0 5
g 1888 06 16 11 47 00   2054          13    92     7    49 -10.50 256.60  15.50 231.80 0.3340 0 3
s 1888 06 16 11 47 00   2054     1    13    92     7    49 -10.50 256.60  15.50 231.80 0.3340 0 3
d 1888 06 17 07 55 00 GREE             3    19     2    11 2410805.82986  -8.61   1.54
g 1888 06 17 07 55 00   2054           3    19     2    11 -11.40 254.90  25.00 241.80 0.4700 0 0
s 1888 06 17 07 55 00   2054     1     3    19     2    11 -11.40 254.90  25.00 241.80 0.4700 0 0
d 1888 06 18 05 05 00 GREE             8    29     6    20 2410806.71181  -8.22   1.64
g 1888 06 18 05 05 00   2054           8    29     6    20  -8.60 259.60  41.30 255.30 0.6750 0 2
s 1888 06 18 05 05 00   2054     1     8    29     6    20  -8.60 259.60  41.30 255.30 0.6750 0 2
d 1888 06 19 08 32 01 GREE             8    47     6    41 2410807.85557  -7.72   1.78
g 1888 06 19 08 32 01   2054           4    31     4    30  -9.20 260.90  57.70 258.10 0.8530 0 3
s 1888 06 19 08 32 01   2054     1     4    31     4    30  -9.20 260.90  57.70 258.10 0.8530 0 3
g 1888 06 19 08 32 01   2055           4    16     2    11 -12.70 163.40 -39.50 111.20 0.6720 0 0
s 1888 06 19 08 32 01   2055     1     4    16     2    11 -12.70 163.40 -39.50 111.20 0.6720 0 0
d 1888 06 20 04 48 00 GREE             0     0     0     0 2410808.70000  -7.34   1.88
d 1888 06 21 02 24 00 GREE             0     0     0     0 2410809.60000  -6.94   1.98
d 1888 06 22 14 24 00 GREE             0     0     0     0 2410811.10000  -6.27   2.15
d 1888 06 23 09 36 00 GREE             0     0     0     0 2410811.90000  -5.91   2.24
d 1888 06 24 15 27 00 GREE             9    51     5    26 2410813.14375  -5.35   2.39
g 1888 06 24 15 27 00   2056           9    51     5    26   4.00 136.60   3.40 295.30 0.0650 0 4
s 1888 06 24 15 27 00   2056     1     9    51     5    26   4.00 136.60   3.40 295.30 0.0650 0 4
d 1888 06 25 10 50 01 GREE            11   141     6    73 2410813.95140  -4.98   2.48
g 1888 06 25 10 50 01   2056          11   141     6    73   4.00 137.00  14.60 276.30 0.2530 0 4
s 1888 06 25 10 50 01   2056     1    11   141     6    73   4.00 137.00  14.60 276.30 0.2530 0 4
d 1888 06 26 04 49 00 GREE            16   135     9    76 2410814.70069  -4.64   2.56
g 1888 06 26 04 49 00   2056          16   135     9    76   4.90 139.50  27.00 275.70 0.4550 0 4
s 1888 06 26 04 49 00   2056     1    16   135     9    76   4.90 139.50  27.00 275.70 0.4550 0 4
d 1888 06 27 07 27 01 GREE            20   103    14    70 2410815.81043  -4.14   2.69
g 1888 06 27 07 27 01   2056          20   103    14    70   4.70 140.20  42.30 273.90 0.6720 0 4
s 1888 06 27 07 27 01   2056     1    20   103    14    70   4.70 140.20  42.30 273.90 0.6720 0 4
d 1888 06 28 05 03 01 GREE             6   124     6   109 2410816.71043  -3.73   2.79
g 1888 06 28 05 03 01   2056           6   124     6   109   4.70 141.20  55.30 273.70 0.8210 0 4
s 1888 06 28 05 03 01   2056     1     6   124     6   109   4.70 141.20  55.30 273.70 0.8210 0 4
d 1888 06 29 09 08 01 GREE             4    24     8    40 2410817.88057  -3.19   2.92
g 1888 06 29 09 08 01   2056           4    24     8    40   5.50 143.00  72.50 274.80 0.9530 0 4
s 1888 06 29 09 08 01   2056     1     4    24     8    40   5.50 143.00  72.50 274.80 0.9530 0 4
d 1888 06 30 12 00 00 GREE             0     0     0     0 2410819.00000  -2.68   3.04
d 1888 07 01 07 12 00 GREE             0     0     0     0 2410819.80000  -2.32   3.13
d 1888 07 02 12 00 00 GREE             0     0     0     0 2410821.00000  -1.77   3.26
d 1888 07 03 14 24 00 GREE             0     0     0     0 2410822.10000  -1.26   3.37
d 1888 07 04 09 36 00 GREE             0     0     0     0 2410822.90000  -0.90   3.46
d 1888 07 05 14 24 00 GREE             0     0     0     0 2410824.10000  -0.35   3.59
d 1888 07 06 05 11 00 GREE             6    50     4    41 2410824.71597  -0.07   3.65
g 1888 07 06 05 11 00   2057           6    40     4    26 -11.90  15.30  35.30 245.50 0.6210 0 3
s 1888 07 06 05 11 00   2057     1     6    40     4    26 -11.90  15.30  35.30 245.50 0.6210 0 3
g 1888 07 06 05 11 00   2058           0    10     0    15  -7.10 271.90 -68.10  99.10 0.9320 0 0
s 1888 07 06 05 11 00   2058     1     0    10     0    15  -7.10 271.90 -68.10  99.10 0.9320 0 0
d 1888 07 07 07 58 00 GREE            13    60    11    50 2410825.83194   0.44   3.77
g 1888 07 07 07 58 00   2057          13    54    11    45 -11.50  16.00  50.80 252.50 0.7960 0 2
s 1888 07 07 07 58 00   2057     1    13    54    11    45 -11.50  16.00  50.80 252.50 0.7960 0 2
g 1888 07 07 07 58 00   2058           0     6     0     5  -6.60 273.20 -52.00 101.20 0.7980 0 0
s 1888 07 07 07 58 00   2058     1     0     6     0     5  -6.60 273.20 -52.00 101.20 0.7980 0 0
d 1888 07 08 12 00 00 GREE             0     0     0     0 2410827.00000   0.97   3.89
d 1888 07 09 09 36 00 GREE             0     0     0     0 2410827.90000   1.38   3.98
d 1888 07 10 15 51 01 GREE             0    20     0    11 2410829.16043   1.95   4.10
g 1888 07 10 15 51 01   2059           0    20     0    11  -9.80 267.50 -13.70 135.60 0.3330 0 2
s 1888 07 10 15 51 01   2059     1     0    20     0    11  -9.80 267.50 -13.70 135.60 0.3330 0 2
d 1888 07 11 12 07 00 GREE             0     3     0     2 2410830.00486   2.33   4.19
g 1888 07 11 12 07 00   2059           0     3     0     2 -11.20 264.30  -5.70 159.80 0.2830 0 0
s 1888 07 11 12 07 00   2059     1     0     3     0     2 -11.20 264.30  -5.70 159.80 0.2830 0 0
d 1888 07 12 04 48 00 GREE             0     0     0     0 2410830.70000   2.64   4.25
d 1888 07 13 10 59 01 GREE            16    93     9    52 2410831.95765   3.21   4.38
g 1888 07 13 10 59 01   2059          16    93     9    52 -10.10 266.10  22.00 236.40 0.4430 0 1
s 1888 07 13 10 59 01   2059     1    16    93     9    52 -10.10 266.10  22.00 236.40 0.4430 0 1
d 1888 07 14 04 48 00 GREE             6    85     4    52 2410832.70000   3.54   4.45
g 1888 07 14 04 48 00   2059           6    85     4    52  -9.60 266.30  31.90 246.00 0.5700 0 1
s 1888 07 14 04 48 00   2059     1     6    85     4    52  -9.60 266.30  31.90 246.00 0.5700 0 1
d 1888 07 15 05 31 00 GREE            28   218    21   172 2410833.72986   4.00   4.54
g 1888 07 15 05 31 00   2059          28   207    21   155 -10.00 266.50  45.80 252.10 0.7420 0 1
s 1888 07 15 05 31 00   2059     1    28   207    21   155 -10.00 266.50  45.80 252.10 0.7420 0 1
g 1888 07 15 05 31 00   2060           0    11     0    17   5.60 150.20 -70.50  85.70 0.9410 0 0
s 1888 07 15 05 31 00   2060     1     0    11     0    17   5.60 150.20 -70.50  85.70 0.9410 0 0
d 1888 07 16 04 37 01 GREE            15   168    15   168 2410834.69237   4.43   4.63
g 1888 07 16 04 37 01   2059          15   156    15   156 -10.00 266.40  58.40 255.60 0.8660 0 1
s 1888 07 16 04 37 01   2059     1    15   156    15   156 -10.00 266.40  58.40 255.60 0.8660 0 1
g 1888 07 16 04 37 01   2060           0    12     0    12   5.80 150.30 -57.70  86.10 0.8430 0 0
s 1888 07 16 04 37 01   2060     1     0    12     0    12   5.80 150.30 -57.70  86.10 0.8430 0 0
d 1888 07 17 08 36 01 GREE             9    71    13   110 2410835.85834   4.95   4.74
g 1888 07 17 08 36 01   2059           4    49     9    95 -10.20 266.20  73.60 258.10 0.9650 0 1
s 1888 07 17 08 36 01   2059     1     4    49     9    95 -10.20 266.20  73.60 258.10 0.9650 0 1
g 1888 07 17 08 36 01   2060           5    22     4    15   6.20 150.80 -41.80  86.10 0.6640 0 0
s 1888 07 17 08 36 01   2060     1     5    22     4    15   6.20 150.80 -41.80  86.10 0.6640 0 0
d 1888 07 18 04 48 00 GREE             0     0     0     0 2410836.70000   5.32   4.82
d 1888 07 19 11 54 00 GREE             0    11     0     6 2410837.99583   5.88   4.93
g 1888 07 19 11 54 00   2060           0    11     0     6   6.30 149.90 -14.40  84.10 0.2480 0 0
s 1888 07 19 11 54 00   2060     1     0    11     0     6   6.30 149.90 -14.40  84.10 0.2480 0 0
d 1888 07 20 16 48 00 GREE             0     0     0     0 2410839.20000   6.41   5.04
d 1888 07 21 12 00 00 GREE             0     0     0     0 2410840.00000   6.75   5.11
d 1888 07 22 12 00 00 GREE             0     0     0     0 2410841.00000   7.18   5.19
d 1888 07 23 09 36 00 GREE             0     0     0     0 2410841.90000   7.57   5.27
d 1888 07 24 09 36 00 GREE             0     0     0     0 2410842.90000   8.00   5.35
d 1888 07 25 04 48 00 GREE             0     0     0     0 2410843.70000   8.33   5.42
d 1888 07 26 09 36 00 GREE             0     0     0     0 2410844.90000   8.84   5.51
d 1888 07 27 09 36 00 GREE             0     0     0     0 2410845.90000   9.25   5.59
d 1888 07 28 14 24 00 GREE             0     0     0     0 2410847.10000   9.75   5.68
d 1888 07 29 12 48 01 GREE             0     7     0    12 2410848.03334  10.13   5.75
g 1888 07 29 12 48 01   2061           0     7     0    12  -4.50 319.40 -72.10  96.60 0.9550 0 0
s 1888 07 29 12 48 01   2061     1     0     7     0    12  -4.50 319.40 -72.10  96.60 0.9550 0 0
d 1888 07 30 11 26 01 GREE             0    11     0    12 2410848.97640  10.51   5.82
g 1888 07 30 11 26 01   2061           0    11     0    12  -4.90 319.80 -59.20  99.10 0.8670 0 0
s 1888 07 30 11 26 01   2061     1     0    11     0    12  -4.90 319.80 -59.20  99.10 0.8670 0 0
d 1888 07 31 07 12 00 GREE             0     0     0     0 2410849.80000  10.84   5.88
d 1888 08 01 04 17 01 GREE             7    21     6    18 2410850.67848  11.20   5.94
g 1888 08 01 04 17 01   2062           7    21     6    18  -5.10 305.00 -51.50 101.10 0.7940 0 3
s 1888 08 01 04 17 01   2062     1     7    21     6    18  -5.10 305.00 -51.50 101.10 0.7940 0 3
d 1888 08 02 11 09 01 GREE             0    25     0    16 2410851.96459  11.70   6.03
g 1888 08 02 11 09 01   2062           0    25     0    16  -6.50 304.80 -34.70 109.30 0.5990 0 0
s 1888 08 02 11 09 01   2062     1     0    25     0    16  -6.50 304.80 -34.70 109.30 0.5990 0 0
d 1888 08 03 12 00 00 GREE             0     0     0     0 2410853.00000  12.11   6.10
d 1888 08 04 09 36 00 GREE             0     0     0     0 2410853.90000  12.46   6.16
d 1888 08 05 09 36 00 GREE             0     0     0     0 2410854.90000  12.84   6.22
d 1888 08 06 04 48 00 GREE             0     0     0     0 2410855.70000  13.15   6.27
d 1888 08 07 12 00 00 GREE             0     0     0     0 2410857.00000  13.64   6.35
d 1888 08 08 09 31 01 GREE             5    90     3    48 2410857.89654  13.97   6.40
g 1888 08 08 09 31 01   2063           5    90     3    48  -8.30 274.20  13.20 222.00 0.3380 0 2
s 1888 08 08 09 31 01   2063     1     5    90     3    48  -8.30 274.20  13.20 222.00 0.3380 0 2
d 1888 08 09 10 00 00 GREE            10    57     6    34 2410858.91667  14.34   6.46
g 1888 08 09 10 00 00   2063          10    57     6    34  -7.90 275.80  28.20 243.30 0.5240 0 2
s 1888 08 09 10 00 00   2063     1    10    57     6    34  -7.90 275.80  28.20 243.30 0.5240 0 2
d 1888 08 10 09 48 01 GREE             0     2     0     2 2410859.90834  14.70   6.51
g 1888 08 10 09 48 01   2063           0     2     0     2  -8.00 273.50  39.00 250.10 0.6630 0 0
s 1888 08 10 09 48 01   2063     1     0     2     0     2  -8.00 273.50  39.00 250.10 0.6630 0 0
d 1888 08 11 04 48 00 GREE             0     0     0     0 2410860.70000  14.99   6.55
d 1888 08 12 15 00 00 GREE             5    50     6    58 2410862.12500  15.49   6.62
g 1888 08 12 15 00 00   2064           5    50     6    58  -3.00 141.50 -63.70  96.60 0.9010 0 8
s 1888 08 12 15 00 00   2064     1     5    50     6    58  -3.00 141.50 -63.70  96.60 0.9010 0 8
d 1888 08 13 09 38 01 GREE             9    58     8    49 2410862.90140  15.76   6.66
g 1888 08 13 09 38 01   2064           9    58     8    49  -2.80 142.30 -52.60  98.60 0.8020 0 8
s 1888 08 13 09 38 01   2064     1     9    58     8    49  -2.80 142.30 -52.60  98.60 0.8020 0 8
d 1888 08 14 15 18 01 GREE             6    36     4    22 2410864.13751  16.19   6.72
g 1888 08 14 15 18 01   2064           6    36     4    22  -2.30 144.80 -33.80 103.80 0.5720 0 0
s 1888 08 14 15 18 01   2064     1     6    36     4    22  -2.30 144.80 -33.80 103.80 0.5720 0 0
d 1888 08 15 15 05 01 GREE             9    27     5    15 2410865.12848  16.53   6.76
g 1888 08 15 15 05 01   2064           9    27     5    15  -2.30 145.50 -20.00 113.80 0.3740 0 0
s 1888 08 15 15 05 01   2064     1     9    27     5    15  -2.30 145.50 -20.00 113.80 0.3740 0 0
d 1888 08 16 09 44 01 GREE             0    40     0    21 2410865.90557  16.79   6.80
g 1888 08 16 09 44 01   2064           0    40     0    21  -2.90 144.30 -10.90 131.40 0.2520 0 1
s 1888 08 16 09 44 01   2064     1     0    40     0    21  -2.90 144.30 -10.90 131.40 0.2520 0 1
d 1888 08 17 04 48 00 GREE             0     0     0     0 2410866.70000  17.05   6.83
d 1888 08 18 13 16 00 GREE             0    13     0     7 2410868.05278  17.49   6.88
g 1888 08 18 13 16 00   2064           0    13     0     7  -2.00 145.10  18.30 244.70 0.3470 0 0
s 1888 08 18 13 16 00   2064     1     0    13     0     7  -2.00 145.10  18.30 244.70 0.3470 0 0
d 1888 08 19 04 48 00 GREE             0     0     0     0 2410868.70000  17.70   6.91
d 1888 08 20 07 12 00 GREE             0     0     0     0 2410869.80000  18.05   6.95
d 1888 08 21 14 31 00 GREE            24    96    22    87 2410871.10486  18.46   6.99
g 1888 08 21 14 31 00   2064          24    96    22    87  -2.70 142.20  55.70 262.00 0.8330 0 2
s 1888 08 21 14 31 00   2064     1    24    96    22    87  -2.70 142.20  55.70 262.00 0.8330 0 2
d 1888 08 22 10 32 00 GREE             8    49    11    64 2410871.93889  18.71   7.02
g 1888 08 22 10 32 00   2064           8    49    11    64  -3.00 142.30  66.80 263.80 0.9230 0 3
s 1888 08 22 10 32 00   2064     1     8    49    11    64  -3.00 142.30  66.80 263.80 0.9230 0 3
d 1888 08 23 04 48 00 GREE             0     0     0     0 2410872.70000  18.94   7.04
d 1888 08 24 09 36 00 GREE             0     0     0     0 2410873.90000  19.30   7.07
d 1888 08 25 11 41 00 GREE             0    23     0    12 2410874.98681  19.61   7.10
g 1888 08 25 11 41 00   2065           0    23     0    12   7.50  33.00  -2.20  79.50 0.0390 0 2
s 1888 08 25 11 41 00   2065     1     0    23     0    12   7.50  33.00  -2.20  79.50 0.0390 0 2
d 1888 08 26 07 16 00 GREE             0    73     0    37 2410875.80278  19.85   7.12
g 1888 08 26 07 16 00   2065           0    73     0    37   7.50  32.30   7.90 273.40 0.1370 0 2
s 1888 08 26 07 16 00   2065     1     0    73     0    37   7.50  32.30   7.90 273.40 0.1370 0 2
d 1888 08 27 06 30 00 GREE            22    89    12    48 2410876.77083  20.12   7.14
g 1888 08 27 06 30 00   2065          22    89    12    48   7.60  32.90  21.30 272.70 0.3600 0 2
s 1888 08 27 06 30 00   2065     1    22    89    12    48   7.60  32.90  21.30 272.70 0.3600 0 2
d 1888 08 28 03 51 01 GREE             1   109     1   260 2410877.66043  20.36   7.16
g 1888 08 28 03 51 01   2065           1    52     1    31   7.40  32.60  32.70 272.50 0.5360 0 2
s 1888 08 28 03 51 01   2065     1     1    52     1    31   7.40  32.60  32.70 272.50 0.5360 0 2
g 1888 08 28 03 51 01   2066           0    57     0   229  -5.50 277.80 -82.10  96.50 0.9920 0 3
s 1888 08 28 03 51 01   2066     1     0    57     0   229  -5.50 277.80 -82.10  96.50 0.9920 0 3
d 1888 08 29 11 31 00 GREE            47   260    59   325 2410878.97986  20.72   7.18
g 1888 08 29 11 31 00   2066          47   260    59   325  -5.30 277.20 -65.30  99.00 0.9160 0 3
s 1888 08 29 11 31 00   2066     1    47   260    59   325  -5.30 277.20 -65.30  99.00 0.9160 0 3
d 1888 08 30 10 29 00 GREE            82   549    71   475 2410879.93681  20.97   7.20
g 1888 08 30 10 29 00   2066          66   476    58   416  -5.30 276.00 -53.80 101.60 0.8200 0 3
s 1888 08 30 10 29 00   2066     1    66   476    58   416  -5.30 276.00 -53.80 101.60 0.8200 0 3
g 1888 08 30 10 29 00   2067          16    73    13    59 -10.60  18.30  48.50 250.30 0.7820 0 3
s 1888 08 30 10 29 00   2067     1    16    73    13    59 -10.60  18.30  48.50 250.30 0.7820 0 3
d 1888 08 31 10 09 00 GREE            89   649    57   425 2410880.92292  21.23   7.21
g 1888 08 31 10 09 00   2066          84   622    55   403  -5.70 276.40 -40.20 106.60 0.6350 0 3
s 1888 08 31 10 09 00   2066     1    84   622    55   403  -5.70 276.40 -40.20 106.60 0.6350 0 3
g 1888 08 31 10 09 00   2067           0     8     0    12  -8.80  20.60  64.00 257.60 0.9310 0 2
s 1888 08 31 10 09 00   2067     1     0     8     0    12  -8.80  20.60  64.00 257.60 0.9310 0 2
g 1888 08 31 10 09 00   2068           5    19     2    10  -3.30 301.70 -14.90 124.50 0.2730 0 2
s 1888 08 31 10 09 00   2068     1     5    19     2    10  -3.30 301.70 -14.90 124.50 0.2730 0 2
d 1888 09 01 12 05 01 GREE            80   651    46   373 2410882.00348  21.50   7.22
g 1888 09 01 12 05 01   2066          80   651    46   373  -5.50 276.40 -26.20 115.20 0.4860 0 1
s 1888 09 01 12 05 01   2066     1    80   651    46   373  -5.50 276.40 -26.20 115.20 0.4860 0 1
d 1888 09 02 04 49 00 GREE            57   535    31   287 2410882.70069  21.67   7.23
g 1888 09 02 04 49 00   2066          57   535    31   287  -5.70 276.50 -16.80 127.20 0.3610 0 1
s 1888 09 02 04 49 00   2066     1    57   535    31   287  -5.70 276.50 -16.80 127.20 0.3610 0 1
d 1888 09 03 14 13 01 GREE            66   533    34   274 2410884.09237  22.01   7.24
g 1888 09 03 14 13 01   2066          66   533    34   274  -5.70 276.30   1.40 186.20 0.2250 0 1
s 1888 09 03 14 13 01   2066     1    66   533    34   274  -5.70 276.30   1.40 186.20 0.2250 0 1
d 1888 09 04 10 13 00 GREE            60   419    32   221 2410884.92569  22.21   7.25
g 1888 09 04 10 13 00   2066          60   419    32   221  -6.20 276.40  12.50 223.20 0.3140 0 1
s 1888 09 04 10 13 00   2066     1    60   419    32   221  -6.20 276.40  12.50 223.20 0.3140 0 1
d 1888 09 05 09 08 01 GREE            49   316    28   180 2410885.88057  22.42   7.25
g 1888 09 05 09 08 01   2066          49   316    28   180  -6.20 276.30  25.00 242.20 0.4750 0 1
s 1888 09 05 09 08 01   2066     1    49   316    28   180  -6.20 276.30  25.00 242.20 0.4750 0 1
d 1888 09 06 15 02 01 GREE            51   282    52   271 2410887.12640  22.70   7.25
g 1888 09 06 15 02 01   2066          30   178    21   124  -6.80 276.70  41.90 252.30 0.6960 0 1
s 1888 09 06 15 02 01   2066     1    30   178    21   124  -6.80 276.70  41.90 252.30 0.6960 0 1
g 1888 09 06 15 02 01   2069           8    40     6    30  -1.00 187.30 -47.50  98.00 0.7440 0 2
s 1888 09 06 15 02 01   2069     1     8    40     6    30  -1.00 187.30 -47.50  98.00 0.7440 0 2
g 1888 09 06 15 02 01   2070          13    64    25   117 -14.40 163.40 -71.40 107.30 0.9610 0 3
s 1888 09 06 15 02 01   2070     1    13    64    25   117 -14.40 163.40 -71.40 107.30 0.9610 0 3
d 1888 09 07 11 57 00 GREE            44   240    41   223 2410887.99792  22.89   7.25
g 1888 09 07 11 57 00   2066          17   119    15   105  -7.10 276.80  53.50 256.10 0.8220 0 0
s 1888 09 07 11 57 00   2066     1    17   119    15   105  -7.10 276.80  53.50 256.10 0.8220 0 0
g 1888 09 07 11 57 00   2069          12    42     8    27  -0.20 186.40 -36.90  99.90 0.6100 0 3
s 1888 09 07 11 57 00   2069     1    12    42     8    27  -0.20 186.40 -36.90  99.90 0.6100 0 3
g 1888 09 07 11 57 00   2070          15    79    18    91 -14.60 162.60 -60.70 110.20 0.8990 0 3
s 1888 09 07 11 57 00   2070     1    15    79    18    91 -14.60 162.60 -60.70 110.20 0.8990 0 3
d 1888 09 08 04 52 00 GREE            56   229    52   226 2410888.70278  23.04   7.25
g 1888 09 08 04 52 00   2066          23   111    27   130  -7.20 277.10  63.10 258.40 0.9030 0 0
s 1888 09 08 04 52 00   2066     1    23   111    27   130  -7.20 277.10  63.10 258.40 0.9030 0 0
g 1888 09 08 04 52 00   2069          17    33    10    19   0.30 186.70 -27.30 103.00 0.4710 0 3
s 1888 09 08 04 52 00   2069     1    17    33    10    19   0.30 186.70 -27.30 103.00 0.4710 0 3
g 1888 09 08 04 52 00   2070          16    85    15    77 -14.70 161.90 -52.10 113.20 0.8300 0 3
s 1888 09 08 04 52 00   2070     1    16    85    15    77 -14.70 161.90 -52.10 113.20 0.8300 0 3
d 1888 09 09 15 14 00 GREE            20    98    30   192 2410890.13472  23.34   7.24
g 1888 09 09 15 14 00   2066           5    38    20   153  -6.90 276.70  81.60 262.00 0.9920 0 0
s 1888 09 09 15 14 00   2066     1     5    38    20   153  -6.90 276.70  81.60 262.00 0.9920 0 0
g 1888 09 09 15 14 00   2070          15    60    10    39 -15.10 162.20 -32.90 124.60 0.6370 0 2
s 1888 09 09 15 14 00   2070     1    15    60    10    39 -15.10 162.20 -32.90 124.60 0.6370 0 2
d 1888 09 10 14 13 01 GREE            12    68     7    39 2410891.09237  23.53   7.23
g 1888 09 10 14 13 01   2069           0     5     0     3  -0.40 182.60   0.10 180.80 0.1320 0 0
s 1888 09 10 14 13 01   2069     1     0     5     0     3  -0.40 182.60   0.10 180.80 0.1320 0 0
g 1888 09 10 14 13 01   2070          12    63     7    36 -14.60 165.40 -17.10 142.10 0.4640 0 2
s 1888 09 10 14 13 01   2070     1    12    63     7    36 -14.60 165.40 -17.10 142.10 0.4640 0 2
d 1888 09 11 11 49 01 GREE            18    69    10    38 2410891.99237  23.70   7.22
g 1888 09 11 11 49 01   2070          18    69    10    38 -15.50 161.20  -9.40 157.70 0.4150 0 7
s 1888 09 11 11 49 01   2070     1    18    69    10    38 -15.50 161.20  -9.40 157.70 0.4150 0 7
d 1888 09 12 09 23 00 GREE            46   193    25   105 2410892.89097  23.87   7.21
g 1888 09 12 09 23 00   2070          46   193    25   105 -15.40 161.50   2.80 187.00 0.3870 0 7
s 1888 09 12 09 23 00   2070     1    46   193    25   105 -15.40 161.50   2.80 187.00 0.3870 0 7
d 1888 09 13 10 37 01 GREE            14   118     8    67 2410893.94237  24.06   7.20
g 1888 09 13 10 37 01   2070          14   118     8    67 -14.80 161.70  16.80 217.10 0.4630 0 7
s 1888 09 13 10 37 01   2070     1    14   118     8    67 -14.80 161.70  16.80 217.10 0.4630 0 7
d 1888 09 14 09 59 00 GREE            12    68     8    44 2410894.91597  24.23   7.18
g 1888 09 14 09 59 00   2070          12    68     8    44 -14.60 164.70  32.70 236.00 0.6300 0 7
s 1888 09 14 09 59 00   2070     1    12    68     8    44 -14.60 164.70  32.70 236.00 0.6300 0 7
d 1888 09 15 12 38 01 GREE             0    12     0    11 2410896.02640  24.42   7.16
g 1888 09 15 12 38 01   2070           0    12     0    11 -15.30 168.50  51.20 245.80 0.8240 0 0
s 1888 09 15 12 38 01   2070     1     0    12     0    11 -15.30 168.50  51.20 245.80 0.8240 0 0
d 1888 09 16 04 49 00 GREE             0     1     0     2 2410896.70069  24.53   7.15
g 1888 09 16 04 49 00   2070           0     1     0     2 -15.20 168.50  60.10 249.10 0.8960 0 0
s 1888 09 16 04 49 00   2070     1     0     1     0     2 -15.20 168.50  60.10 249.10 0.8960 0 0
d 1888 09 17 12 00 00 GREE             0     0     0     0 2410898.00000  24.74   7.12
d 1888 09 18 12 00 00 GREE             0     0     0     0 2410899.00000  24.89   7.10
d 1888 09 19 09 36 00 GREE             0     0     0     0 2410899.90000  25.02   7.07
d 1888 09 20 09 36 00 GREE             0     0     0     0 2410900.90000  25.15   7.04
d 1888 09 21 11 11 00 GREE             0    43     0    30 2410901.96597  25.29   7.01
g 1888 09 21 11 11 00   2071           0    43     0    30  -5.70 357.90 -41.00 106.20 0.6800 0 2
s 1888 09 21 11 11 00   2071     1     0    43     0    30  -5.70 357.90 -41.00 106.20 0.6800 0 2
d 1888 09 22 11 35 01 GREE            19    95    11    54 2410902.98265  25.42   6.98
g 1888 09 22 11 35 01   2071          19    95    11    54  -4.90   0.80 -24.70 115.10 0.4600 0 2
s 1888 09 22 11 35 01   2071     1    19    95    11    54  -4.90   0.80 -24.70 115.10 0.4600 0 2
d 1888 09 23 16 29 00 GREE            19   137    10    71 2410904.18681  25.56   6.94
g 1888 09 23 16 29 00   2071          19   137    10    71  -4.90   2.50  -7.10 148.80 0.2380 0 2
s 1888 09 23 16 29 00   2071     1    19   137    10    71  -4.90   2.50  -7.10 148.80 0.2380 0 2
d 1888 09 24 08 09 01 GREE            33   130    17    67 2410904.83959  25.63   6.91
g 1888 09 24 08 09 01   2071          33   130    17    67  -5.10   3.60   2.60 192.30 0.2130 0 0
s 1888 09 24 08 09 01   2071     1    33   130    17    67  -5.10   3.60   2.60 192.30 0.2130 0 0
d 1888 09 25 07 58 00 GREE            18   122    10    65 2410905.83194  25.74   6.88
g 1888 09 25 07 58 00   2071          18   122    10    65  -4.80   4.40  16.50 235.00 0.3450 0 0
s 1888 09 25 07 58 00   2071     1    18   122    10    65  -4.80   4.40  16.50 235.00 0.3450 0 0
d 1888 09 26 03 07 00 GREE            17    71    10    41 2410906.62986  25.82   6.84
g 1888 09 26 03 07 00   2071          17    71    10    41  -4.80   5.00  27.60 247.90 0.4980 0 0
s 1888 09 26 03 07 00   2071     1    17    71    10    41  -4.80   5.00  27.60 247.90 0.4980 0 0
d 1888 09 27 10 06 00 GREE            16    51    12    37 2410907.92083  25.93   6.79
g 1888 09 27 10 06 00   2071          16    51    12    37  -4.20   5.40  45.10 257.50 0.7230 0 0
s 1888 09 27 10 06 00   2071     1    16    51    12    37  -4.20   5.40  45.10 257.50 0.7230 0 0
d 1888 09 28 07 09 00 GREE             0    23     0    21 2410908.79792  26.01   6.75
g 1888 09 28 07 09 00   2071           0    23     0    21  -4.30   4.40  55.60 260.30 0.8350 0 1
s 1888 09 28 07 09 00   2071     1     0    23     0    21  -4.30   4.40  55.60 260.30 0.8350 0 1
d 1888 09 29 03 17 00 GREE             3    16     5    22 2410909.63681  26.07   6.71
g 1888 09 29 03 17 00   2071           3    16     5    22  -3.60   5.70  68.00 263.50 0.9310 0 0
s 1888 09 29 03 17 00   2071     1     3    16     5    22  -3.60   5.70  68.00 263.50 0.9310 0 0
d 1888 09 30 12 00 00 GREE             0     0     0     0 2410911.00000  26.17   6.64
d 1888 10 01 02 24 00 GREE             0     0     0     0 2410911.60000  26.21   6.61
d 1888 10 02 09 36 00 GREE             0     0     0     0 2410912.90000  26.28   6.55
d 1888 10 03 10 19 00 GREE             0    10     0    22 2410913.92986  26.33   6.49
g 1888 10 03 10 19 00   2072           0    10     0    22 -14.50 166.80 -74.10 106.70 0.9730 0 0
s 1888 10 03 10 19 00   2072     1     0    10     0    22 -14.50 166.80 -74.10 106.70 0.9730 0 0
d 1888 10 04 04 48 00 GREE             0     0     0     0 2410914.70000  26.37   6.45
d 1888 10 05 09 36 00 GREE             0     0     0     0 2410915.90000  26.41   6.38
d 1888 10 06 12 00 00 GREE             0     0     0     0 2410917.00000  26.44   6.31
d 1888 10 07 02 24 00 GREE             0     0     0     0 2410917.60000  26.45   6.27
d 1888 10 08 09 36 00 GREE             0     0     0     0 2410918.90000  26.47   6.19
d 1888 10 09 12 00 00 GREE             0     0     0     0 2410920.00000  26.47   6.12
d 1888 10 10 02 24 00 GREE             0     0     0     0 2410920.60000  26.47   6.07
d 1888 10 11 07 12 00 GREE             0     0     0     0 2410921.80000  26.46   5.99
d 1888 10 12 09 36 00 GREE             0     0     0     0 2410922.90000  26.45   5.91
d 1888 10 13 12 00 00 GREE             0     0     0     0 2410924.00000  26.42   5.83
d 1888 10 14 12 00 00 GREE             0     0     0     0 2410925.00000  26.39   5.76
d 1888 10 15 07 12 00 GREE             0     0     0     0 2410925.80000  26.35   5.69
d 1888 10 16 04 48 00 GREE             0     0     0     0 2410926.70000  26.31   5.62
d 1888 10 17 02 24 00 GREE             0     0     0     0 2410927.60000  26.27   5.55
d 1888 10 18 14 24 00 GREE             0     0     0     0 2410929.10000  26.17   5.43
d 1888 10 19 12 00 00 GREE             0     0     0     0 2410930.00000  26.11   5.35
d 1888 10 20 12 00 00 GREE             0     0     0     0 2410931.00000  26.03   5.27
d 1888 10 21 14 24 00 GREE             0     0     0     0 2410932.10000  25.93   5.17
d 1888 10 22 09 36 00 GREE             0     0     0     0 2410932.90000  25.86   5.10
d 1888 10 23 12 00 00 GREE             0     0     0     0 2410934.00000  25.75   5.00
d 1888 10 24 12 00 00 GREE             0     0     0     0 2410935.00000  25.64   4.91
d 1888 10 25 11 24 00 GREE            18    89    13    64 2410935.97500  25.52   4.82
g 1888 10 25 11 24 00   2073          18    89    13    64  -6.70 354.60  44.30 255.80 0.7160 0 3
s 1888 10 25 11 24 00   2073     1    18    89    13    64  -6.70 354.60  44.30 255.80 0.7160 0 3
d 1888 10 26 07 16 00 GREE            15    83    14    74 2410936.80278  25.42   4.74
g 1888 10 26 07 16 00   2073          15    83    14    74  -6.70 354.10  54.70 258.60 0.8270 0 3
s 1888 10 26 07 16 00   2073     1    15    83    14    74  -6.70 354.10  54.70 258.60 0.8270 0 3
d 1888 10 27 12 47 01 GREE            21   108    33   166 2410938.03265  25.26   4.62
g 1888 10 27 12 47 01   2073          21   108    33   166  -6.60 353.40  70.20 261.40 0.9450 0 3
s 1888 10 27 12 47 01   2073     1    21   108    33   166  -6.60 353.40  70.20 261.40 0.9450 0 3
d 1888 10 28 12 00 00 GREE             0     0     0     0 2410939.00000  25.12   4.52
d 1888 10 29 04 48 00 GREE             0     0     0     0 2410939.70000  25.02   4.45
d 1888 10 30 07 12 00 GREE             0     0     0     0 2410940.80000  24.84   4.34
d 1888 10 31 04 48 00 GREE             0     0     0     0 2410941.70000  24.70   4.25
d 1888 11 01 07 12 00 GREE             0     0     0     0 2410942.80000  24.51   4.14
d 1888 11 02 04 48 00 GREE             0     0     0     0 2410943.70000  24.35   4.04
d 1888 11 03 04 48 00 GREE             0     0     0     0 2410944.70000  24.16   3.94
d 1888 11 04 04 48 00 GREE             0     0     0     0 2410945.70000  23.97   3.83
d 1888 11 05 04 48 00 GREE             0     0     0     0 2410946.70000  23.77   3.72
d 1888 11 06 04 39 00 GREE            65   375    65   373 2410947.69375  23.56   3.61
g 1888 11 06 04 39 00   2074          65   375    65   373  10.90  95.80 -59.90  79.50 0.8640 0 5
s 1888 11 06 04 39 00   2074     1    65   375    65   373  10.90  95.80 -59.90  79.50 0.8640 0 5
d 1888 11 07 11 35 01 GREE           103   695    71   477 2410948.98265  23.27   3.47
g 1888 11 07 11 35 01   2074         103   695    71   477  10.60  95.80 -43.00  78.20 0.6850 0 5
s 1888 11 07 11 35 01   2074     1   103   695    71   477  10.60  95.80 -43.00  78.20 0.6850 0 5
d 1888 11 08 12 02 01 GREE           139   737    81   429 2410950.00140  23.04   3.36
g 1888 11 08 12 02 01   2074         139   737    81   429  10.20  95.20 -30.20  75.50 0.5110 0 3
s 1888 11 08 12 02 01   2074     1   139   737    81   429  10.20  95.20 -30.20  75.50 0.5110 0 3
d 1888 11 09 05 32 01 GREE           135   824    73   444 2410950.73057  22.87   3.28
g 1888 11 09 05 32 01   2074         135   824    73   444  10.60  95.00 -20.70  69.10 0.3720 0 3
s 1888 11 09 05 32 01   2074     1   135   824    73   444  10.60  95.00 -20.70  69.10 0.3720 0 3
d 1888 11 10 04 50 01 GREE           100   687    51   350 2410951.70140  22.64   3.16
g 1888 11 10 04 50 01   2074         100   687    51   350  10.50  95.20  -7.70  45.50 0.1850 0 3
s 1888 11 10 04 50 01   2074     1   100   687    51   350  10.50  95.20  -7.70  45.50 0.1850 0 3
d 1888 11 11 10 45 00 GREE           152   773   103   541 2410952.94792  22.32   3.02
g 1888 11 11 10 45 00   2074         131   651    67   332  10.30  94.90   8.40 311.60 0.1920 0 1
s 1888 11 11 10 45 00   2074     1   131   651    67   332  10.30  94.90   8.40 311.60 0.1920 0 1
g 1888 11 11 10 45 00   2075          21   122    36   209  -3.30  13.80 -72.70  94.40 0.9560 0 0
s 1888 11 11 10 45 00   2075     1    21   122    36   209  -3.30  13.80 -72.70  94.40 0.9560 0 0
d 1888 11 12 04 01 01 GREE           140   846    94   556 2410953.66737  22.14   2.94
g 1888 11 12 04 01 01   2074         107   665    57   353  10.00  95.40  18.40 292.10 0.3350 0 1
s 1888 11 12 04 01 01   2074     1   107   665    57   353  10.00  95.40  18.40 292.10 0.3350 0 1
g 1888 11 12 04 01 01   2075          33   181    37   203  -2.60  13.80 -63.20  94.40 0.8940 0 1
s 1888 11 12 04 01 01   2075     1    33   181    37   203  -2.60  13.80 -63.20  94.40 0.8940 0 1
d 1888 11 13 05 11 00 GREE           149   889    99   589 2410954.71597  21.86   2.82
g 1888 11 13 05 11 00   2074          92   559    55   334   9.90  95.80  32.60 283.90 0.5470 0 1
s 1888 11 13 05 11 00   2074     1    92   559    55   334   9.90  95.80  32.60 283.90 0.5470 0 1
g 1888 11 13 05 11 00   2075          57   330    44   255  -3.20  14.00 -49.20  96.60 0.7610 0 1
s 1888 11 13 05 11 00   2075     1    57   330    44   255  -3.20  14.00 -49.20  96.60 0.7610 0 1
d 1888 11 14 04 22 00 GREE           111   754    75   508 2410955.68194  21.60   2.70
g 1888 11 14 04 22 00   2074          58   398    42   287   9.80  96.20  45.70 281.10 0.7190 0 1
s 1888 11 14 04 22 00   2074     1    58   398    42   287   9.80  96.20  45.70 281.10 0.7190 0 1
g 1888 11 14 04 22 00   2075          53   356    33   221  -3.50  14.70 -35.80  99.50 0.5920 0 1
s 1888 11 14 04 22 00   2075     1    53   356    33   221  -3.50  14.70 -35.80  99.50 0.5920 0 1
d 1888 11 15 05 54 00 GREE            88   566    63   407 2410956.74583  21.30   2.58
g 1888 11 15 05 54 00   2074          33   220    33   220   9.40  96.30  59.90 279.40 0.8650 0 0
s 1888 11 15 05 54 00   2074     1    33   220    33   220   9.40  96.30  59.90 279.40 0.8650 0 0
g 1888 11 15 05 54 00   2075          55   346    30   187  -3.70  15.00 -21.40 106.10 0.3790 0 1
s 1888 11 15 05 54 00   2075     1    55   346    30   187  -3.70  15.00 -21.40 106.10 0.3790 0 1
d 1888 11 16 05 16 01 GREE            87   495    52   397 2410957.71946  21.02   2.46
g 1888 11 16 05 16 01   2074           5   125    10   209   9.50  96.30  72.70 279.20 0.9540 0 0
s 1888 11 16 05 16 01   2074     1     5   125    10   209   9.50  96.30  72.70 279.20 0.9540 0 0
g 1888 11 16 05 16 01   2075          82   370    42   188  -3.60  15.60  -8.00 126.90 0.1740 0 1
s 1888 11 16 05 16 01   2075     1    82   370    42   188  -3.60  15.60  -8.00 126.90 0.1740 0 1
d 1888 11 17 11 39 01 GREE            66   344    34   176 2410958.98543  20.65   2.31
g 1888 11 17 11 39 01   2075          66   344    34   176  -4.40  16.20   9.30 234.20 0.1990 0 0
s 1888 11 17 11 39 01   2075     1    66   344    34   176  -4.40  16.20   9.30 234.20 0.1990 0 0
d 1888 11 18 04 10 01 GREE            79   378    42   201 2410959.67362  20.44   2.22
g 1888 11 18 04 10 01   2075          79   378    42   201  -4.60  16.30  18.50 249.80 0.3370 0 0
s 1888 11 18 04 10 01   2075     1    79   378    42   201  -4.60  16.30  18.50 249.80 0.3370 0 0
d 1888 11 19 04 53 01 GREE            61   286    37   171 2410960.70348  20.12   2.10
g 1888 11 19 04 53 01   2075          61   286    37   171  -4.40  16.80  32.50 258.70 0.5460 0 0
s 1888 11 19 04 53 01   2075     1    61   286    37   171  -4.40  16.80  32.50 258.70 0.5460 0 0
d 1888 11 20 11 22 01 GREE            45   235    35   183 2410961.97362  19.72   1.94
g 1888 11 20 11 22 01   2075          45   235    35   183  -4.60  17.00  49.50 262.40 0.7650 0 0
s 1888 11 20 11 22 01   2075     1    45   235    35   183  -4.60  17.00  49.50 262.40 0.7650 0 0
d 1888 11 21 05 08 00 GREE            32   163    32   162 2410962.71389  19.48   1.85
g 1888 11 21 05 08 00   2075          32   163    32   162  -4.60  17.20  59.40 263.60 0.8630 0 0
s 1888 11 21 05 08 00   2075     1    32   163    32   162  -4.60  17.20  59.40 263.60 0.8630 0 0
d 1888 11 22 05 02 00 GREE            11    97    20   167 2410963.70972  19.15   1.73
g 1888 11 22 05 02 00   2075          11    97    20   167  -5.10  17.30  72.70 264.10 0.9560 0 0
s 1888 11 22 05 02 00   2075     1    11    97    20   167  -5.10  17.30  72.70 264.10 0.9560 0 0
d 1888 11 23 04 48 00 GREE             0     0     0     0 2410964.70000  18.81   1.61
d 1888 11 26 12 00 00 GREE             0     0     0     0 2410968.00000  17.65   1.19
d 1888 11 27 11 42 01 GREE             0    23     0    44 2410968.98751  17.29   1.07
g 1888 11 27 11 42 01   2076           0    23     0    44 -12.20 160.90 -74.20 102.90 0.9650 0 2
s 1888 11 27 11 42 01   2076     1     0    23     0    44 -12.20 160.90 -74.20 102.90 0.9650 0 2
d 1888 11 28 04 26 00 GREE            19   202    24   249 2410969.68472  17.03   0.98
g 1888 11 28 04 26 00   2076          19   202    24   249 -10.60 160.50 -65.40 102.00 0.9140 0 7
s 1888 11 28 04 26 00   2076     1    19   202    24   249 -10.60 160.50 -65.40 102.00 0.9140 0 7
d 1888 11 29 06 53 00 GREE            57   457    48   379 2410970.78681  16.61   0.84
g 1888 11 29 06 53 00   2076          57   457    48   379 -10.30 159.50 -51.90 103.60 0.7970 0 7
s 1888 11 29 06 53 00   2076     1    57   457    48   379 -10.30 159.50 -51.90 103.60 0.7970 0 7
d 1888 11 30 04 22 00 GREE           103   616    68   405 2410971.68194  16.27   0.73
g 1888 11 30 04 22 00   2076         103   616    68   405 -10.60 160.60 -39.00 107.40 0.6480 0 2
s 1888 11 30 04 22 00   2076     1   103   616    68   405 -10.60 160.60 -39.00 107.40 0.6480 0 2
d 1888 12 01 10 20 01 GREE            96   587    53   322 2410972.93057  15.78   0.57
g 1888 12 01 10 20 01   2076          96   587    53   322 -11.30 161.80 -21.30 119.80 0.4100 0 3
s 1888 12 01 10 20 01   2076     1    96   587    53   322 -11.30 161.80 -21.30 119.80 0.4100 0 3
d 1888 12 02 12 17 00 GREE           118   610    61   314 2410974.01181  15.35   0.43
g 1888 12 02 12 17 00   2076         118   610    61   314 -11.80 162.60  -6.20 153.40 0.2360 0 3
s 1888 12 02 12 17 00   2076     1   118   610    61   314 -11.80 162.60  -6.20 153.40 0.2360 0 3
d 1888 12 03 12 18 01 GREE           102   476    53   247 2410975.01251  14.95   0.30
g 1888 12 03 12 18 01   2076         102   476    53   247 -12.20 164.30   8.60 214.00 0.2610 0 3
s 1888 12 03 12 18 01   2076     1   102   476    53   247 -12.20 164.30   8.60 214.00 0.2610 0 3
d 1888 12 04 04 19 00 GREE            81   484    44   260 2410975.67986  14.68   0.21
g 1888 12 04 04 19 00   2076          81   484    44   260 -12.40 164.30  17.40 233.30 0.3640 0 3
s 1888 12 04 04 19 00   2076     1    81   484    44   260 -12.40 164.30  17.40 233.30 0.3640 0 3
d 1888 12 05 05 42 01 GREE            59   289    36   175 2410976.73751  14.24   0.08
g 1888 12 05 05 42 01   2076          59   289    36   175 -12.60 164.80  31.90 246.90 0.5610 0 1
s 1888 12 05 05 42 01   2076     1    59   289    36   175 -12.60 164.80  31.90 246.90 0.5610 0 1
d 1888 12 06 05 42 01 GREE            35   217    26   161 2410977.73751  13.82  -0.05
g 1888 12 06 05 42 01   2076          35   217    26   161 -13.00 165.90  46.20 252.30 0.7380 0 1
s 1888 12 06 05 42 01   2076     1    35   217    26   161 -13.00 165.90  46.20 252.30 0.7380 0 1
d 1888 12 07 11 54 00 GREE            17    81    20    95 2410978.99583  13.29  -0.21
g 1888 12 07 11 54 00   2076          17    81    20    95 -13.10 167.10  63.90 255.60 0.9030 0 0
s 1888 12 07 11 54 00   2076     1    17    81    20    95 -13.10 167.10  63.90 255.60 0.9030 0 0
d 1888 12 08 04 48 00 GREE            10    66    19   120 2410979.70000  12.99  -0.30
g 1888 12 08 04 48 00   2076          10    66    19   120 -12.80 167.40  73.50 256.80 0.9610 0 0
s 1888 12 08 04 48 00   2076     1    10    66    19   120 -12.80 167.40  73.50 256.80 0.9610 0 0
d 1888 12 09 04 37 01 GREE             0    21     0    60 2410980.69237  12.56  -0.43
g 1888 12 09 04 37 01   2076           0    12     0    51 -10.20 163.70  82.90 259.80 0.9920 0 0
s 1888 12 09 04 37 01   2076     1     0    12     0    51 -10.20 163.70  82.90 259.80 0.9920 0 0
g 1888 12 09 04 37 01   2077           0     9     0     9  -3.70  19.70 -61.10  94.00 0.8780 0 0
s 1888 12 09 04 37 01   2077     1     0     9     0     9  -3.70  19.70 -61.10  94.00 0.8780 0 0
d 1888 12 10 04 48 00 GREE             0     0     0     0 2410981.70000  12.12  -0.56
d 1888 12 11 12 00 00 GREE             0     0     0     0 2410983.00000  11.55  -0.72
d 1888 12 12 07 12 00 GREE             0     0     0     0 2410983.80000  11.19  -0.83
d 1888 12 13 04 48 00 GREE             0     0     0     0 2410984.70000  10.78  -0.94
d 1888 12 14 04 48 00 GREE             0     0     0     0 2410985.70000  10.33  -1.07
d 1888 12 15 06 31 01 GREE             1    24     1    13 2410986.77154   9.84  -1.20
g 1888 12 15 06 31 01   2078           1    24     1    13  -6.70 344.80 -15.90 109.20 0.2880 0 4
s 1888 12 15 06 31 01   2078     1     1    24     1    13  -6.70 344.80 -15.90 109.20 0.2880 0 4
d 1888 12 16 05 48 00 GREE            15   107     8    54 2410987.74167   9.39  -1.33
g 1888 12 16 05 48 00   2078          15   107     8    54  -6.60 344.50  -3.50 146.20 0.1090 0 4
s 1888 12 16 05 48 00   2078     1    15   107     8    54  -6.60 344.50  -3.50 146.20 0.1090 0 4
d 1888 12 17 07 37 01 GREE            19   137    10    70 2410988.81737   8.89  -1.46
g 1888 12 17 07 37 01   2078          19   137    10    70  -6.10 344.50  10.70 246.40 0.2010 0 5
s 1888 12 17 07 37 01   2078     1    19   137    10    70  -6.10 344.50  10.70 246.40 0.2010 0 5
d 1888 12 18 04 42 00 GREE            16   100     9    55 2410989.69583   8.48  -1.57
g 1888 12 18 04 42 00   2078          16   100     9    55  -6.90 346.10  23.90 256.70 0.4130 0 5
s 1888 12 18 04 42 00   2078     1    16   100     9    55  -6.90 346.10  23.90 256.70 0.4130 0 5
d 1888 12 19 11 54 00 GREE            16   185    11   124 2410990.99583   7.87  -1.73
g 1888 12 19 11 54 00   2078          16   185    11   124  -6.80 346.50  41.40 261.70 0.6640 0 3
s 1888 12 19 11 54 00   2078     1    16   185    11   124  -6.80 346.50  41.40 261.70 0.6640 0 3
d 1888 12 20 11 54 00 GREE            20   126    19   115 2410991.99583   7.40  -1.86
g 1888 12 20 11 54 00   2078          20   126    19   115  -6.40 348.70  56.70 263.60 0.8360 0 3
s 1888 12 20 11 54 00   2078     1    20   126    19   115  -6.40 348.70  56.70 263.60 0.8360 0 3
d 1888 12 21 04 43 01 GREE            14   123    18   151 2410992.69654   7.07  -1.95
g 1888 12 21 04 43 01   2078          14   123    18   151  -5.40 348.70  66.00 265.00 0.9130 0 1
s 1888 12 21 04 43 01   2078     1    14   123    18   151  -5.40 348.70  66.00 265.00 0.9130 0 1
d 1888 12 22 12 40 00 GREE             0    11     0    44 2410994.02778   6.43  -2.11
g 1888 12 22 12 40 00   2078           0    11     0    44  -6.50 347.90  82.80 263.70 0.9920 0 0
s 1888 12 22 12 40 00   2078     1     0    11     0    44  -6.50 347.90  82.80 263.70 0.9920 0 0
d 1888 12 23 04 48 00 GREE             0     0     0     0 2410994.70000   6.11  -2.19
d 1888 12 24 07 12 00 GREE             0     0     0     0 2410995.80000   5.58  -2.33
d 1888 12 25 04 48 00 GREE             0     0     0     0 2410996.70000   5.14  -2.44
d 1888 12 26 09 36 00 GREE             0     0     0     0 2410997.90000   4.56  -2.58
d 1888 12 28 07 12 00 GREE             0     0     0     0 2410999.80000   3.64  -2.81
d 1888 12 29 07 12 00 GREE             0     0     0     0 2411000.80000   3.15  -2.93
d 1888 12 30 13 04 01 GREE             0     9     0     7 2411002.04446   2.54  -3.07
g 1888 12 30 13 04 01   2079           0     9     0     7 -35.50 196.40  36.80 222.00 0.7320 0 0
s 1888 12 30 13 04 01   2079     1     0     9     0     7 -35.50 196.40  36.80 222.00 0.7320 0 0
d 1888 12 31 04 48 00 GREE             0     0     0     0 2411002.70000   2.22  -3.15
