d 1902 01 01 12 00 00 GREE             0     0     0     0 2415751.00000   2.16  -3.15
d 1902 01 02 04 48 00 GREE             0     0     0     0 2415751.70000   1.82  -3.23
d 1902 01 03 04 48 00 GREE             0     0     0     0 2415752.70000   1.33  -3.34
d 1902 01 04 04 48 00 GREE             0     0     0     0 2415753.70000   0.84  -3.45
d 1902 01 05 06 10 00 GREE             0    30     0    32 2415754.75694   0.32  -3.57
g 1902 01 05 06 10 00   4963           0    30     0    32  -8.20   7.60 -61.90  97.30 0.8800 0 9
s 1902 01 05 06 10 00   4963     1     0    30     0    32  -8.20   7.60 -61.90  97.30 0.8800 0 9
d 1902 01 06 04 32 00 GREE            51   257    37   185 2415755.68889  -0.13  -3.68
g 1902 01 06 04 32 00   4963          51   257    37   185  -8.10  11.30 -45.90  97.60 0.7170 0 4
s 1902 01 06 04 32 00   4963     1    51   257    37   185  -8.10  11.30 -45.90  97.60 0.7170 0 4
d 1902 01 07 07 56 01 GREE            89   688    53   406 2415756.83057  -0.69  -3.80
g 1902 01 07 07 56 01   4963          89   688    53   406  -8.20  10.10 -32.00  99.20 0.5310 0 7
s 1902 01 07 07 56 01   4963     1    89   688    53   406  -8.20  10.10 -32.00  99.20 0.5310 0 7
d 1902 01 08 04 14 01 GREE           124   756    66   402 2415757.67640  -1.10  -3.90
g 1902 01 08 04 14 01   4963         124   756    66   402  -8.20  11.60 -19.50 103.20 0.3390 0 7
s 1902 01 08 04 14 01   4963     1   124   756    66   402  -8.20  11.60 -19.50 103.20 0.3390 0 7
d 1902 01 09 04 29 00 GREE           154   969    78   490 2415758.68681  -1.59  -4.01
g 1902 01 09 04 29 00   4963         154   969    78   490  -7.80   9.90  -7.80 115.90 0.1490 0 7
s 1902 01 09 04 29 00   4963     1   154   969    78   490  -7.80   9.90  -7.80 115.90 0.1490 0 7
d 1902 01 10 04 27 01 GREE           133   714    65   363 2415759.68543  -2.07  -4.11
g 1902 01 10 04 27 01   4963         129   706    65   356  -7.80  10.60   5.90 238.20 0.1200 0 1
s 1902 01 10 04 27 01   4963     1   129   706    65   356  -7.80  10.60   5.90 238.20 0.1200 0 1
g 1902 01 10 04 27 01   4964           4     8     0     7  26.70  51.00  46.30 307.50 0.8170 0 0
s 1902 01 10 04 27 01   4964     1     4     8     0     7  26.70  51.00  46.30 307.50 0.8170 0 0
d 1902 01 11 04 27 01 GREE            83   628    44   333 2415760.68543  -2.55  -4.22
g 1902 01 11 04 27 01   4963          83   628    44   333  -7.20  10.60  19.10 260.40 0.3290 0 1
s 1902 01 11 04 27 01   4963     1    83   628    44   333  -7.20  10.60  19.10 260.40 0.3290 0 1
d 1902 01 12 04 01 01 GREE            87   504    52   299 2415761.66737  -3.02  -4.32
g 1902 01 12 04 01 01   4963          87   504    52   299  -7.30  11.00  32.50 263.30 0.5370 0 1
s 1902 01 12 04 01 01   4963     1    87   504    52   299  -7.30  11.00  32.50 263.30 0.5370 0 1
d 1902 01 13 03 59 00 GREE            37   353    27   253 2415762.66597  -3.50  -4.42
g 1902 01 13 03 59 00   4963          37   353    27   253  -8.00  11.20  45.90 263.20 0.7160 0 1
s 1902 01 13 03 59 00   4963     1    37   353    27   253  -8.00  11.20  45.90 263.20 0.7160 0 1
d 1902 01 14 06 53 00 GREE            24   222    24   222 2415763.78681  -4.03  -4.54
g 1902 01 14 06 53 00   4963          24   222    24   222  -7.50  10.80  60.20 264.00 0.8650 0 1
s 1902 01 14 06 53 00   4963     1    24   222    24   222  -7.50  10.80  60.20 264.00 0.8650 0 1
d 1902 01 15 04 12 00 GREE             6    33    12    61 2415764.67500  -4.46  -4.62
g 1902 01 15 04 12 00   4963           6    33    12    61  -7.60  13.30  74.40 263.40 0.9610 0 1
s 1902 01 15 04 12 00   4963     1     6    33    12    61  -7.60  13.30  74.40 263.40 0.9610 0 1
d 1902 01 16 04 48 00 GREE             0     0     0     0 2415765.70000  -4.94  -4.73
d 1902 01 17 04 48 00 GREE             0     0     0     0 2415766.70000  -5.41  -4.82
d 1902 01 18 04 48 00 GREE             0     0     0     0 2415767.70000  -5.87  -4.92
d 1902 01 19 12 00 00 GREE             0     0     0     0 2415769.00000  -6.48  -5.04
d 1902 01 20 04 48 00 GREE             0     0     0     0 2415769.70000  -6.80  -5.10
d 1902 01 21 04 48 00 GREE             0     0     0     0 2415770.70000  -7.26  -5.19
d 1902 01 22 04 48 00 GREE             0     0     0     0 2415771.70000  -7.71  -5.28
d 1902 01 23 04 48 00 GREE             0     0     0     0 2415772.70000  -8.16  -5.37
d 1902 01 24 04 48 00 GREE             0     0     0     0 2415773.70000  -8.61  -5.46
d 1902 01 25 12 00 00 GREE             0     0     0     0 2415775.00000  -9.19  -5.56
d 1902 01 26 12 00 00 GREE             0     0     0     0 2415776.00000  -9.63  -5.65
d 1902 01 27 04 48 00 GREE             0     0     0     0 2415776.70000  -9.93  -5.70
d 1902 01 28 07 12 00 GREE             0     0     0     0 2415777.80000 -10.41  -5.79
d 1902 01 29 12 00 00 GREE             0     0     0     0 2415779.00000 -10.92  -5.88
d 1902 01 30 07 12 00 GREE             0     0     0     0 2415779.80000 -11.26  -5.94
d 1902 01 31 04 48 00 GREE             0     0     0     0 2415780.70000 -11.63  -6.01
d 1902 02 01 04 48 00 GREE             0     0     0     0 2415781.70000 -12.05  -6.08
d 1902 02 02 04 48 00 GREE             0     0     0     0 2415782.70000 -12.46  -6.15
d 1902 02 03 04 48 00 GREE             0     0     0     0 2415783.70000 -12.87  -6.21
d 1902 02 05 12 00 00 GREE             0     0     0     0 2415786.00000 -13.78  -6.36
d 1902 02 06 04 48 00 GREE             0     0     0     0 2415786.70000 -14.05  -6.40
d 1902 02 07 07 12 00 GREE             0     0     0     0 2415787.80000 -14.48  -6.47
d 1902 02 08 04 48 00 GREE             0     0     0     0 2415788.70000 -14.82  -6.52
d 1902 02 10 12 00 00 GREE             0     0     0     0 2415791.00000 -15.68  -6.64
d 1902 02 11 07 12 00 GREE             0     0     0     0 2415791.80000 -15.97  -6.68
d 1902 02 12 04 48 00 GREE             0     0     0     0 2415792.70000 -16.29  -6.73
d 1902 02 13 04 16 00 GREE             0    17     0    11 2415793.67778 -16.64  -6.77
g 1902 02 13 04 16 00   4965           0    17     0    11  -8.40 237.50 -39.40  95.50 0.6360 0 2
s 1902 02 13 04 16 00   4965     1     0    17     0    11  -8.40 237.50 -39.40  95.50 0.6360 0 2
d 1902 02 14 04 48 00 GREE             0     0     0     0 2415794.70000 -17.00  -6.82
d 1902 02 15 04 48 00 GREE             0     0     0     0 2415795.70000 -17.34  -6.86
d 1902 02 16 12 00 00 GREE             0     0     0     0 2415797.00000 -17.78  -6.91
d 1902 02 17 12 00 00 GREE             0     0     0     0 2415798.00000 -18.11  -6.95
d 1902 02 18 07 12 00 GREE             0     0     0     0 2415798.80000 -18.37  -6.98
d 1902 02 19 07 12 00 GREE             0     0     0     0 2415799.80000 -18.69  -7.01
d 1902 02 20 04 48 00 GREE             0     0     0     0 2415800.70000 -18.97  -7.04
d 1902 02 21 12 00 00 GREE             0     0     0     0 2415802.00000 -19.38  -7.08
d 1902 02 22 12 00 00 GREE             0     0     0     0 2415803.00000 -19.68  -7.11
d 1902 02 23 04 48 00 GREE             0     0     0     0 2415803.70000 -19.88  -7.12
d 1902 02 24 04 48 00 GREE             0     0     0     0 2415804.70000 -20.17  -7.14
d 1902 02 25 12 00 00 GREE             0     0     0     0 2415806.00000 -20.54  -7.17
d 1902 02 26 12 00 00 GREE             0     0     0     0 2415807.00000 -20.82  -7.19
d 1902 02 27 07 12 00 GREE             0     0     0     0 2415807.80000 -21.04  -7.20
d 1902 02 28 04 48 00 GREE             0     0     0     0 2415808.70000 -21.28  -7.21
d 1902 03 01 04 48 00 GREE             0     0     0     0 2415809.70000 -21.54  -7.23
d 1902 03 02 05 55 01 GREE             0    16     0     8 2415810.74654 -21.80  -7.24
g 1902 03 02 05 55 01   4966           0    16     0     8 -26.30  30.70 -21.60 135.20 0.4720 0 7
s 1902 03 02 05 55 01   4966     1     0    16     0     8 -26.30  30.70 -21.60 135.20 0.4720 0 7
d 1902 03 03 15 01 00 GREE            10    57     6    37 2415812.12569 -22.14  -7.24
g 1902 03 03 15 01 00   4967          10    54     6    32  23.70  34.50   0.50 359.10 0.5140 0 4
s 1902 03 03 15 01 00   4967     1    10    54     6    32  23.70  34.50   0.50 359.10 0.5140 0 4
g 1902 03 03 15 01 00   4968           0     3     0     5  25.40 331.10 -62.90  59.30 0.9350 0 2
s 1902 03 03 15 01 00   4968     1     0     3     0     5  25.40 331.10 -62.90  59.30 0.9350 0 2
d 1902 03 04 05 58 01 GREE            21   138    18   119 2415812.74862 -22.29  -7.25
g 1902 03 04 05 58 01   4967          10    63     6    38  24.60  34.50   8.70 345.30 0.5430 0 4
s 1902 03 04 05 58 01   4967     1    10    63     6    38  24.60  34.50   8.70 345.30 0.5430 0 4
g 1902 03 04 05 58 01   4968          11    75    12    81  25.20 331.00 -54.80  56.60 0.8860 0 9
s 1902 03 04 05 58 01   4968     1    11    75    12    81  25.20 331.00 -54.80  56.60 0.8860 0 9
d 1902 03 05 05 19 01 GREE           110   511    86   388 2415813.72154 -22.52  -7.25
g 1902 03 05 05 19 01   4967          11    96     7    61  24.80  33.80  20.70 328.40 0.6130 0 4
s 1902 03 05 05 19 01   4967     1    11    96     7    61  24.80  33.80  20.70 328.40 0.6130 0 4
g 1902 03 05 05 19 01   4968          94   383    76   308  25.10 331.80 -41.30  49.70 0.7830 0 9
s 1902 03 05 05 19 01   4968     1    94   383    76   308  25.10 331.80 -41.30  49.70 0.7830 0 9
g 1902 03 05 05 19 01   4969           5    32     3    19  19.70  43.30  30.20 312.50 0.6470 0 0
s 1902 03 05 05 19 01   4969     1     5    32     3    19  19.70  43.30  30.20 312.50 0.6470 0 0
d 1902 03 07 04 37 01 GREE           180  1032   111   639 2415815.69237 -22.96  -7.25
g 1902 03 07 04 37 01   4967           0    16     0    15  24.60  34.70  47.60 306.20 0.8320 0 4
s 1902 03 07 04 37 01   4967     1     0    16     0    15  24.60  34.70  47.60 306.20 0.8320 0 4
g 1902 03 07 04 37 01   4968         180  1016   111   624  24.90 331.80 -15.30  24.40 0.5800 0 5
s 1902 03 07 04 37 01   4968     1   180  1016   111   624  24.90 331.80 -15.30  24.40 0.5800 0 5
d 1902 03 08 04 23 01 GREE           212  1330   126   788 2415816.68265 -23.17  -7.24
g 1902 03 08 04 23 01   4968         212  1330   126   788  25.00 331.40  -2.60   4.40 0.5360 0 5
s 1902 03 08 04 23 01   4968     1   212  1330   126   788  25.00 331.40  -2.60   4.40 0.5360 0 5
d 1902 03 09 10 59 01 GREE           310  1818   190  1113 2415817.95765 -23.44  -7.24
g 1902 03 09 10 59 01   4968         310  1818   190  1113  25.00 331.60  14.40 337.00 0.5770 0 5
s 1902 03 09 10 59 01   4968     1   310  1818   190  1113  25.00 331.60  14.40 337.00 0.5770 0 5
d 1902 03 10 04 16 00 GREE           185  1067   121   697 2415818.67778 -23.58  -7.23
g 1902 03 10 04 16 00   4968         185  1067   121   697  25.10 331.90  24.30 324.60 0.6430 0 5
s 1902 03 10 04 16 00   4968     1   185  1067   121   697  25.10 331.90  24.30 324.60 0.6430 0 5
d 1902 03 11 04 22 00 GREE            77   471    61   373 2415819.68194 -23.78  -7.22
g 1902 03 11 04 22 00   4968          77   471    61   373  24.30 335.40  40.90 309.70 0.7750 0 5
s 1902 03 11 04 22 00   4968     1    77   471    61   373  24.30 335.40  40.90 309.70 0.7750 0 5
d 1902 03 12 06 27 00 GREE            63   430    68   464 2415820.76875 -23.99  -7.21
g 1902 03 12 06 27 00   4968          63   430    68   464  23.70 335.70  55.50 301.60 0.8860 0 5
s 1902 03 12 06 27 00   4968     1    63   430    68   464  23.70 335.70  55.50 301.60 0.8860 0 5
d 1902 03 13 11 32 01 GREE            18   257    40   558 2415821.98057 -24.20  -7.19
g 1902 03 13 11 32 01   4968          18   257    40   558  23.30 336.20  72.00 296.10 0.9730 0 5
s 1902 03 13 11 32 01   4968     1    18   257    40   558  23.30 336.20  72.00 296.10 0.9730 0 5
d 1902 03 14 04 26 00 GREE            13    41    66   209 2415822.68472 -24.33  -7.17
g 1902 03 14 04 26 00   4968          13    41    66   209  23.10 335.30  80.30 294.30 0.9950 0 5
s 1902 03 14 04 26 00   4968     1    13    41    66   209  23.10 335.30  80.30 294.30 0.9950 0 5
d 1902 03 15 09 36 00 GREE             0     0     0     0 2415823.90000 -24.53  -7.15
d 1902 03 16 09 36 00 GREE             0     0     0     0 2415824.90000 -24.69  -7.13
d 1902 03 17 14 24 00 GREE             0     0     0     0 2415826.10000 -24.88  -7.10
d 1902 03 18 04 48 00 GREE             0     0     0     0 2415826.70000 -24.96  -7.08
d 1902 03 19 09 36 00 GREE             0     0     0     0 2415827.90000 -25.13  -7.05
d 1902 03 20 14 24 00 GREE             0     0     0     0 2415829.10000 -25.29  -7.01
d 1902 03 21 09 36 00 GREE             0     0     0     0 2415829.90000 -25.39  -6.99
d 1902 03 22 12 00 00 GREE             0     0     0     0 2415831.00000 -25.52  -6.95
d 1902 03 23 12 00 00 GREE             0     0     0     0 2415832.00000 -25.63  -6.91
d 1902 03 24 04 48 00 GREE             0     0     0     0 2415832.70000 -25.71  -6.88
d 1902 03 25 12 00 00 GREE             0     0     0     0 2415834.00000 -25.83  -6.83
d 1902 03 26 09 36 00 GREE             0     0     0     0 2415834.90000 -25.92  -6.79
d 1902 03 27 16 48 00 GREE             0     0     0     0 2415836.20000 -26.02  -6.73
d 1902 03 28 12 00 00 GREE             0     0     0     0 2415837.00000 -26.08  -6.70
d 1902 03 29 04 48 00 GREE             0     0     0     0 2415837.70000 -26.13  -6.66
d 1902 03 30 04 48 00 GREE             0     0     0     0 2415838.70000 -26.20  -6.61
d 1902 03 31 12 00 00 GREE             0     0     0     0 2415840.00000 -26.27  -6.54
d 1902 04 01 14 24 00 GREE             0     0     0     0 2415841.10000 -26.32  -6.48
d 1902 04 02 09 36 00 GREE             0     0     0     0 2415841.90000 -26.35  -6.44
d 1902 04 03 14 24 00 GREE             0     0     0     0 2415843.10000 -26.39  -6.37
d 1902 04 04 09 36 00 GREE             0     0     0     0 2415843.90000 -26.41  -6.32
d 1902 04 05 04 48 00 GREE             0     0     0     0 2415844.70000 -26.43  -6.27
d 1902 04 06 12 00 00 GREE             0     0     0     0 2415846.00000 -26.45  -6.19
d 1902 04 08 04 48 00 GREE             0     0     0     0 2415847.70000 -26.45  -6.07
d 1902 04 09 12 00 00 GREE             0     0     0     0 2415849.00000 -26.44  -5.98
d 1902 04 10 04 48 00 GREE             0     0     0     0 2415849.70000 -26.43  -5.93
d 1902 04 11 04 48 00 GREE             0     0     0     0 2415850.70000 -26.40  -5.86
d 1902 04 12 09 36 00 GREE             0     0     0     0 2415851.90000 -26.37  -5.77
d 1902 04 13 14 24 00 GREE             0     0     0     0 2415853.10000 -26.32  -5.68
d 1902 04 14 09 36 00 GREE             0     0     0     0 2415853.90000 -26.28  -5.62
d 1902 04 15 04 48 00 GREE             0     0     0     0 2415854.70000 -26.24  -5.56
d 1902 04 16 04 48 00 GREE             0     0     0     0 2415855.70000 -26.18  -5.48
d 1902 04 17 02 24 00 GREE             0     0     0     0 2415856.60000 -26.12  -5.40
d 1902 04 18 09 36 00 GREE             0     0     0     0 2415857.90000 -26.02  -5.29
d 1902 04 19 12 00 00 GREE             0     0     0     0 2415859.00000 -25.93  -5.20
d 1902 04 20 12 00 00 GREE             0     0     0     0 2415860.00000 -25.84  -5.11
d 1902 04 21 04 48 00 GREE             0     0     0     0 2415860.70000 -25.77  -5.05
d 1902 04 22 04 48 00 GREE             0     0     0     0 2415861.70000 -25.66  -4.96
d 1902 04 23 09 36 00 GREE             0     0     0     0 2415862.90000 -25.53  -4.85
d 1902 04 24 09 36 00 GREE             0     0     0     0 2415863.90000 -25.41  -4.76
d 1902 04 25 04 48 00 GREE             0     0     0     0 2415864.70000 -25.31  -4.69
d 1902 04 26 12 00 00 GREE             0     0     0     0 2415866.00000 -25.13  -4.56
d 1902 04 27 12 00 00 GREE             0     0     0     0 2415867.00000 -24.99  -4.47
d 1902 04 28 09 36 00 GREE             0     0     0     0 2415867.90000 -24.85  -4.38
d 1902 04 29 04 48 00 GREE             0     0     0     0 2415868.70000 -24.73  -4.30
d 1902 04 30 04 48 00 GREE             0     0     0     0 2415869.70000 -24.57  -4.20
d 1902 05 01 09 36 00 GREE             0     0     0     0 2415870.90000 -24.36  -4.08
d 1902 05 02 07 12 00 GREE             0     0     0     0 2415871.80000 -24.20  -3.99
d 1902 05 03 09 36 00 GREE             0     0     0     0 2415872.90000 -24.00  -3.88
d 1902 05 04 09 36 00 GREE             0     0     0     0 2415873.90000 -23.80  -3.77
d 1902 05 05 11 21 00 GREE             0     9     0     6 2415874.97292 -23.59  -3.66
g 1902 05 05 11 21 00   4970           0     9     0     6  27.40 275.40  -9.30  15.60 0.5350 0 0
s 1902 05 05 11 21 00   4970     1     0     9     0     6  27.40 275.40  -9.30  15.60 0.5350 0 0
d 1902 05 06 12 00 00 GREE             0     0     0     0 2415876.00000 -23.37  -3.55
d 1902 05 07 12 00 00 GREE             0     0     0     0 2415877.00000 -23.16  -3.44
d 1902 05 08 12 00 00 GREE             0     0     0     0 2415878.00000 -22.94  -3.34
d 1902 05 09 09 36 00 GREE             0     0     0     0 2415878.90000 -22.73  -3.24
d 1902 05 10 12 00 00 GREE             0     0     0     0 2415880.00000 -22.47  -3.12
d 1902 05 11 04 48 00 GREE             0     0     0     0 2415880.70000 -22.30  -3.04
d 1902 05 12 14 24 00 GREE             0     0     0     0 2415882.10000 -21.95  -2.88
d 1902 05 13 02 24 00 GREE             0     0     0     0 2415882.60000 -21.82  -2.83
d 1902 05 14 12 00 00 GREE             0     0     0     0 2415884.00000 -21.46  -2.67
d 1902 05 16 02 24 00 GREE             0     0     0     0 2415885.60000 -21.02  -2.49
d 1902 05 17 09 36 00 GREE             0     0     0     0 2415886.90000 -20.66  -2.34
d 1902 05 18 12 00 00 GREE             0     0     0     0 2415888.00000 -20.34  -2.21
d 1902 05 19 12 00 00 GREE             0     0     0     0 2415889.00000 -20.04  -2.10
d 1902 05 20 02 24 00 GREE             0     0     0     0 2415889.60000 -19.86  -2.03
d 1902 05 21 09 37 00 GREE             0    23     0    14 2415890.90069 -19.46  -1.87
g 1902 05 21 09 37 00   4971           0    23     0    14  23.70  48.60 -25.40  42.50 0.5730 0 2
s 1902 05 21 09 37 00   4971     1     0    23     0    14  23.70  48.60 -25.40  42.50 0.5730 0 2
d 1902 05 22 02 24 00 GREE             0     0     0     0 2415891.60000 -19.24  -1.79
d 1902 05 24 04 01 01 GREE            14    97    25   162 2415893.66737 -18.58  -1.55
g 1902 05 24 04 01 01   4972          14    97    25   162  25.60 327.50 -69.90  62.50 0.9540 0 1
s 1902 05 24 04 01 01   4972     1    14    97    25   162  25.60 327.50 -69.90  62.50 0.9540 0 1
d 1902 05 25 09 12 01 GREE            22   174    22   170 2415894.88334 -18.17  -1.40
g 1902 05 25 09 12 01   4972          22   174    22   170  26.10 326.80 -54.50  58.30 0.8590 0 1
s 1902 05 25 09 12 01   4972     1    22   174    22   170  26.10 326.80 -54.50  58.30 0.8590 0 1
d 1902 05 26 10 40 01 GREE            33   213    25   162 2415895.94446 -17.82  -1.28
g 1902 05 26 10 40 01   4972          33   200    25   150  26.20 326.30 -41.00  52.30 0.7440 0 1
s 1902 05 26 10 40 01   4972     1    33   200    25   150  26.20 326.30 -41.00  52.30 0.7440 0 1
g 1902 05 26 10 40 01   4973           0    13     0    12  27.60 317.80 -49.50  54.50 0.8360 0 2
s 1902 05 26 10 40 01   4973     1     0    13     0    12  27.60 317.80 -49.50  54.50 0.8360 0 2
d 1902 05 27 09 36 00 GREE            40   251    26   161 2415896.90000 -17.49  -1.16
g 1902 05 27 09 36 00   4972          40   251    26   161  26.00 325.90 -28.70  43.60 0.6260 0 0
s 1902 05 27 09 36 00   4972     1    40   251    26   161  26.00 325.90 -28.70  43.60 0.6260 0 0
d 1902 05 28 09 37 00 GREE            75   270    44   158 2415897.90069 -17.14  -1.04
g 1902 05 28 09 37 00   4972          75   270    44   158  26.20 325.70 -15.70  28.00 0.5170 0 0
s 1902 05 28 09 37 00   4972     1    75   270    44   158  26.20 325.70 -15.70  28.00 0.5170 0 0
d 1902 05 29 10 17 01 GREE            64   202    36   114 2415898.92848 -16.77  -0.92
g 1902 05 29 10 17 01   4972          64   202    36   114  26.10 325.30  -2.50   4.90 0.4560 0 1
s 1902 05 29 10 17 01   4972     1    64   202    36   114  26.10 325.30  -2.50   4.90 0.4560 0 1
d 1902 05 30 03 23 00 GREE            31   182    18   103 2415899.64097 -16.52  -0.83
g 1902 05 30 03 23 00   4972          31   182    18   103  26.10 324.90   6.60 347.10 0.4620 0 0
s 1902 05 30 03 23 00   4972     1    31   182    18   103  26.10 324.90   6.60 347.10 0.4620 0 0
d 1902 05 31 11 34 00 GREE            32   113    20    69 2415900.98194 -16.03  -0.67
g 1902 05 31 11 34 00   4972          32   113    20    69  25.50 324.70  24.10 320.00 0.5730 0 0
s 1902 05 31 11 34 00   4972     1    32   113    20    69  25.50 324.70  24.10 320.00 0.5730 0 0
d 1902 06 01 13 36 00 GREE            22    88    16    63 2415902.06667 -15.63  -0.54
g 1902 06 01 13 36 00   4972          22    88    16    63  25.50 324.40  38.20 308.00 0.7090 0 0
s 1902 06 01 13 36 00   4972     1    22    88    16    63  25.50 324.40  38.20 308.00 0.7090 0 0
d 1902 06 02 11 15 00 GREE            12    54    11    47 2415902.96875 -15.29  -0.43
g 1902 06 02 11 15 00   4972          12    54    11    47  25.40 324.30  50.00 302.00 0.8160 0 0
s 1902 06 02 11 15 00   4972     1    12    54    11    47  25.40 324.30  50.00 302.00 0.8160 0 0
d 1902 06 03 11 32 01 GREE             4    26     6    32 2415903.98057 -14.90  -0.31
g 1902 06 03 11 32 01   4972           4    26     6    32  25.30 323.60  62.70 298.10 0.9110 0 0
s 1902 06 03 11 32 01   4972     1     4    26     6    32  25.30 323.60  62.70 298.10 0.9110 0 0
d 1902 06 04 03 00 00 GREE             2    12     5    21 2415904.62500 -14.66  -0.23
g 1902 06 04 03 00 00   4972           2    12     5    21  25.40 323.70  71.30 296.70 0.9580 0 0
s 1902 06 04 03 00 00   4972     1     2    12     5    21  25.40 323.70  71.30 296.70 0.9580 0 0
d 1902 06 05 14 24 00 GREE             0     0     0     0 2415906.10000 -14.08  -0.06
d 1902 06 06 04 48 00 GREE             0     0     0     0 2415906.70000 -13.85   0.02
d 1902 06 07 04 48 00 GREE             0     0     0     0 2415907.70000 -13.45   0.14
d 1902 06 08 04 48 00 GREE             0     0     0     0 2415908.70000 -13.05   0.26
d 1902 06 09 09 36 00 GREE             0     0     0     0 2415909.90000 -12.56   0.40
d 1902 06 10 04 48 00 GREE             0     0     0     0 2415910.70000 -12.23   0.50
d 1902 06 11 04 48 00 GREE             0     0     0     0 2415911.70000 -11.82   0.62
d 1902 06 12 04 48 00 GREE             0     0     0     0 2415912.70000 -11.40   0.74
d 1902 06 13 02 24 00 GREE             0     0     0     0 2415913.60000 -11.02   0.85
d 1902 06 14 02 24 00 GREE             0     0     0     0 2415914.60000 -10.60   0.97
d 1902 06 15 14 24 00 GREE             0     0     0     0 2415916.10000  -9.96   1.15
d 1902 06 16 04 48 00 GREE             0     0     0     0 2415916.70000  -9.70   1.22
d 1902 06 17 09 36 00 GREE             0     0     0     0 2415917.90000  -9.18   1.36
d 1902 06 18 04 48 00 GREE             0     0     0     0 2415918.70000  -8.83   1.45
d 1902 06 19 09 36 00 GREE             0     0     0     0 2415919.90000  -8.31   1.60
d 1902 06 20 04 48 00 GREE             0     0     0     0 2415920.70000  -7.96   1.69
d 1902 06 21 09 36 00 GREE             0     0     0     0 2415921.90000  -7.42   1.83
d 1902 06 22 09 36 00 GREE             0     0     0     0 2415922.90000  -6.98   1.95
d 1902 06 23 10 40 01 GREE             0    12     0    13 2415923.94446  -6.51   2.07
g 1902 06 23 10 40 01   4974           0    12     0    13  27.30 297.30 -59.40  59.50 0.8870 0 2
s 1902 06 23 10 40 01   4974     1     0    12     0    13  27.30 297.30 -59.40  59.50 0.8870 0 2
d 1902 06 24 12 00 00 GREE             0     0     0     0 2415925.00000  -6.04   2.19
d 1902 06 25 09 36 00 GREE             0     0     0     0 2415925.90000  -5.63   2.29
d 1902 06 26 09 36 00 GREE             0     0     0     0 2415926.90000  -5.18   2.41
d 1902 06 27 12 00 00 GREE             0     0     0     0 2415928.00000  -4.68   2.53
d 1902 06 28 12 00 00 GREE             0     0     0     0 2415929.00000  -4.23   2.64
d 1902 06 29 04 48 00 GREE             0     0     0     0 2415929.70000  -3.91   2.72
d 1902 06 30 12 00 00 GREE             0     0     0     0 2415931.00000  -3.32   2.87
d 1902 07 01 04 48 00 GREE             0     0     0     0 2415931.70000  -3.00   2.94
d 1902 07 02 14 24 00 GREE             0     0     0     0 2415933.10000  -2.36   3.10
d 1902 07 03 12 00 00 GREE             0     0     0     0 2415934.00000  -1.95   3.19
d 1902 07 04 11 24 00 GREE             1    14     1    10 2415934.97500  -1.51   3.30
g 1902 07 04 11 24 00   4975           1    14     1    10  24.60 247.60  36.90 304.40 0.6620 0 0
s 1902 07 04 11 24 00   4975     1     1    14     1    10  24.60 247.60  36.90 304.40 0.6620 0 0
d 1902 07 06 12 00 00 GREE             0     0     0     0 2415937.00000  -0.58   3.51
d 1902 07 07 12 00 00 GREE             0     0     0     0 2415938.00000  -0.13   3.62
d 1902 07 08 12 00 00 GREE             0     0     0     0 2415939.00000   0.33   3.72
d 1902 07 09 09 36 00 GREE             0     0     0     0 2415939.90000   0.74   3.82
d 1902 07 10 14 24 00 GREE             0     0     0     0 2415941.10000   1.28   3.94
d 1902 07 11 09 36 00 GREE             0     0     0     0 2415941.90000   1.65   4.02
d 1902 07 12 09 36 00 GREE             0     0     0     0 2415942.90000   2.10   4.12
d 1902 07 13 12 00 00 GREE             0     0     0     0 2415944.00000   2.59   4.23
d 1902 07 14 09 36 00 GREE             0     0     0     0 2415944.90000   3.00   4.31
d 1902 07 15 12 00 00 GREE             0     0     0     0 2415946.00000   3.49   4.42
d 1902 07 16 09 36 00 GREE             0     0     0     0 2415946.90000   3.89   4.51
d 1902 07 17 12 00 00 GREE             0     0     0     0 2415948.00000   4.38   4.61
d 1902 07 18 12 00 00 GREE             0     0     0     0 2415949.00000   4.82   4.70
d 1902 07 19 12 00 00 GREE             0     0     0     0 2415950.00000   5.27   4.79
d 1902 07 20 04 48 00 GREE             0     0     0     0 2415950.70000   5.57   4.86
d 1902 07 21 04 48 00 GREE             0     0     0     0 2415951.70000   6.01   4.94
d 1902 07 22 04 48 00 GREE             0     0     0     0 2415952.70000   6.44   5.03
d 1902 07 23 12 00 00 GREE             0     0     0     0 2415954.00000   7.00   5.14
d 1902 07 24 12 00 00 GREE             0     0     0     0 2415955.00000   7.43   5.23
d 1902 07 25 04 48 00 GREE             0     0     0     0 2415955.70000   7.73   5.29
d 1902 07 26 09 36 00 GREE             0     0     0     0 2415956.90000   8.24   5.38
d 1902 07 27 04 48 00 GREE             0     0     0     0 2415957.70000   8.57   5.45
d 1902 07 28 09 36 00 GREE             0     0     0     0 2415958.90000   9.08   5.54
d 1902 07 29 12 00 00 GREE             0     0     0     0 2415960.00000   9.53   5.63
d 1902 07 31 12 00 00 GREE             0     0     0     0 2415962.00000  10.35   5.78
d 1902 08 02 12 00 00 GREE             0     0     0     0 2415964.00000  11.15   5.92
d 1902 08 03 14 24 00 GREE             0     0     0     0 2415965.10000  11.59   6.00
d 1902 08 04 12 00 00 GREE             0     0     0     0 2415966.00000  11.94   6.06
d 1902 08 05 04 48 00 GREE             0     0     0     0 2415966.70000  12.21   6.10
d 1902 08 06 04 48 00 GREE             0     0     0     0 2415967.70000  12.60   6.17
d 1902 08 07 03 10 00 GREE             0    10     0     7 2415968.63194  12.95   6.23
g 1902 08 07 03 10 00   4976           0    10     0     7 -25.70 153.40  27.90 219.50 0.6950 0 0
s 1902 08 07 03 10 00   4976     1     0    10     0     7 -25.70 153.40  27.90 219.50 0.6950 0 0
d 1902 08 10 14 24 00 GREE             0     0     0     0 2415972.10000  14.25   6.43
d 1902 08 11 09 36 00 GREE             0     0     0     0 2415972.90000  14.54   6.48
d 1902 08 12 02 24 00 GREE             0     0     0     0 2415973.60000  14.79   6.51
d 1902 08 13 04 48 00 GREE             0     0     0     0 2415974.70000  15.18   6.57
d 1902 08 15 14 24 00 GREE             0     0     0     0 2415977.10000  16.02   6.69
d 1902 08 16 02 24 00 GREE             0     0     0     0 2415977.60000  16.19   6.71
d 1902 08 17 04 19 00 GREE             4    21     4    19 2415978.67986  16.56   6.76
g 1902 08 17 04 19 00   4977           4    21     4    19  22.00 298.00 -54.60  67.90 0.8230 0 1
s 1902 08 17 04 19 00   4977     1     4    21     4    19  22.00 298.00 -54.60  67.90 0.8230 0 1
d 1902 08 18 04 19 00 GREE             5    14     4    10 2415979.67986  16.89   6.81
g 1902 08 18 04 19 00   4977           5    14     4    10  21.10 298.80 -40.60  65.70 0.6660 0 0
s 1902 08 18 04 19 00   4977     1     5    14     4    10  21.10 298.80 -40.60  65.70 0.6660 0 0
d 1902 08 19 09 36 00 GREE             0     0     0     0 2415980.90000  17.29   6.86
d 1902 08 20 12 01 00 GREE             0    40     0    25 2415982.00069  17.65   6.90
g 1902 08 20 12 01 00   4978           0    40     0    25  38.60 288.70 -20.10  26.50 0.5970 0 2
s 1902 08 20 12 01 00   4978     1     0    40     0    25  38.60 288.70 -20.10  26.50 0.5970 0 2
d 1902 08 21 09 36 00 GREE             0     0     0     0 2415982.90000  17.94   6.93
d 1902 08 22 09 36 00 GREE             0     0     0     0 2415983.90000  18.25   6.97
d 1902 08 23 04 48 00 GREE             0     0     0     0 2415984.70000  18.50   6.99
d 1902 08 24 14 13 01 GREE             5    22     3    12 2415986.09237  18.92   7.04
g 1902 08 24 14 13 01   4979           5    22     3    12  19.00 276.90  22.20 300.50 0.4030 0 7
s 1902 08 24 14 13 01   4979     1     5    22     3    12  19.00 276.90  22.20 300.50 0.4030 0 7
d 1902 08 25 12 00 00 GREE             0     0     0     0 2415987.00000  19.19   7.06
d 1902 08 26 14 24 00 GREE             0     0     0     0 2415988.10000  19.51   7.09
d 1902 08 28 12 00 00 GREE             0     0     0     0 2415990.00000  20.05   7.14
d 1902 08 29 09 36 00 GREE             0     0     0     0 2415990.90000  20.30   7.15
d 1902 08 30 04 48 00 GREE             0     0     0     0 2415991.70000  20.52   7.17
d 1902 08 31 04 48 00 GREE             0     0     0     0 2415992.70000  20.78   7.19
d 1902 09 01 12 00 00 GREE             0     0     0     0 2415994.00000  21.12   7.21
d 1902 09 02 04 48 00 GREE             0     0     0     0 2415994.70000  21.30   7.21
d 1902 09 03 12 00 00 GREE             0     0     0     0 2415996.00000  21.62   7.23
d 1902 09 04 09 36 00 GREE             0     0     0     0 2415996.90000  21.84   7.24
d 1902 09 06 12 00 00 GREE             0     0     0     0 2415999.00000  22.34   7.25
d 1902 09 07 12 00 00 GREE             0     0     0     0 2416000.00000  22.56   7.25
d 1902 09 08 09 36 00 GREE             0     0     0     0 2416000.90000  22.76   7.25
d 1902 09 09 04 48 00 GREE             0     0     0     0 2416001.70000  22.93   7.25
d 1902 09 10 12 00 00 GREE             0     0     0     0 2416003.00000  23.21   7.24
d 1902 09 11 07 12 00 GREE             0     0     0     0 2416003.80000  23.37   7.24
d 1902 09 12 14 24 00 GREE             0     0     0     0 2416005.10000  23.62   7.23
d 1902 09 13 09 36 00 GREE             0     0     0     0 2416005.90000  23.77   7.22
d 1902 09 14 02 24 00 GREE             0     0     0     0 2416006.60000  23.90   7.21
d 1902 09 15 04 48 00 GREE             0     0     0     0 2416007.70000  24.10   7.20
d 1902 09 16 09 36 00 GREE             0     0     0     0 2416008.90000  24.31   7.18
d 1902 09 17 09 36 00 GREE             0     0     0     0 2416009.90000  24.48   7.16
d 1902 09 18 10 43 01 GREE             0    35     0    19 2416010.94654  24.64   7.14
g 1902 09 18 10 43 01   4980           0    35     0    19  22.70 269.40 -17.00  44.60 0.3840 0 6
s 1902 09 18 10 43 01   4980     1     0    35     0    19  22.70 269.40 -17.00  44.60 0.3840 0 6
d 1902 09 19 10 30 01 GREE            30    86    16    45 2416011.93751  24.79   7.11
g 1902 09 19 10 30 01   4980          30    86    16    45  22.70 268.90  -4.40  14.70 0.2780 0 6
s 1902 09 19 10 30 01   4980     1    30    86    16    45  22.70 268.90  -4.40  14.70 0.2780 0 6
d 1902 09 20 09 59 00 GREE            17    95     9    50 2416012.91597  24.94   7.09
g 1902 09 20 09 59 00   4980          17    95     9    50  22.70 268.80   8.40 333.50 0.3020 0 6
s 1902 09 20 09 59 00   4980     1    17    95     9    50  22.70 268.80   8.40 333.50 0.3020 0 6
d 1902 09 21 10 45 00 GREE            34   166    19   175 2416013.94792  25.08   7.06
g 1902 09 21 10 45 00   4980          34   134    19    75  22.50 268.50  21.70 308.90 0.4390 0 6
s 1902 09 21 10 45 00   4980     1    34   134    19    75  22.50 268.50  21.70 308.90 0.4390 0 6
g 1902 09 21 10 45 00   4981           0    32     0   100  20.10 164.00 -82.80  70.70 0.9870 0 0
s 1902 09 21 10 45 00   4981     1     0    32     0   100  20.10 164.00 -82.80  70.70 0.9870 0 0
d 1902 09 22 11 15 00 GREE            45   256    87   425 2416014.96875  25.22   7.03
g 1902 09 22 11 15 00   4980           0    41     0    26  22.00 268.70  35.40 297.50 0.6060 0 2
s 1902 09 22 11 15 00   4980     1     0    41     0    26  22.00 268.70  35.40 297.50 0.6060 0 2
g 1902 09 22 11 15 00   4981           8    58    12    86  20.60 161.90 -71.40  70.60 0.9410 0 0
s 1902 09 22 11 15 00   4981     1     8    58    12    86  20.60 161.90 -71.40  70.60 0.9410 0 0
g 1902 09 22 11 15 00   4982          37   157    75   313 -20.90 161.90 -71.40 113.80 0.9680 0 0
s 1902 09 22 11 15 00   4982     1    37   157    75   313 -20.90 161.90 -71.40 113.80 0.9680 0 0
d 1902 09 23 05 29 01 GREE            53   310    64   376 2416015.72848  25.31   7.01
g 1902 09 23 05 29 01   4980           0     6     0     5  21.80 269.00  45.70 293.60 0.7280 0 2
s 1902 09 23 05 29 01   4980     1     0     6     0     5  21.80 269.00  45.70 293.60 0.7280 0 2
g 1902 09 23 05 29 01   4981          20    73    21    77  20.00 161.40 -61.90  71.00 0.8770 0 0
s 1902 09 23 05 29 01   4981     1    20    73    21    77  20.00 161.40 -61.90  71.00 0.8770 0 0
g 1902 09 23 05 29 01   4982          33   231    43   294 -21.40 161.60 -61.70 116.90 0.9190 0 0
s 1902 09 23 05 29 01   4982     1    33   231    43   294 -21.40 161.60 -61.70 116.90 0.9190 0 0
d 1902 09 24 11 42 01 GREE            70   330    57   266 2416016.98751  25.47   6.97
g 1902 09 24 11 42 01   4981          13    56    10    41  20.10 160.90 -45.60  68.70 0.7200 0 2
s 1902 09 24 11 42 01   4981     1    13    56    10    41  20.10 160.90 -45.60  68.70 0.7200 0 2
g 1902 09 24 11 42 01   4982          57   274    47   225 -20.90 161.30 -45.20 123.20 0.7920 0 5
s 1902 09 24 11 42 01   4982     1    57   274    47   225 -20.90 161.30 -45.20 123.20 0.7920 0 5
d 1902 09 25 11 11 00 GREE            70   326    48   221 2416017.96597  25.58   6.93
g 1902 09 25 11 11 00   4982          70   326    48   221 -20.90 161.40 -32.60 131.70 0.6740 0 5
s 1902 09 25 11 11 00   4982     1    70   326    48   221 -20.90 161.40 -32.60 131.70 0.6740 0 5
d 1902 09 26 11 05 00 GREE            55   343    33   206 2416018.96181  25.68   6.89
g 1902 09 26 11 05 00   4982          55   343    33   206 -20.70 161.30 -19.30 145.90 0.5520 0 5
s 1902 09 26 11 05 00   4982     1    55   343    33   206 -20.70 161.30 -19.30 145.90 0.5520 0 5
d 1902 09 27 11 19 01 GREE            40   303    23   172 2416019.97154  25.78   6.85
g 1902 09 27 11 19 01   4982          40   303    23   172 -20.80 161.30  -6.00 168.10 0.4730 0 5
s 1902 09 27 11 19 01   4982     1    40   303    23   172 -20.80 161.30  -6.00 168.10 0.4730 0 5
d 1902 09 28 11 42 01 GREE            51   250    29   142 2416020.98751  25.88   6.81
g 1902 09 28 11 42 01   4982          51   250    29   142 -20.60 161.20   7.30 194.50 0.4740 0 5
s 1902 09 28 11 42 01   4982     1    51   250    29   142 -20.60 161.20   7.30 194.50 0.4740 0 5
d 1902 09 29 13 29 00 GREE            33   191    20   116 2416022.06181  25.97   6.76
g 1902 09 29 13 29 00   4982          33   191    20   116 -20.70 160.50  20.80 216.20 0.5630 0 5
s 1902 09 29 13 29 00   4982     1    33   191    20   116 -20.70 160.50  20.80 216.20 0.5630 0 5
d 1902 09 30 04 03 00 GREE            23   104    15    68 2416022.66875  26.02   6.74
g 1902 09 30 04 03 00   4982          23   104    15    68 -21.00 160.60  28.70 224.80 0.6360 0 5
s 1902 09 30 04 03 00   4982     1    23   104    15    68 -21.00 160.60  28.70 224.80 0.6360 0 5
d 1902 10 01 06 53 00 GREE            18    53    15    43 2416023.78681  26.10   6.68
g 1902 10 01 06 53 00   4982          18    53    15    43 -20.80 160.90  43.90 236.40 0.7790 0 5
s 1902 10 01 06 53 00   4982     1    18    53    15    43 -20.80 160.90  43.90 236.40 0.7790 0 5
d 1902 10 02 03 31 01 GREE             7    32     8    33 2416024.64654  26.16   6.64
g 1902 10 02 03 31 01   4982           7    32     8    33 -21.10 160.70  55.10 241.30 0.8720 0 5
s 1902 10 02 03 31 01   4982     1     7    32     8    33 -21.10 160.70  55.10 241.30 0.8720 0 5
d 1902 10 03 04 48 00 GREE             0     0     0     0 2416025.70000  26.22   6.59
d 1902 10 04 04 48 00 GREE             0     0     0     0 2416026.70000  26.28   6.53
d 1902 10 05 02 58 01 GREE            21    95    34   151 2416027.62362  26.32   6.48
g 1902 10 05 02 58 01   4983          21    95    34   151  10.00 354.00 -72.40  81.60 0.9490 0 6
s 1902 10 05 02 58 01   4983     1    21    95    34   151  10.00 354.00 -72.40  81.60 0.9490 0 6
d 1902 10 06 03 43 00 GREE            57   426    54   402 2416028.65486  26.36   6.42
g 1902 10 06 03 43 00   4983          57   426    54   402   9.70 354.30 -58.50  82.50 0.8480 0 6
s 1902 10 06 03 43 00   4983     1    57   426    54   402   9.70 354.30 -58.50  82.50 0.8480 0 6
d 1902 10 07 03 40 00 GREE            86   523    59   361 2416029.65278  26.39   6.37
g 1902 10 07 03 40 00   4983          79   502    55   349   9.90 355.30 -44.30  82.30 0.6940 0 6
s 1902 10 07 03 40 00   4983     1    79   502    55   349   9.90 355.30 -44.30  82.30 0.6940 0 6
g 1902 10 07 03 40 00   4984           7    21     4    12  22.00  18.50 -21.10  50.30 0.4340 0 2
s 1902 10 07 03 40 00   4984     1     7    21     4    12  22.00  18.50 -21.10  50.30 0.4340 0 2
d 1902 10 08 10 17 01 GREE           125   686    69   380 2416030.92848  26.42   6.29
g 1902 10 08 10 17 01   4983         102   619    57   345   9.70 356.60 -26.10  80.80 0.4390 0 5
s 1902 10 08 10 17 01   4983     1   102   619    57   345   9.70 356.60 -26.10  80.80 0.4390 0 5
g 1902 10 08 10 17 01   4984          23    67    12    35  21.70  19.50  -2.30  10.90 0.2730 0 2
s 1902 10 08 10 17 01   4984     1    23    67    12    35  21.70  19.50  -2.30  10.90 0.2730 0 2
d 1902 10 09 07 10 01 GREE           107   556    56   288 2416031.79862  26.44   6.23
g 1902 10 09 07 10 01   4983         102   538    53   278   9.60 356.90 -14.30  75.60 0.2510 0 5
s 1902 10 09 07 10 01   4983     1   102   538    53   278   9.60 356.90 -14.30  75.60 0.2510 0 5
g 1902 10 09 07 10 01   4984           5    18     3    10  21.70  21.20  10.00 329.00 0.3130 0 9
s 1902 10 09 07 10 01   4984     1     5    18     3    10  21.70  21.20  10.00 329.00 0.3130 0 9
d 1902 10 10 10 59 01 GREE            61   362    31   182 2416032.95765  26.45   6.16
g 1902 10 10 10 59 01   4983          61   362    31   182   9.80 358.40   2.40 327.40 0.0770 0 5
s 1902 10 10 10 59 01   4983     1    61   362    31   182   9.80 358.40   2.40 327.40 0.0770 0 5
d 1902 10 11 03 30 00 GREE            52   297    27   152 2416033.64583  26.45   6.11
g 1902 10 11 03 30 00   4983          52   297    27   152   9.60 358.70  11.80 287.90 0.2120 0 5
s 1902 10 11 03 30 00   4983     1    52   297    27   152   9.60 358.70  11.80 287.90 0.2120 0 5
d 1902 10 12 11 54 00 GREE            62   297    36   171 2416034.99583  26.44   6.02
g 1902 10 12 11 54 00   4983          62   297    36   171   9.30 358.70  29.60 278.50 0.4930 0 5
s 1902 10 12 11 54 00   4983     1    62   297    36   171   9.30 358.70  29.60 278.50 0.4930 0 5
d 1902 10 13 07 19 00 GREE            44   248    29   163 2416035.80486  26.43   5.96
g 1902 10 13 07 19 00   4983          44   248    29   163   9.80 359.10  40.70 278.20 0.6490 0 5
s 1902 10 13 07 19 00   4983     1    44   248    29   163   9.80 359.10  40.70 278.20 0.6490 0 5
d 1902 10 14 13 33 01 GREE            30   155    28   143 2416037.06459  26.40   5.87
g 1902 10 14 13 33 01   4983          30   155    28   143   9.40 359.30  57.60 277.50 0.8400 0 0
s 1902 10 14 13 33 01   4983     1    30   155    28   143   9.40 359.30  57.60 277.50 0.8400 0 0
d 1902 10 15 06 53 00 GREE            21   107    26   130 2416037.78681  26.38   5.82
g 1902 10 15 06 53 00   4983          21   107    26   130  10.00 358.40  66.10 278.40 0.9100 0 0
s 1902 10 15 06 53 00   4983     1    21   107    26   130  10.00 358.40  66.10 278.40 0.9100 0 0
d 1902 10 16 14 36 01 GREE             0    24     0   122 2416039.10834  26.34   5.72
g 1902 10 16 14 36 01   4983           0    24     0   122   9.30   0.10  85.20 278.80 0.9950 0 0
s 1902 10 16 14 36 01   4983     1     0    24     0   122   9.30   0.10  85.20 278.80 0.9950 0 0
d 1902 10 17 09 36 00 GREE             0     0     0     0 2416039.90000  26.30   5.65
d 1902 10 18 07 12 00 GREE             0     0     0     0 2416040.80000  26.25   5.58
d 1902 10 19 12 00 00 GREE             0     0     0     0 2416042.00000  26.18   5.49
d 1902 10 20 07 12 00 GREE             0     0     0     0 2416042.80000  26.13   5.42
d 1902 10 21 11 13 01 GREE             9    28     6    18 2416043.96737  26.04   5.32
g 1902 10 21 11 13 01   4985           9    28     6    18  23.50 243.40  32.70 303.30 0.5930 0 9
s 1902 10 21 11 13 01   4985     1     9    28     6    18  23.50 243.40  32.70 303.30 0.5930 0 9
d 1902 10 22 10 32 00 GREE             7    55     5    39 2416044.93889  25.96   5.24
g 1902 10 22 10 32 00   4985           0    11     0     9  21.60 245.80  47.90 294.20 0.7560 0 9
s 1902 10 22 10 32 00   4985     1     0    11     0     9  21.60 245.80  47.90 294.20 0.7560 0 9
g 1902 10 22 10 32 00   4986           7    44     5    30 -20.80 163.50 -34.40 128.70 0.6770 0 9
s 1902 10 22 10 32 00   4986     1     7    44     5    30 -20.80 163.50 -34.40 128.70 0.6770 0 9
d 1902 10 23 03 30 00 GREE            34   202    21   125 2416045.64583  25.90   5.17
g 1902 10 23 03 30 00   4986          34   202    21   125 -21.10 163.60 -25.00 137.70 0.5860 0 9
s 1902 10 23 03 30 00   4986     1    34   202    21   125 -21.10 163.60 -25.00 137.70 0.5860 0 9
d 1902 10 24 11 47 00 GREE           101   620    57   367 2416046.99097  25.77   5.05
g 1902 10 24 11 47 00   4986         101   607    57   340 -21.00 165.10  -5.80 167.80 0.4480 0 5
s 1902 10 24 11 47 00   4986     1   101   607    57   340 -21.00 165.10  -5.80 167.80 0.4480 0 5
g 1902 10 24 11 47 00   4987           0    13     0    27 -17.80  97.80 -73.10 109.80 0.9680 0 2
s 1902 10 24 11 47 00   4987     1     0    13     0    27 -17.80  97.80 -73.10 109.80 0.9680 0 2
d 1902 10 25 04 36 00 GREE            59   474    33   270 2416047.69167  25.69   4.99
g 1902 10 25 04 36 00   4986          59   469    33   262 -20.90 167.20   5.50 191.60 0.4440 0 5
s 1902 10 25 04 36 00   4986     1    59   469    33   262 -20.90 167.20   5.50 191.60 0.4440 0 5
g 1902 10 25 04 36 00   4987           0     5     0     8 -20.20  96.90 -64.80 114.00 0.9300 0 2
s 1902 10 25 04 36 00   4987     1     0     5     0     8 -20.20  96.90 -64.80 114.00 0.9300 0 2
d 1902 10 26 03 30 00 GREE            92   545    54   323 2416048.64583  25.59   4.90
g 1902 10 26 03 30 00   4986          92   537    54   315 -20.80 167.60  18.50 214.70 0.5210 0 5
s 1902 10 26 03 30 00   4986     1    92   537    54   315 -20.80 167.60  18.50 214.70 0.5210 0 5
g 1902 10 26 03 30 00   4987           0     8     0     8 -18.10  96.50 -52.60 115.40 0.8360 0 0
s 1902 10 26 03 30 00   4987     1     0     8     0     8 -18.10  96.50 -52.60 115.40 0.8360 0 0
d 1902 10 27 03 21 01 GREE            77   506    51   333 2416049.63959  25.47   4.81
g 1902 10 27 03 21 01   4986          77   501    51   329 -20.00 168.50  32.50 231.20 0.6480 0 5
s 1902 10 27 03 21 01   4986     1    77   501    51   329 -20.00 168.50  32.50 231.20 0.6480 0 5
g 1902 10 27 03 21 01   4987           0     5     0     4 -18.90  95.90 -40.10 122.10 0.7190 0 0
s 1902 10 27 03 21 01   4987     1     0     5     0     4 -18.90  95.90 -40.10 122.10 0.7190 0 0
d 1902 10 28 02 52 01 GREE            77   532    61   411 2416050.61946  25.34   4.72
g 1902 10 28 02 52 01   4986          65   412    53   335 -20.30 169.50  46.50 239.70 0.7880 0 5
s 1902 10 28 02 52 01   4986     1    65   412    53   335 -20.30 169.50  46.50 239.70 0.7880 0 5
g 1902 10 28 02 52 01   4987          11    91     7    55 -20.30 100.20 -22.80 138.80 0.5520 0 5
s 1902 10 28 02 52 01   4987     1    11    91     7    55 -20.30 100.20 -22.80 138.80 0.5520 0 5
g 1902 10 28 02 52 01   4988           1    29     1    21 -33.20 153.10  30.10 214.50 0.7270 0 2
s 1902 10 28 02 52 01   4988     1     1    29     1    21 -33.20 153.10  30.10 214.50 0.7270 0 2
d 1902 10 29 10 13 00 GREE            35   205    44   253 2416051.92569  25.17   4.59
g 1902 10 29 10 13 00   4986          28   166    40   231 -20.00 171.40  65.60 246.50 0.9330 0 5
s 1902 10 29 10 13 00   4986     1    28   166    40   231 -20.00 171.40  65.60 246.50 0.9330 0 5
g 1902 10 29 10 13 00   4987           7    39     4    22 -20.50 102.70  -3.10 173.20 0.4260 0 9
s 1902 10 29 10 13 00   4987     1     7    39     4    22 -20.50 102.70  -3.10 173.20 0.4260 0 9
d 1902 10 30 12 46 00 GREE             5    36     3   153 2416053.03194  25.01   4.48
g 1902 10 30 12 46 00   4986           0    26     0   147 -20.50 173.80  82.60 248.90 0.9960 0 0
s 1902 10 30 12 46 00   4986     1     0    26     0   147 -20.50 173.80  82.60 248.90 0.9960 0 0
g 1902 10 30 12 46 00   4987           5    10     3     6 -21.10 104.00  12.80 205.70 0.4760 0 9
s 1902 10 30 12 46 00   4987     1     5    10     3     6 -21.10 104.00  12.80 205.70 0.4760 0 9
d 1902 10 31 12 00 00 GREE             0     0     0     0 2416054.00000  24.86   4.38
d 1902 11 01 12 00 00 GREE             0     0     0     0 2416055.00000  24.69   4.28
d 1902 11 02 12 00 00 GREE             0     0     0     0 2416056.00000  24.53   4.18
d 1902 11 03 02 24 00 GREE             0     0     0     0 2416056.60000  24.42   4.12
d 1902 11 04 12 00 00 GREE             0     0     0     0 2416058.00000  24.16   3.97
d 1902 11 05 04 48 00 GREE             0     0     0     0 2416058.70000  24.03   3.89
d 1902 11 06 12 00 00 GREE             0     0     0     0 2416060.00000  23.77   3.75
d 1902 11 07 12 00 00 GREE             0     0     0     0 2416061.00000  23.56   3.65
d 1902 11 08 14 24 00 GREE             0     0     0     0 2416062.10000  23.32   3.52
d 1902 11 09 12 00 00 GREE             0     0     0     0 2416063.00000  23.12   3.42
d 1902 11 10 04 48 00 GREE             0     0     0     0 2416063.70000  22.96   3.35
d 1902 11 11 07 12 00 GREE             0     0     0     0 2416064.80000  22.69   3.22
d 1902 11 12 12 00 00 GREE             0     0     0     0 2416066.00000  22.40   3.08
d 1902 11 13 09 36 00 GREE             0     0     0     0 2416066.90000  22.17   2.98
d 1902 11 14 03 10 00 GREE             1    35     1    55 2416067.63194  21.98   2.89
g 1902 11 14 03 10 00   4989           1    18     1    11  20.00 287.80  29.00 303.50 0.5460 0 1
s 1902 11 14 03 10 00   4989     1     1    18     1    11  20.00 287.80  29.00 303.50 0.5460 0 1
g 1902 11 14 03 10 00   4990           0    17     0    44  15.20 179.50 -79.30  75.10 0.9810 0 2
s 1902 11 14 03 10 00   4990     1     0    17     0    44  15.20 179.50 -79.30  75.10 0.9810 0 2
d 1902 11 15 03 56 00 GREE             8    72    10    90 2416068.66389  21.70   2.77
g 1902 11 15 03 56 00   4989           6    27     5    20  20.30 289.70  44.50 295.60 0.7290 0 1
s 1902 11 15 03 56 00   4989     1     6    27     5    20  20.30 289.70  44.50 295.60 0.7290 0 1
g 1902 11 15 03 56 00   4990           0    22     1    28  14.90 179.50 -65.70  74.90 0.9120 0 2
s 1902 11 15 03 56 00   4990     1     0    22     1    28  14.90 179.50 -65.70  74.90 0.9120 0 2
g 1902 11 15 03 56 00   4991           0     6     0    12 -20.60 172.20 -73.00 112.10 0.9660 0 0
s 1902 11 15 03 56 00   4991     1     0     6     0    12 -20.60 172.20 -73.00 112.10 0.9660 0 0
g 1902 11 15 03 56 00   4992           2    17     4    30  18.30 171.80 -73.40  71.70 0.9580 0 0
s 1902 11 15 03 56 00   4992     1     2    17     4    30  18.30 171.80 -73.40  71.70 0.9580 0 0
d 1902 11 16 12 01 00 GREE            17    74    15    66 2416070.00069  21.33   2.62
g 1902 11 16 12 01 00   4989           0     7     0     9  19.90 291.10  63.60 290.90 0.9010 0 0
s 1902 11 16 12 01 00   4989     1     0     7     0     9  19.90 291.10  63.60 290.90 0.9010 0 0
g 1902 11 16 12 01 00   4990           8    36     6    27  15.00 181.20 -46.30  71.90 0.7350 0 2
s 1902 11 16 12 01 00   4990     1     8    36     6    27  15.00 181.20 -46.30  71.90 0.7350 0 2
g 1902 11 16 12 01 00   4991           7    19     7    19 -20.60 172.90 -54.60 116.20 0.8510 0 0
s 1902 11 16 12 01 00   4991     1     7    19     7    19 -20.60 172.90 -54.60 116.20 0.8510 0 0
g 1902 11 16 12 01 00   4992           2    12     2    11  17.90 172.70 -54.80  70.10 0.8270 0 2
s 1902 11 16 12 01 00   4992     1     2    12     2    11  17.90 172.70 -54.80  70.10 0.8270 0 2
d 1902 11 17 11 11 00 GREE            16    59    10    36 2416070.96597  21.05   2.50
g 1902 11 17 11 11 00   4990          16    59    10    36  14.90 181.60 -33.10  67.30 0.5750 0 2
s 1902 11 17 11 11 00   4990     1    16    59    10    36  14.90 181.60 -33.10  67.30 0.5750 0 2
d 1902 11 18 11 09 01 GREE            72   311    39   168 2416071.96459  20.76   2.38
g 1902 11 18 11 09 01   4990          72   311    39   168  14.20 182.50 -19.00  56.60 0.3780 0 7
s 1902 11 18 11 09 01   4990     1    72   311    39   168  14.20 182.50 -19.00  56.60 0.3780 0 7
d 1902 11 19 08 57 00 GREE           118   707    61   365 2416072.87292  20.49   2.27
g 1902 11 19 08 57 00   4990         118   707    61   365  14.60 182.30  -7.40  30.10 0.2490 0 7
s 1902 11 19 08 57 00   4990     1   118   707    61   365  14.60 182.30  -7.40  30.10 0.2490 0 7
d 1902 11 20 03 54 01 GREE           154   772    79   396 2416073.66251  20.24   2.18
g 1902 11 20 03 54 01   4990         154   772    79   396  14.60 182.10   2.80 347.70 0.2220 0 4
s 1902 11 20 03 54 01   4990     1   154   772    79   396  14.60 182.10   2.80 347.70 0.2220 0 4
d 1902 11 21 03 27 00 GREE           163  1066    87   568 2416074.64375  19.94   2.06
g 1902 11 21 03 27 00   4990         163  1066    87   568  14.60 182.30  16.00 309.40 0.3450 0 4
s 1902 11 21 03 27 00   4990     1   163  1066    87   568  14.60 182.30  16.00 309.40 0.3450 0 4
d 1902 11 22 03 48 01 GREE           159   880    93   512 2416075.65834  19.61   1.93
g 1902 11 22 03 48 01   4990         159   880    93   512  14.40 183.00  30.10 294.50 0.5340 0 4
s 1902 11 22 03 48 01   4990     1   159   880    93   512  14.40 183.00  30.10 294.50 0.5340 0 4
d 1902 11 23 10 39 00 GREE            73   661    55   495 2416076.94375  19.19   1.77
g 1902 11 23 10 39 00   4990          73   661    55   495  14.60 182.80  46.90 288.20 0.7440 0 4
s 1902 11 23 10 39 00   4990     1    73   661    55   495  14.60 182.80  46.90 288.20 0.7440 0 4
d 1902 11 24 06 18 01 GREE            77   690    76   679 2416077.76251  18.92   1.67
g 1902 11 24 06 18 01   4990          77   690    76   679  14.60 184.00  58.80 286.00 0.8610 0 4
s 1902 11 24 06 18 01   4990     1    77   690    76   679  14.60 184.00  58.80 286.00 0.8610 0 4
d 1902 11 25 04 19 00 GREE            50   478    79   752 2416078.67986  18.60   1.56
g 1902 11 25 04 19 00   4990          50   478    79   752  14.80 184.20  71.10 285.10 0.9480 0 4
s 1902 11 25 04 19 00   4990     1    50   478    79   752  14.80 184.20  71.10 285.10 0.9480 0 4
d 1902 11 26 06 41 01 GREE            10   104    30   294 2416079.77848  18.22   1.42
g 1902 11 26 06 41 01   4990          10   104    30   294  14.20 178.40  79.80 284.20 0.9840 0 4
s 1902 11 26 06 41 01   4990     1    10   104    30   294  14.20 178.40  79.80 284.20 0.9840 0 4
d 1902 11 27 03 12 01 GREE             0     3     0     2 2416080.63334  17.92   1.31
g 1902 11 27 03 12 01   4993           0     3     0     2 -15.00 137.20  49.90 249.70 0.7880 0 0
s 1902 11 27 03 12 01   4993     1     0     3     0     2 -15.00 137.20  49.90 249.70 0.7880 0 0
d 1902 11 28 06 07 00 GREE             1     7     2    11 2416081.75486  17.51   1.17
g 1902 11 28 06 07 00   4994           1     7     2    11  17.50 143.60  71.10 288.50 0.9480 0 2
s 1902 11 28 06 07 00   4994     1     1     7     2    11  17.50 143.60  71.10 288.50 0.9480 0 2
d 1902 11 29 04 48 00 GREE             0     0     0     0 2416082.70000  17.16   1.05
d 1902 11 30 04 48 00 GREE             0     0     0     0 2416083.70000  16.79   0.93
d 1902 12 01 04 48 00 GREE             0     0     0     0 2416084.70000  16.41   0.80
d 1902 12 02 10 30 01 GREE             0    14     0     8 2416085.93751  15.93   0.64
g 1902 12 02 10 30 01  4994a           0    14     0     8  -4.20  37.70  20.30 256.40 0.3560 0 2
s 1902 12 02 10 30 01  4994a     1     0    14     0     8  -4.20  37.70  20.30 256.40 0.3560 0 2
d 1902 12 04 09 36 00 GREE             0     0     0     0 2416087.90000  15.15   0.39
d 1902 12 05 04 48 00 GREE             0     0     0     0 2416088.70000  14.83   0.29
d 1902 12 06 04 48 00 GREE             0     0     0     0 2416089.70000  14.42   0.16
d 1902 12 07 07 12 00 GREE             0     0     0     0 2416090.80000  13.96   0.02
d 1902 12 08 04 48 00 GREE             0     0     0     0 2416091.70000  13.58  -0.10
d 1902 12 09 04 48 00 GREE             0     0     0     0 2416092.70000  13.16  -0.23
d 1902 12 10 07 12 00 GREE             0     0     0     0 2416093.80000  12.68  -0.37
d 1902 12 11 04 48 00 GREE             0     0     0     0 2416094.70000  12.29  -0.48
d 1902 12 12 11 26 01 GREE             0    23     0    20 2416095.97640  11.73  -0.64
g 1902 12 12 11 26 01   4995           0    23     0    20  16.50 192.40 -52.70  69.10 0.8190 0 0
s 1902 12 12 11 26 01   4995     1     0    23     0    20  16.50 192.40 -52.70  69.10 0.8190 0 0
d 1902 12 13 04 48 00 GREE             0     0     0     0 2416096.70000  11.41  -0.74
d 1902 12 14 04 26 00 GREE             0    21     0    12 2416097.68472  10.97  -0.86
g 1902 12 14 04 26 00   4996           0    21     0    12 -19.00 239.10  16.40 220.60 0.4110 0 2
s 1902 12 14 04 26 00   4996     1     0    21     0    12 -19.00 239.10  16.40 220.60 0.4110 0 2
d 1902 12 15 09 36 00 GREE             0     0     0     0 2416098.90000  10.42  -1.02
d 1902 12 16 04 13 00 GREE             4    51     3    36 2416099.67569  10.07  -1.12
g 1902 12 16 04 13 00   4997           4    51     3    36  23.10 235.10  38.60 305.30 0.7030 0 2
s 1902 12 16 04 13 00   4997     1     4    51     3    36  23.10 235.10  38.60 305.30 0.7030 0 2
d 1902 12 17 04 27 01 GREE             4    35     4    33 2416100.68543   9.60  -1.24
g 1902 12 17 04 27 01   4997           4    35     4    33  22.40 236.60  53.50 297.90 0.8410 0 2
s 1902 12 17 04 27 01   4997     1     4    35     4    33  22.40 236.60  53.50 297.90 0.8410 0 2
d 1902 12 18 09 36 00 GREE             0     0     0     0 2416101.90000   9.04  -1.40
d 1902 12 20 04 48 00 GREE             0     0     0     0 2416103.70000   8.20  -1.62
d 1902 12 21 07 12 00 GREE             0     0     0     0 2416104.80000   7.68  -1.76
d 1902 12 22 04 48 00 GREE             0     0     0     0 2416105.70000   7.26  -1.87
d 1902 12 23 07 12 00 GREE             0     0     0     0 2416106.80000   6.73  -2.01
d 1902 12 24 12 00 00 GREE             0     0     0     0 2416108.00000   6.16  -2.16
d 1902 12 25 07 12 00 GREE             0     0     0     0 2416108.80000   5.77  -2.26
d 1902 12 26 04 48 00 GREE             0     0     0     0 2416109.70000   5.34  -2.37
d 1902 12 27 09 36 00 GREE             0     0     0     0 2416110.90000   4.76  -2.51
d 1902 12 28 12 00 00 GREE             0     0     0     0 2416112.00000   4.23  -2.64
d 1902 12 29 09 36 00 GREE             0     0     0     0 2416112.90000   3.79  -2.75
d 1902 12 30 09 36 00 GREE             0     0     0     0 2416113.90000   3.30  -2.87
d 1902 12 31 04 48 00 GREE             0     0     0     0 2416114.70000   2.91  -2.96
